0	0
1	0
2	0
3	0
4	0
5	0
6	0
7	0
8	0
9	0
10	0
11	0
12	0
13	0
14	0
15	0
16	0
17	0
18	0
19	0
20	0
21	0
22	0
23	0
24	0
25	0
26	0
27	0
28	0
29	0
30	0
31	0
32	0
33	0
34	0
35	0
36	0
37	0
38	0
39	0
40	0
41	0
42	0
43	0
44	0
45	0
46	0
47	0
48	0
49	0
50	0
51	0
52	0
53	0
54	0
55	0
56	0
57	0
58	0
59	0
60	0
61	0
62	0
63	0
64	0
65	0
66	0
67	0
68	0
69	0
70	0
71	0
72	0
73	0
74	0
75	0
76	0
77	0
78	0
79	0
80	0
81	0
82	0
83	0
84	0
85	0
86	0
87	0
88	0
89	0
90	0
91	0
92	0
93	0
94	0
95	0
96	0
97	0
98	0
99	0
100	0
101	0
102	0
103	0
104	0
105	0
106	0
107	0
108	0
109	0
110	0
111	0
112	0
113	0
114	0
115	0
116	0
117	0
118	0
119	0
120	0
121	0
122	0
123	0
124	0
125	0
126	0
127	0
128	0
129	0
130	0
131	0
132	0
133	0
134	0
135	0
136	0
137	0
138	0
139	0
140	0
141	0
142	0
143	0
144	0
145	0
146	0
147	0
148	0
149	0
150	0
151	0
152	0
153	0
154	0
155	0
156	0
157	0
158	0
159	0
160	0
161	0
162	0
163	0
164	0
165	0
166	0
167	0
168	0
169	0
170	0
171	0
172	0
173	0
174	0
175	0
176	0
177	0
178	0
179	0
180	0
181	0
182	0
183	0
184	0
185	0
186	0
187	0
188	0
189	0
190	0
191	0
192	0
193	0
194	0
195	0
196	0
197	0
198	0
199	0
200	0
201	0
202	0
203	0
204	0
205	0
206	0
207	0
208	0
209	0
210	0
211	0
212	0
213	0
214	0
215	0
216	0
217	0
218	0
219	0
220	0
221	0
222	0
223	0
224	0
225	0
226	0
227	0
228	0
229	0
230	0
231	0
232	0
233	0
234	0
235	0
236	0
237	0
238	0
239	0
240	0
241	0
242	0
243	0
244	0
245	0
246	0
247	0
248	0
249	0
250	0
251	0
252	0
253	0
254	0
255	0
256	0
257	0
258	0
259	0
260	0
261	0
262	0
263	0
264	0
265	0
266	0
267	0
268	0
269	0
270	0
271	0
272	0
273	0
274	0
275	0
276	0
277	0
278	0
279	0
280	0
281	0
282	0
283	0
284	0
285	0
286	0
287	0
288	0
289	0
290	0
291	0
292	0
293	0
294	0
295	0
296	0
297	0
298	0
299	0
300	0
301	0
302	0
303	0
304	0
305	0
306	0
307	0
308	0
309	0
310	0
311	0
312	0
313	0
314	0
315	0
316	0
317	0
318	0
319	0
320	0
321	0
322	0
323	0
324	0
325	0
326	0
327	0
328	0
329	0
330	0
331	0
332	0
333	0
334	0
335	0
336	0
337	0
338	0
339	0
340	0
341	0
342	0
343	0
344	0
345	0
346	0
347	0
348	0
349	0
350	0
351	0
352	0
353	0
354	0
355	0
356	0
357	0
358	0
359	0
360	0
361	0
362	0
363	0
364	0
365	0
366	0
367	0
368	0
369	0
370	0
371	0
372	0
373	0
374	0
375	0
376	0
377	0
378	0
379	0
380	0
381	0
382	0
383	0
384	0
385	0
386	0
387	0
388	0
389	0
390	0
391	0
392	0
393	0
394	0
395	0
396	0
397	0
398	0
399	0
400	0
401	0
402	0
403	0
404	0
405	0
406	0
407	0
408	0
409	0
410	0
411	0
412	0
413	0
414	0
415	0
416	0
417	0
418	0
419	0
420	0
421	0
422	0
423	0
424	0
425	0
426	0
427	0
428	0
429	0
430	0
431	0
432	0
433	0
434	0
435	0
436	0
437	0
438	0
439	0
440	0
441	0
442	0
443	0
444	0
445	0
446	0
447	0
448	0
449	0
450	0
451	0
452	0
453	0
454	0
455	0
456	0
457	0
458	0
459	0
460	0
461	0
462	0
463	0
464	0
465	0
466	0
467	0
468	0
469	0
470	0
471	0
472	0
473	0
474	0
475	0
476	0
477	0
478	0
479	0
480	0
481	0
482	0
483	0
484	0
485	0
486	0
487	0
488	0
489	0
490	0
491	0
492	0
493	0
494	0
495	0
496	0
497	0
498	0
499	0
500	0
501	0
502	0
503	0
504	0
505	0
506	0
507	0
508	0
509	0
510	0
511	0
512	0
513	0
514	0
515	0
516	0
517	0
518	0
519	0
520	0
521	0
522	0
523	0
524	0
525	0
526	0
527	0
528	0
529	0
530	0
531	0
532	0
533	0
534	0
535	0
536	0
537	0
538	0
539	0
540	0
541	1
542	2
543	12
544	37
545	46
546	46
547	40
548	44
549	42
550	37
551	41
552	41
553	41
554	44
555	39
556	32
557	43
558	43
559	48
560	37
561	38
562	59
563	44
564	26
565	40
566	46
567	34
568	37
569	47
570	37
571	38
572	50
573	56
574	55
575	41
576	45
577	56
578	47
579	37
580	53
581	42
582	52
583	47
584	31
585	43
586	38
587	41
588	36
589	43
590	43
591	37
592	42
593	47
594	44
595	40
596	49
597	34
598	39
599	35
600	42
601	40
602	38
603	40
604	41
605	31
606	37
607	40
608	32
609	42
610	44
611	39
612	35
613	39
614	34
615	43
616	33
617	42
618	35
619	38
620	36
621	41
622	50
623	42
624	30
625	44
626	48
627	36
628	39
629	43
630	38
631	31
632	46
633	40
634	34
635	40
636	32
637	37
638	40
639	39
640	49
641	30
642	41
643	29
644	48
645	46
646	41
647	29
648	34
649	37
650	44
651	39
652	29
653	44
654	37
655	29
656	34
657	41
658	34
659	40
660	36
661	40
662	35
663	56
664	33
665	34
666	29
667	38
668	28
669	42
670	41
671	53
672	31
673	50
674	36
675	46
676	36
677	35
678	44
679	44
680	38
681	40
682	42
683	40
684	49
685	48
686	40
687	40
688	37
689	33
690	35
691	36
692	45
693	43
694	30
695	31
696	42
697	38
698	35
699	34
700	43
701	33
702	39
703	42
704	42
705	45
706	41
707	49
708	36
709	29
710	33
711	41
712	29
713	33
714	46
715	51
716	49
717	41
718	39
719	29
720	33
721	31
722	32
723	29
724	39
725	32
726	29
727	39
728	44
729	40
730	33
731	42
732	34
733	35
734	38
735	32
736	48
737	48
738	35
739	38
740	27
741	39
742	35
743	35
744	36
745	40
746	38
747	44
748	46
749	42
750	36
751	34
752	36
753	36
754	39
755	43
756	55
757	34
758	35
759	40
760	47
761	41
762	31
763	41
764	42
765	43
766	34
767	38
768	41
769	44
770	34
771	37
772	43
773	42
774	40
775	36
776	39
777	41
778	36
779	39
780	44
781	32
782	36
783	50
784	39
785	41
786	44
787	33
788	39
789	29
790	42
791	44
792	47
793	32
794	44
795	38
796	43
797	43
798	42
799	32
800	45
801	35
802	43
803	32
804	40
805	31
806	36
807	45
808	37
809	46
810	54
811	36
812	44
813	25
814	46
815	31
816	37
817	38
818	32
819	51
820	48
821	41
822	39
823	42
824	38
825	43
826	49
827	36
828	35
829	29
830	41
831	34
832	34
833	47
834	44
835	45
836	50
837	48
838	34
839	43
840	41
841	36
842	36
843	45
844	37
845	36
846	33
847	38
848	39
849	44
850	40
851	35
852	36
853	40
854	33
855	36
856	35
857	49
858	58
859	38
860	41
861	36
862	37
863	41
864	43
865	32
866	44
867	40
868	39
869	43
870	39
871	51
872	37
873	34
874	34
875	30
876	40
877	38
878	48
879	32
880	39
881	31
882	42
883	40
884	31
885	43
886	35
887	47
888	43
889	49
890	40
891	40
892	39
893	35
894	21
895	37
896	27
897	42
898	45
899	46
900	43
901	25
902	32
903	36
904	30
905	32
906	42
907	38
908	51
909	38
910	46
911	44
912	32
913	38
914	37
915	37
916	33
917	32
918	31
919	38
920	35
921	45
922	26
923	35
924	31
925	40
926	41
927	48
928	45
929	49
930	25
931	38
932	48
933	40
934	28
935	30
936	39
937	43
938	44
939	45
940	33
941	26
942	36
943	52
944	46
945	50
946	42
947	40
948	33
949	31
950	26
951	30
952	48
953	44
954	34
955	32
956	45
957	40
958	39
959	34
960	39
961	32
962	43
963	48
964	28
965	31
966	47
967	35
968	28
969	36
970	39
971	47
972	45
973	32
974	32
975	48
976	45
977	39
978	45
979	45
980	47
981	36
982	46
983	40
984	44
985	40
986	38
987	33
988	36
989	39
990	29
991	35
992	53
993	37
994	37
995	29
996	32
997	28
998	43
999	39
1000	33
1001	36
1002	49
1003	41
1004	43
1005	32
1006	22
1007	43
1008	39
1009	41
1010	41
1011	35
1012	39
1013	36
1014	42
1015	41
1016	39
1017	33
1018	40
1019	31
1020	41
1021	34
1022	38
1023	45
1024	43
1025	39
1026	43
1027	33
1028	34
1029	54
1030	39
1031	47
1032	47
1033	31
1034	44
1035	35
1036	43
1037	47
1038	34
1039	43
1040	37
1041	44
1042	34
1043	41
1044	45
1045	41
1046	49
1047	32
1048	33
1049	30
1050	42
1051	40
1052	36
1053	38
1054	44
1055	46
1056	33
1057	48
1058	31
1059	48
1060	46
1061	34
1062	36
1063	40
1064	38
1065	38
1066	37
1067	49
1068	41
1069	43
1070	37
1071	30
1072	38
1073	33
1074	38
1075	38
1076	40
1077	33
1078	43
1079	47
1080	34
1081	43
1082	40
1083	36
1084	24
1085	43
1086	34
1087	35
1088	36
1089	37
1090	29
1091	50
1092	38
1093	44
1094	36
1095	51
1096	45
1097	42
1098	51
1099	31
1100	34
1101	44
1102	43
1103	43
1104	35
1105	36
1106	32
1107	37
1108	39
1109	46
1110	31
1111	47
1112	37
1113	40
1114	34
1115	45
1116	33
1117	51
1118	30
1119	43
1120	43
1121	46
1122	49
1123	40
1124	32
1125	38
1126	35
1127	42
1128	47
1129	41
1130	42
1131	39
1132	44
1133	41
1134	32
1135	44
1136	46
1137	32
1138	40
1139	36
1140	32
1141	29
1142	39
1143	35
1144	35
1145	44
1146	38
1147	43
1148	38
1149	35
1150	46
1151	50
1152	38
1153	30
1154	38
1155	32
1156	34
1157	39
1158	38
1159	44
1160	46
1161	46
1162	35
1163	27
1164	35
1165	42
1166	41
1167	40
1168	36
1169	37
1170	36
1171	39
1172	35
1173	40
1174	32
1175	35
1176	30
1177	42
1178	39
1179	35
1180	44
1181	36
1182	35
1183	49
1184	27
1185	38
1186	36
1187	36
1188	44
1189	46
1190	46
1191	35
1192	47
1193	60
1194	46
1195	44
1196	27
1197	45
1198	31
1199	33
1200	42
1201	39
1202	46
1203	34
1204	44
1205	41
1206	37
1207	33
1208	34
1209	43
1210	30
1211	37
1212	41
1213	27
1214	32
1215	45
1216	30
1217	37
1218	39
1219	41
1220	38
1221	38
1222	48
1223	46
1224	37
1225	46
1226	33
1227	36
1228	39
1229	27
1230	42
1231	38
1232	46
1233	51
1234	42
1235	29
1236	36
1237	37
1238	39
1239	31
1240	41
1241	32
1242	44
1243	40
1244	32
1245	37
1246	49
1247	34
1248	34
1249	36
1250	41
1251	36
1252	40
1253	36
1254	35
1255	43
1256	42
1257	38
1258	44
1259	43
1260	31
1261	40
1262	38
1263	50
1264	41
1265	36
1266	26
1267	38
1268	30
1269	32
1270	45
1271	34
1272	28
1273	42
1274	41
1275	37
1276	41
1277	42
1278	32
1279	50
1280	43
1281	34
1282	37
1283	34
1284	38
1285	40
1286	42
1287	41
1288	33
1289	36
1290	47
1291	43
1292	35
1293	39
1294	36
1295	44
1296	38
1297	34
1298	44
1299	39
1300	38
1301	41
1302	44
1303	36
1304	49
1305	43
1306	38
1307	33
1308	44
1309	29
1310	49
1311	50
1312	30
1313	35
1314	33
1315	42
1316	34
1317	37
1318	42
1319	36
1320	44
1321	38
1322	45
1323	50
1324	32
1325	47
1326	37
1327	40
1328	38
1329	44
1330	56
1331	40
1332	47
1333	37
1334	44
1335	39
1336	45
1337	24
1338	39
1339	44
1340	29
1341	47
1342	41
1343	42
1344	35
1345	49
1346	39
1347	41
1348	43
1349	43
1350	48
1351	49
1352	25
1353	34
1354	37
1355	37
1356	45
1357	40
1358	38
1359	36
1360	34
1361	34
1362	35
1363	34
1364	36
1365	32
1366	60
1367	36
1368	49
1369	44
1370	34
1371	35
1372	35
1373	52
1374	46
1375	44
1376	40
1377	36
1378	40
1379	43
1380	44
1381	40
1382	47
1383	46
1384	46
1385	46
1386	37
1387	43
1388	51
1389	28
1390	32
1391	30
1392	34
1393	44
1394	34
1395	37
1396	41
1397	45
1398	42
1399	32
1400	43
1401	42
1402	27
1403	44
1404	33
1405	30
1406	37
1407	44
1408	28
1409	35
1410	34
1411	37
1412	40
1413	37
1414	29
1415	45
1416	38
1417	43
1418	34
1419	39
1420	42
1421	41
1422	45
1423	41
1424	41
1425	37
1426	33
1427	32
1428	47
1429	51
1430	46
1431	39
1432	37
1433	43
1434	42
1435	49
1436	45
1437	40
1438	29
1439	30
1440	36
1441	49
1442	40
1443	46
1444	28
1445	34
1446	31
1447	33
1448	30
1449	32
1450	38
1451	40
1452	40
1453	37
1454	41
1455	34
1456	46
1457	44
1458	41
1459	54
1460	44
1461	48
1462	31
1463	39
1464	36
1465	33
1466	38
1467	38
1468	34
1469	34
1470	39
1471	46
1472	34
1473	34
1474	33
1475	41
1476	37
1477	39
1478	40
1479	49
1480	34
1481	37
1482	36
1483	43
1484	39
1485	43
1486	42
1487	52
1488	33
1489	48
1490	31
1491	29
1492	29
1493	35
1494	44
1495	38
1496	48
1497	36
1498	42
1499	39
1500	40
1501	39
1502	38
1503	43
1504	39
1505	24
1506	38
1507	51
1508	43
1509	35
1510	47
1511	44
1512	46
1513	46
1514	36
1515	43
1516	41
1517	47
1518	38
1519	39
1520	46
1521	50
1522	40
1523	41
1524	42
1525	51
1526	36
1527	38
1528	44
1529	41
1530	58
1531	47
1532	35
1533	40
1534	34
1535	42
1536	41
1537	53
1538	43
1539	39
1540	36
1541	38
1542	38
1543	36
1544	43
1545	42
1546	52
1547	48
1548	37
1549	34
1550	48
1551	58
1552	49
1553	39
1554	35
1555	40
1556	50
1557	55
1558	41
1559	41
1560	34
1561	47
1562	47
1563	59
1564	54
1565	36
1566	37
1567	39
1568	53
1569	45
1570	40
1571	41
1572	44
1573	41
1574	46
1575	42
1576	32
1577	37
1578	41
1579	42
1580	60
1581	40
1582	34
1583	38
1584	42
1585	42
1586	43
1587	48
1588	32
1589	32
1590	35
1591	37
1592	35
1593	41
1594	40
1595	45
1596	30
1597	34
1598	41
1599	33
1600	57
1601	40
1602	51
1603	46
1604	40
1605	47
1606	49
1607	46
1608	35
1609	36
1610	44
1611	47
1612	51
1613	26
1614	47
1615	44
1616	37
1617	57
1618	47
1619	41
1620	40
1621	39
1622	31
1623	54
1624	38
1625	50
1626	44
1627	40
1628	47
1629	40
1630	33
1631	29
1632	38
1633	35
1634	42
1635	37
1636	34
1637	50
1638	38
1639	46
1640	48
1641	41
1642	47
1643	46
1644	28
1645	46
1646	35
1647	35
1648	34
1649	35
1650	50
1651	41
1652	46
1653	39
1654	51
1655	35
1656	36
1657	45
1658	52
1659	42
1660	34
1661	51
1662	37
1663	42
1664	40
1665	50
1666	42
1667	32
1668	33
1669	44
1670	50
1671	50
1672	43
1673	26
1674	36
1675	31
1676	36
1677	43
1678	44
1679	41
1680	44
1681	38
1682	54
1683	35
1684	38
1685	34
1686	32
1687	32
1688	34
1689	38
1690	35
1691	41
1692	45
1693	52
1694	40
1695	45
1696	36
1697	37
1698	43
1699	36
1700	42
1701	40
1702	29
1703	55
1704	31
1705	41
1706	37
1707	44
1708	30
1709	32
1710	41
1711	41
1712	46
1713	42
1714	32
1715	41
1716	44
1717	36
1718	27
1719	40
1720	47
1721	38
1722	37
1723	47
1724	44
1725	38
1726	43
1727	42
1728	40
1729	34
1730	42
1731	26
1732	36
1733	50
1734	51
1735	46
1736	41
1737	40
1738	40
1739	38
1740	42
1741	36
1742	39
1743	42
1744	52
1745	39
1746	29
1747	31
1748	40
1749	34
1750	46
1751	46
1752	34
1753	42
1754	42
1755	52
1756	38
1757	30
1758	38
1759	38
1760	42
1761	32
1762	40
1763	35
1764	35
1765	34
1766	45
1767	38
1768	40
1769	44
1770	43
1771	49
1772	42
1773	36
1774	32
1775	42
1776	42
1777	41
1778	43
1779	55
1780	32
1781	30
1782	42
1783	38
1784	39
1785	47
1786	40
1787	32
1788	43
1789	39
1790	42
1791	35
1792	45
1793	36
1794	33
1795	45
1796	35
1797	42
1798	33
1799	46
1800	35
1801	46
1802	36
1803	40
1804	49
1805	44
1806	45
1807	37
1808	51
1809	35
1810	43
1811	43
1812	37
1813	35
1814	41
1815	34
1816	33
1817	47
1818	48
1819	42
1820	34
1821	47
1822	32
1823	30
1824	35
1825	49
1826	37
1827	42
1828	35
1829	34
1830	33
1831	42
1832	38
1833	39
1834	31
1835	43
1836	36
1837	50
1838	39
1839	50
1840	43
1841	34
1842	47
1843	31
1844	32
1845	34
1846	41
1847	24
1848	40
1849	43
1850	39
1851	51
1852	36
1853	42
1854	38
1855	25
1856	34
1857	44
1858	49
1859	42
1860	32
1861	29
1862	50
1863	36
1864	44
1865	35
1866	29
1867	47
1868	39
1869	45
1870	44
1871	44
1872	44
1873	41
1874	44
1875	37
1876	32
1877	39
1878	47
1879	45
1880	38
1881	34
1882	34
1883	51
1884	43
1885	45
1886	44
1887	38
1888	40
1889	40
1890	37
1891	37
1892	38
1893	46
1894	34
1895	60
1896	49
1897	50
1898	45
1899	39
1900	37
1901	44
1902	48
1903	49
1904	45
1905	43
1906	40
1907	40
1908	52
1909	36
1910	34
1911	46
1912	48
1913	42
1914	30
1915	33
1916	34
1917	38
1918	41
1919	34
1920	45
1921	45
1922	37
1923	40
1924	53
1925	45
1926	40
1927	37
1928	44
1929	50
1930	41
1931	45
1932	41
1933	49
1934	42
1935	49
1936	46
1937	51
1938	59
1939	31
1940	46
1941	44
1942	40
1943	48
1944	44
1945	42
1946	39
1947	66
1948	38
1949	46
1950	34
1951	45
1952	49
1953	48
1954	61
1955	50
1956	41
1957	48
1958	45
1959	40
1960	44
1961	49
1962	41
1963	37
1964	39
1965	38
1966	48
1967	36
1968	45
1969	32
1970	38
1971	52
1972	51
1973	42
1974	36
1975	47
1976	33
1977	45
1978	63
1979	51
1980	43
1981	50
1982	43
1983	42
1984	43
1985	55
1986	41
1987	48
1988	54
1989	54
1990	49
1991	54
1992	35
1993	55
1994	38
1995	44
1996	35
1997	37
1998	46
1999	49
2000	33
2001	53
2002	48
2003	43
2004	53
2005	55
2006	58
2007	41
2008	50
2009	49
2010	62
2011	52
2012	47
2013	53
2014	46
2015	47
2016	49
2017	50
2018	53
2019	54
2020	68
2021	65
2022	67
2023	47
2024	52
2025	50
2026	61
2027	50
2028	66
2029	42
2030	49
2031	44
2032	54
2033	62
2034	64
2035	60
2036	57
2037	48
2038	60
2039	61
2040	59
2041	52
2042	67
2043	69
2044	64
2045	68
2046	74
2047	51
2048	69
2049	52
2050	64
2051	66
2052	67
2053	61
2054	63
2055	70
2056	68
2057	73
2058	45
2059	70
2060	61
2061	62
2062	55
2063	50
2064	73
2065	75
2066	62
2067	75
2068	57
2069	69
2070	66
2071	74
2072	67
2073	58
2074	76
2075	66
2076	67
2077	65
2078	87
2079	82
2080	88
2081	73
2082	79
2083	88
2084	74
2085	71
2086	70
2087	85
2088	79
2089	73
2090	76
2091	65
2092	81
2093	78
2094	85
2095	88
2096	76
2097	75
2098	71
2099	102
2100	99
2101	95
2102	80
2103	75
2104	98
2105	81
2106	95
2107	76
2108	80
2109	74
2110	90
2111	80
2112	76
2113	87
2114	86
2115	83
2116	85
2117	82
2118	94
2119	85
2120	98
2121	86
2122	82
2123	124
2124	76
2125	85
2126	92
2127	94
2128	92
2129	103
2130	93
2131	89
2132	96
2133	75
2134	95
2135	103
2136	77
2137	111
2138	94
2139	97
2140	129
2141	90
2142	106
2143	97
2144	102
2145	110
2146	92
2147	113
2148	106
2149	114
2150	112
2151	94
2152	98
2153	98
2154	95
2155	106
2156	99
2157	89
2158	83
2159	96
2160	95
2161	94
2162	74
2163	108
2164	100
2165	86
2166	86
2167	101
2168	86
2169	99
2170	99
2171	94
2172	96
2173	96
2174	83
2175	90
2176	96
2177	91
2178	93
2179	100
2180	101
2181	111
2182	106
2183	94
2184	107
2185	95
2186	111
2187	109
2188	102
2189	94
2190	81
2191	94
2192	100
2193	109
2194	86
2195	74
2196	100
2197	93
2198	89
2199	92
2200	92
2201	80
2202	79
2203	81
2204	77
2205	82
2206	87
2207	79
2208	73
2209	86
2210	70
2211	85
2212	99
2213	82
2214	104
2215	81
2216	77
2217	74
2218	74
2219	72
2220	91
2221	66
2222	83
2223	72
2224	80
2225	57
2226	81
2227	79
2228	71
2229	67
2230	84
2231	87
2232	74
2233	91
2234	86
2235	81
2236	82
2237	74
2238	80
2239	63
2240	64
2241	93
2242	70
2243	83
2244	74
2245	76
2246	63
2247	87
2248	68
2249	73
2250	70
2251	63
2252	73
2253	70
2254	57
2255	68
2256	70
2257	54
2258	48
2259	53
2260	80
2261	64
2262	76
2263	54
2264	52
2265	77
2266	69
2267	65
2268	62
2269	65
2270	74
2271	51
2272	77
2273	59
2274	52
2275	68
2276	56
2277	54
2278	61
2279	59
2280	59
2281	53
2282	58
2283	75
2284	47
2285	59
2286	66
2287	58
2288	56
2289	55
2290	63
2291	62
2292	57
2293	41
2294	67
2295	50
2296	65
2297	58
2298	64
2299	46
2300	60
2301	51
2302	55
2303	50
2304	52
2305	52
2306	55
2307	53
2308	57
2309	47
2310	61
2311	62
2312	61
2313	55
2314	52
2315	70
2316	49
2317	68
2318	57
2319	61
2320	47
2321	60
2322	49
2323	45
2324	50
2325	59
2326	60
2327	49
2328	55
2329	51
2330	53
2331	37
2332	36
2333	56
2334	47
2335	59
2336	45
2337	45
2338	60
2339	58
2340	53
2341	57
2342	67
2343	49
2344	47
2345	50
2346	63
2347	46
2348	46
2349	39
2350	68
2351	52
2352	50
2353	47
2354	54
2355	63
2356	48
2357	57
2358	50
2359	48
2360	49
2361	57
2362	55
2363	57
2364	49
2365	52
2366	57
2367	61
2368	53
2369	47
2370	47
2371	45
2372	50
2373	58
2374	58
2375	57
2376	49
2377	63
2378	67
2379	43
2380	61
2381	55
2382	58
2383	69
2384	57
2385	49
2386	64
2387	54
2388	60
2389	61
2390	51
2391	60
2392	50
2393	59
2394	51
2395	52
2396	51
2397	47
2398	53
2399	63
2400	55
2401	44
2402	54
2403	52
2404	61
2405	54
2406	49
2407	42
2408	72
2409	55
2410	40
2411	46
2412	38
2413	62
2414	56
2415	49
2416	59
2417	50
2418	57
2419	68
2420	73
2421	59
2422	63
2423	60
2424	61
2425	64
2426	49
2427	57
2428	57
2429	64
2430	64
2431	63
2432	50
2433	46
2434	56
2435	60
2436	65
2437	47
2438	55
2439	59
2440	54
2441	63
2442	44
2443	61
2444	55
2445	57
2446	61
2447	58
2448	53
2449	58
2450	61
2451	59
2452	52
2453	60
2454	53
2455	49
2456	55
2457	61
2458	52
2459	59
2460	54
2461	51
2462	64
2463	47
2464	63
2465	53
2466	60
2467	62
2468	57
2469	56
2470	58
2471	69
2472	57
2473	63
2474	79
2475	75
2476	53
2477	61
2478	59
2479	56
2480	50
2481	65
2482	54
2483	65
2484	53
2485	60
2486	59
2487	63
2488	61
2489	77
2490	47
2491	52
2492	54
2493	63
2494	73
2495	65
2496	69
2497	68
2498	70
2499	75
2500	71
2501	59
2502	71
2503	57
2504	45
2505	59
2506	66
2507	72
2508	68
2509	75
2510	60
2511	65
2512	62
2513	71
2514	69
2515	62
2516	57
2517	60
2518	70
2519	65
2520	69
2521	80
2522	61
2523	65
2524	58
2525	58
2526	59
2527	64
2528	59
2529	67
2530	79
2531	81
2532	75
2533	59
2534	68
2535	87
2536	74
2537	66
2538	67
2539	62
2540	77
2541	74
2542	59
2543	76
2544	65
2545	59
2546	77
2547	82
2548	72
2549	75
2550	69
2551	79
2552	72
2553	74
2554	85
2555	60
2556	73
2557	77
2558	76
2559	72
2560	65
2561	93
2562	69
2563	89
2564	59
2565	83
2566	81
2567	82
2568	101
2569	88
2570	79
2571	81
2572	82
2573	82
2574	93
2575	72
2576	89
2577	76
2578	98
2579	91
2580	74
2581	89
2582	102
2583	80
2584	114
2585	93
2586	107
2587	103
2588	86
2589	89
2590	90
2591	101
2592	94
2593	86
2594	104
2595	97
2596	107
2597	113
2598	109
2599	88
2600	107
2601	102
2602	126
2603	89
2604	105
2605	107
2606	119
2607	90
2608	101
2609	106
2610	111
2611	111
2612	115
2613	94
2614	125
2615	106
2616	108
2617	119
2618	94
2619	125
2620	130
2621	115
2622	117
2623	131
2624	120
2625	124
2626	129
2627	140
2628	109
2629	101
2630	130
2631	121
2632	118
2633	141
2634	123
2635	117
2636	135
2637	149
2638	130
2639	133
2640	115
2641	148
2642	133
2643	127
2644	152
2645	131
2646	141
2647	168
2648	137
2649	129
2650	134
2651	151
2652	147
2653	141
2654	144
2655	158
2656	148
2657	141
2658	150
2659	159
2660	145
2661	153
2662	169
2663	156
2664	175
2665	172
2666	161
2667	165
2668	145
2669	164
2670	180
2671	172
2672	173
2673	157
2674	160
2675	189
2676	150
2677	148
2678	180
2679	188
2680	147
2681	170
2682	185
2683	161
2684	179
2685	170
2686	172
2687	195
2688	177
2689	171
2690	185
2691	164
2692	182
2693	176
2694	192
2695	195
2696	197
2697	191
2698	200
2699	192
2700	168
2701	194
2702	177
2703	196
2704	204
2705	193
2706	195
2707	175
2708	198
2709	197
2710	193
2711	192
2712	167
2713	210
2714	181
2715	200
2716	187
2717	210
2718	209
2719	222
2720	207
2721	212
2722	209
2723	195
2724	203
2725	207
2726	204
2727	254
2728	187
2729	215
2730	206
2731	222
2732	212
2733	213
2734	206
2735	221
2736	233
2737	212
2738	217
2739	215
2740	224
2741	228
2742	254
2743	230
2744	226
2745	252
2746	223
2747	267
2748	229
2749	224
2750	245
2751	235
2752	254
2753	252
2754	287
2755	252
2756	255
2757	267
2758	269
2759	264
2760	278
2761	236
2762	277
2763	298
2764	314
2765	277
2766	268
2767	272
2768	333
2769	293
2770	279
2771	278
2772	289
2773	300
2774	301
2775	323
2776	303
2777	323
2778	328
2779	341
2780	360
2781	336
2782	344
2783	331
2784	357
2785	363
2786	317
2787	351
2788	344
2789	390
2790	395
2791	381
2792	385
2793	453
2794	425
2795	410
2796	431
2797	405
2798	453
2799	438
2800	481
2801	482
2802	520
2803	523
2804	519
2805	499
2806	542
2807	523
2808	541
2809	547
2810	625
2811	539
2812	625
2813	596
2814	669
2815	641
2816	697
2817	708
2818	693
2819	751
2820	780
2821	770
2822	820
2823	840
2824	793
2825	830
2826	855
2827	842
2828	864
2829	940
2830	963
2831	961
2832	1003
2833	1017
2834	1063
2835	1038
2836	1072
2837	1156
2838	1168
2839	1176
2840	1240
2841	1279
2842	1283
2843	1283
2844	1326
2845	1412
2846	1439
2847	1411
2848	1484
2849	1472
2850	1586
2851	1681
2852	1596
2853	1655
2854	1785
2855	1789
2856	1809
2857	1973
2858	1827
2859	1989
2860	2040
2861	2190
2862	2150
2863	2202
2864	2263
2865	2338
2866	2325
2867	2536
2868	2539
2869	2560
2870	2677
2871	2642
2872	2744
2873	2803
2874	2835
2875	3001
2876	3044
2877	3087
2878	3285
2879	3185
2880	3221
2881	3221
2882	3512
2883	3455
2884	3509
2885	3675
2886	3763
2887	3767
2888	3821
2889	3951
2890	4042
2891	4017
2892	4261
2893	4333
2894	4392
2895	4488
2896	4619
2897	4614
2898	4831
2899	4867
2900	5035
2901	5066
2902	5203
2903	5247
2904	5318
2905	5481
2906	5639
2907	5761
2908	5759
2909	5793
2910	6072
2911	5867
2912	6316
2913	6370
2914	6445
2915	6411
2916	6423
2917	6777
2918	6806
2919	6951
2920	6974
2921	7301
2922	7206
2923	7486
2924	7430
2925	7590
2926	7716
2927	7775
2928	7962
2929	8166
2930	8223
2931	8325
2932	8394
2933	8326
2934	8840
2935	8802
2936	8809
2937	9064
2938	9230
2939	9241
2940	9402
2941	9587
2942	9430
2943	9735
2944	9848
2945	9965
2946	9954
2947	10068
2948	10218
2949	10426
2950	10565
2951	10520
2952	10655
2953	10796
2954	10955
2955	11156
2956	10989
2957	11128
2958	11299
2959	11441
2960	11494
2961	11660
2962	11758
2963	11793
2964	12000
2965	12174
2966	12150
2967	12372
2968	12376
2969	12392
2970	12440
2971	12606
2972	12689
2973	12579
2974	12902
2975	13073
2976	13044
2977	13111
2978	13201
2979	13123
2980	13266
2981	13424
2982	13504
2983	13502
2984	13350
2985	13878
2986	13734
2987	13559
2988	13728
2989	13820
2990	13948
2991	13980
2992	14027
2993	13933
2994	14016
2995	13983
2996	13920
2997	14025
2998	14331
2999	14109
3000	14238
3001	14148
3002	14212
3003	14054
3004	14394
3005	14198
3006	14239
3007	14162
3008	14318
3009	14397
3010	14341
3011	14124
3012	14435
3013	14182
3014	14118
3015	14094
3016	14210
3017	14102
3018	14206
3019	14123
3020	14226
3021	14103
3022	14178
3023	13809
3024	13895
3025	14040
3026	13942
3027	13875
3028	13620
3029	13633
3030	13654
3031	13641
3032	13540
3033	13467
3034	13436
3035	13427
3036	13128
3037	13170
3038	13091
3039	13255
3040	13073
3041	12628
3042	12582
3043	12647
3044	12731
3045	12559
3046	12404
3047	12363
3048	12233
3049	12388
3050	12018
3051	11865
3052	11757
3053	11882
3054	11735
3055	11633
3056	11797
3057	11433
3058	11268
3059	11224
3060	11202
3061	11030
3062	10878
3063	10818
3064	10591
3065	10467
3066	10354
3067	10274
3068	10414
3069	10060
3070	10080
3071	9778
3072	9966
3073	9631
3074	9769
3075	9507
3076	9340
3077	9217
3078	9284
3079	9160
3080	9027
3081	8670
3082	8593
3083	8440
3084	8503
3085	8382
3086	8321
3087	7958
3088	7923
3089	7863
3090	7612
3091	7545
3092	7613
3093	7353
3094	7274
3095	7105
3096	7009
3097	6965
3098	6723
3099	6609
3100	6575
3101	6445
3102	6419
3103	6415
3104	6177
3105	6090
3106	6015
3107	5809
3108	5702
3109	5765
3110	5601
3111	5559
3112	5529
3113	5207
3114	5109
3115	4983
3116	4968
3117	4986
3118	4858
3119	4716
3120	4663
3121	4544
3122	4453
3123	4368
3124	4301
3125	4221
3126	4288
3127	4151
3128	3949
3129	3925
3130	3784
3131	3660
3132	3622
3133	3538
3134	3447
3135	3502
3136	3390
3137	3325
3138	3227
3139	3207
3140	3052
3141	3164
3142	3064
3143	3071
3144	2918
3145	2932
3146	2717
3147	2617
3148	2631
3149	2581
3150	2488
3151	2502
3152	2428
3153	2446
3154	2336
3155	2310
3156	2333
3157	2298
3158	2256
3159	2170
3160	2150
3161	2131
3162	2074
3163	2039
3164	1996
3165	1945
3166	1895
3167	1928
3168	1851
3169	1785
3170	1741
3171	1873
3172	1764
3173	1757
3174	1730
3175	1638
3176	1620
3177	1611
3178	1578
3179	1627
3180	1566
3181	1592
3182	1546
3183	1533
3184	1577
3185	1531
3186	1450
3187	1453
3188	1591
3189	1519
3190	1452
3191	1465
3192	1474
3193	1421
3194	1460
3195	1392
3196	1439
3197	1371
3198	1362
3199	1442
3200	1338
3201	1353
3202	1374
3203	1393
3204	1361
3205	1388
3206	1405
3207	1465
3208	1444
3209	1463
3210	1405
3211	1355
3212	1362
3213	1469
3214	1495
3215	1420
3216	1416
3217	1485
3218	1505
3219	1502
3220	1530
3221	1541
3222	1547
3223	1536
3224	1520
3225	1548
3226	1501
3227	1554
3228	1604
3229	1580
3230	1557
3231	1674
3232	1605
3233	1635
3234	1640
3235	1664
3236	1650
3237	1693
3238	1728
3239	1640
3240	1684
3241	1777
3242	1745
3243	1744
3244	1792
3245	1745
3246	1757
3247	1771
3248	1807
3249	1798
3250	1846
3251	1819
3252	1939
3253	1836
3254	1832
3255	1885
3256	1830
3257	1915
3258	1975
3259	1896
3260	1897
3261	1947
3262	2063
3263	2003
3264	2068
3265	1947
3266	2049
3267	2054
3268	2061
3269	2065
3270	1914
3271	2034
3272	2064
3273	2039
3274	2106
3275	2079
3276	2050
3277	2173
3278	2103
3279	2079
3280	2104
3281	2065
3282	2073
3283	2120
3284	2138
3285	2093
3286	2060
3287	2080
3288	2201
3289	2199
3290	2159
3291	2072
3292	2158
3293	2141
3294	2140
3295	2212
3296	2144
3297	2143
3298	2152
3299	2111
3300	2186
3301	2218
3302	2209
3303	2153
3304	2111
3305	2110
3306	2164
3307	2192
3308	2130
3309	2033
3310	2071
3311	2160
3312	2074
3313	2131
3314	2150
3315	2025
3316	2132
3317	2086
3318	2100
3319	2128
3320	1988
3321	1942
3322	1958
3323	2139
3324	1966
3325	2073
3326	1995
3327	1872
3328	1928
3329	1880
3330	1956
3331	1985
3332	1865
3333	1937
3334	1881
3335	1864
3336	1881
3337	1863
3338	1913
3339	1795
3340	1831
3341	1809
3342	1840
3343	1775
3344	1809
3345	1719
3346	1765
3347	1730
3348	1736
3349	1778
3350	1695
3351	1700
3352	1627
3353	1618
3354	1610
3355	1559
3356	1560
3357	1633
3358	1629
3359	1469
3360	1579
3361	1439
3362	1422
3363	1481
3364	1456
3365	1378
3366	1419
3367	1318
3368	1348
3369	1392
3370	1350
3371	1286
3372	1310
3373	1297
3374	1296
3375	1233
3376	1271
3377	1177
3378	1150
3379	1140
3380	1157
3381	1128
3382	1170
3383	1122
3384	1111
3385	1048
3386	1094
3387	1027
3388	1056
3389	990
3390	983
3391	1043
3392	931
3393	949
3394	935
3395	924
3396	859
3397	907
3398	831
3399	843
3400	861
3401	802
3402	807
3403	740
3404	799
3405	757
3406	744
3407	744
3408	699
3409	674
3410	641
3411	673
3412	648
3413	633
3414	642
3415	603
3416	536
3417	570
3418	577
3419	549
3420	554
3421	496
3422	501
3423	507
3424	492
3425	487
3426	443
3427	470
3428	453
3429	419
3430	425
3431	410
3432	431
3433	418
3434	384
3435	369
3436	365
3437	377
3438	363
3439	369
3440	345
3441	360
3442	305
3443	341
3444	324
3445	295
3446	271
3447	281
3448	274
3449	266
3450	250
3451	242
3452	278
3453	240
3454	219
3455	251
3456	209
3457	217
3458	190
3459	205
3460	181
3461	208
3462	181
3463	152
3464	190
3465	167
3466	170
3467	179
3468	161
3469	155
3470	154
3471	147
3472	146
3473	128
3474	130
3475	131
3476	125
3477	133
3478	125
3479	113
3480	117
3481	90
3482	91
3483	101
3484	106
3485	93
3486	84
3487	79
3488	85
3489	65
3490	74
3491	65
3492	65
3493	73
3494	89
3495	65
3496	54
3497	47
3498	83
3499	64
3500	70
3501	58
3502	45
3503	41
3504	58
3505	46
3506	52
3507	43
3508	36
3509	54
3510	48
3511	29
3512	33
3513	30
3514	48
3515	29
3516	33
3517	27
3518	29
3519	31
3520	32
3521	28
3522	26
3523	26
3524	24
3525	25
3526	22
3527	25
3528	19
3529	18
3530	22
3531	21
3532	15
3533	11
3534	12
3535	13
3536	21
3537	14
3538	10
3539	12
3540	13
3541	9
3542	13
3543	7
3544	6
3545	15
3546	4
3547	3
3548	7
3549	8
3550	9
3551	2
3552	6
3553	10
3554	9
3555	4
3556	5
3557	6
3558	4
3559	7
3560	7
3561	7
3562	7
3563	6
3564	2
3565	3
3566	5
3567	3
3568	7
3569	7
3570	5
3571	6
3572	3
3573	5
3574	4
3575	2
3576	2
3577	7
3578	3
3579	7
3580	5
3581	1
3582	4
3583	3
3584	4
3585	1
3586	4
3587	6
3588	3
3589	4
3590	4
3591	1
3592	2
3593	2
3594	2
3595	4
3596	2
3597	2
3598	5
3599	1
3600	2
3601	2
3602	1
3603	1
3604	4
3605	5
3606	0
3607	2
3608	0
3609	6
3610	1
3611	1
3612	0
3613	0
3614	2
3615	1
3616	1
3617	1
3618	2
3619	2
3620	2
3621	1
3622	3
3623	1
3624	1
3625	2
3626	1
3627	2
3628	0
3629	1
3630	2
3631	0
3632	4
3633	3
3634	0
3635	1
3636	0
3637	6
3638	2
3639	4
3640	2
3641	0
3642	3
3643	1
3644	1
3645	2
3646	3
3647	5
3648	2
3649	2
3650	1
3651	1
3652	0
3653	0
3654	2
3655	1
3656	3
3657	2
3658	1
3659	0
3660	1
3661	1
3662	3
3663	2
3664	3
3665	2
3666	4
3667	2
3668	2
3669	1
3670	3
3671	1
3672	0
3673	4
3674	1
3675	2
3676	2
3677	0
3678	1
3679	1
3680	0
3681	0
3682	1
3683	0
3684	1
3685	2
3686	5
3687	2
3688	1
3689	2
3690	0
3691	1
3692	1
3693	0
3694	2
3695	1
3696	0
3697	2
3698	4
3699	1
3700	1
3701	1
3702	1
3703	0
3704	0
3705	1
3706	0
3707	1
3708	1
3709	3
3710	0
3711	0
3712	0
3713	1
3714	1
3715	0
3716	0
3717	4
3718	1
3719	1
3720	0
3721	0
3722	1
3723	0
3724	1
3725	1
3726	1
3727	3
3728	0
3729	1
3730	1
3731	1
3732	0
3733	3
3734	0
3735	3
3736	0
3737	0
3738	2
3739	1
3740	3
3741	1
3742	0
3743	0
3744	2
3745	0
3746	0
3747	4
3748	4
3749	3
3750	1
3751	0
3752	3
3753	0
3754	1
3755	1
3756	1
3757	3
3758	0
3759	0
3760	2
3761	1
3762	0
3763	1
3764	1
3765	1
3766	2
3767	1
3768	1
3769	1
3770	1
3771	2
3772	0
3773	1
3774	1
3775	0
3776	2
3777	1
3778	1
3779	2
3780	1
3781	1
3782	2
3783	1
3784	2
3785	0
3786	0
3787	1
3788	0
3789	2
3790	2
3791	0
3792	1
3793	0
3794	1
3795	2
3796	2
3797	2
3798	0
3799	0
3800	1
3801	0
3802	0
3803	0
3804	2
3805	0
3806	1
3807	3
3808	4
3809	2
3810	1
3811	1
3812	3
3813	2
3814	1
3815	0
3816	2
3817	1
3818	0
3819	2
3820	1
3821	1
3822	1
3823	0
3824	1
3825	1
3826	0
3827	2
3828	1
3829	1
3830	0
3831	1
3832	1
3833	0
3834	1
3835	0
3836	0
3837	3
3838	2
3839	1
3840	0
3841	1
3842	0
3843	0
3844	1
3845	1
3846	0
3847	2
3848	1
3849	1
3850	0
3851	0
3852	0
3853	0
3854	2
3855	2
3856	0
3857	0
3858	1
3859	1
3860	1
3861	2
3862	0
3863	1
3864	1
3865	0
3866	0
3867	2
3868	3
3869	1
3870	1
3871	0
3872	0
3873	1
3874	1
3875	0
3876	0
3877	1
3878	1
3879	3
3880	1
3881	0
3882	1
3883	2
3884	1
3885	2
3886	0
3887	1
3888	0
3889	0
3890	1
3891	2
3892	0
3893	0
3894	0
3895	1
3896	0
3897	2
3898	3
3899	0
3900	0
3901	0
3902	4
3903	1
3904	0
3905	1
3906	0
3907	1
3908	0
3909	0
3910	0
3911	0
3912	0
3913	1
3914	0
3915	1
3916	1
3917	2
3918	0
3919	1
3920	0
3921	1
3922	1
3923	0
3924	0
3925	1
3926	1
3927	0
3928	0
3929	3
3930	3
3931	0
3932	0
3933	0
3934	2
3935	0
3936	0
3937	1
3938	1
3939	0
3940	0
3941	1
3942	1
3943	0
3944	0
3945	0
3946	1
3947	1
3948	0
3949	1
3950	2
3951	0
3952	0
3953	1
3954	0
3955	0
3956	1
3957	0
3958	0
3959	2
3960	1
3961	1
3962	0
3963	0
3964	1
3965	0
3966	2
3967	1
3968	2
3969	2
3970	0
3971	1
3972	0
3973	2
3974	1
3975	1
3976	0
3977	2
3978	1
3979	2
3980	2
3981	1
3982	0
3983	1
3984	1
3985	0
3986	0
3987	2
3988	1
3989	0
3990	1
3991	1
3992	1
3993	2
3994	0
3995	1
3996	1
3997	0
3998	0
3999	0
4000	1
4001	0
4002	0
4003	0
4004	1
4005	1
4006	1
4007	0
4008	2
4009	0
4010	4
4011	2
4012	1
4013	0
4014	0
4015	1
4016	1
4017	0
4018	1
4019	3
4020	1
4021	0
4022	0
4023	0
4024	0
4025	0
4026	0
4027	0
4028	1
4029	0
4030	0
4031	1
4032	1
4033	0
4034	1
4035	3
4036	3
4037	0
4038	1
4039	0
4040	1
4041	1
4042	1
4043	0
4044	3
4045	1
4046	1
4047	0
4048	0
4049	0
4050	0
4051	1
4052	0
4053	0
4054	1
4055	0
4056	2
4057	2
4058	1
4059	1
4060	0
4061	0
4062	2
4063	2
4064	1
4065	0
4066	0
4067	0
4068	0
4069	1
4070	0
4071	0
4072	0
4073	1
4074	1
4075	2
4076	1
4077	0
4078	1
4079	0
4080	1
4081	1
4082	0
4083	1
4084	0
4085	1
4086	0
4087	0
4088	1
4089	1
4090	2
4091	0
4092	1
4093	0
4094	1
4095	2
4096	1
4097	0
4098	1
4099	1
4100	0
4101	2
4102	3
4103	2
4104	0
4105	0
4106	0
4107	1
4108	0
4109	1
4110	1
4111	0
4112	2
4113	1
4114	2
4115	1
4116	0
4117	0
4118	0
4119	1
4120	0
4121	1
4122	0
4123	0
4124	1
4125	0
4126	1
4127	0
4128	0
4129	1
4130	0
4131	2
4132	1
4133	0
4134	0
4135	2
4136	0
4137	0
4138	1
4139	0
4140	0
4141	0
4142	1
4143	3
4144	1
4145	0
4146	0
4147	0
4148	1
4149	1
4150	1
4151	0
4152	0
4153	0
4154	0
4155	0
4156	2
4157	0
4158	1
4159	0
4160	0
4161	2
4162	1
4163	2
4164	0
4165	0
4166	0
4167	0
4168	1
4169	0
4170	0
4171	0
4172	2
4173	0
4174	1
4175	0
4176	0
4177	0
4178	0
4179	0
4180	0
4181	0
4182	0
4183	1
4184	1
4185	1
4186	0
4187	1
4188	0
4189	2
4190	0
4191	1
4192	0
4193	2
4194	0
4195	0
4196	2
4197	0
4198	0
4199	0
4200	0
4201	2
4202	0
4203	0
4204	0
4205	1
4206	0
4207	0
4208	1
4209	0
4210	0
4211	0
4212	0
4213	1
4214	0
4215	1
4216	0
4217	1
4218	1
4219	0
4220	1
4221	0
4222	2
4223	0
4224	0
4225	0
4226	1
4227	0
4228	0
4229	0
4230	2
4231	1
4232	0
4233	2
4234	2
4235	0
4236	0
4237	0
4238	0
4239	1
4240	1
4241	0
4242	0
4243	0
4244	0
4245	1
4246	0
4247	0
4248	0
4249	1
4250	0
4251	0
4252	1
4253	1
4254	1
4255	2
4256	2
4257	0
4258	0
4259	0
4260	1
4261	0
4262	1
4263	0
4264	0
4265	0
4266	0
4267	1
4268	0
4269	0
4270	0
4271	1
4272	0
4273	0
4274	0
4275	0
4276	0
4277	1
4278	1
4279	1
4280	0
4281	0
4282	0
4283	0
4284	0
4285	0
4286	0
4287	1
4288	0
4289	0
4290	1
4291	2
4292	0
4293	0
4294	1
4295	1
4296	3
4297	1
4298	1
4299	0
4300	1
4301	0
4302	1
4303	1
4304	1
4305	0
4306	0
4307	0
4308	0
4309	0
4310	3
4311	1
4312	0
4313	1
4314	0
4315	0
4316	3
4317	0
4318	0
4319	1
4320	0
4321	0
4322	1
4323	0
4324	0
4325	0
4326	0
4327	0
4328	0
4329	1
4330	1
4331	0
4332	0
4333	0
4334	1
4335	0
4336	0
4337	0
4338	0
4339	0
4340	0
4341	0
4342	0
4343	0
4344	0
4345	0
4346	1
4347	0
4348	0
4349	0
4350	0
4351	0
4352	0
4353	0
4354	0
4355	0
4356	0
4357	3
4358	0
4359	0
4360	1
4361	0
4362	0
4363	0
4364	0
4365	0
4366	1
4367	0
4368	0
4369	0
4370	1
4371	2
4372	0
4373	1
4374	0
4375	0
4376	3
4377	0
4378	0
4379	1
4380	0
4381	0
4382	2
4383	0
4384	0
4385	2
4386	0
4387	0
4388	0
4389	0
4390	1
4391	0
4392	0
4393	1
4394	1
4395	0
4396	0
4397	1
4398	0
4399	0
4400	0
4401	0
4402	1
4403	1
4404	0
4405	0
4406	2
4407	0
4408	2
4409	0
4410	0
4411	0
4412	0
4413	0
4414	2
4415	0
4416	0
4417	0
4418	1
4419	0
4420	0
4421	1
4422	0
4423	0
4424	1
4425	0
4426	1
4427	0
4428	0
4429	0
4430	1
4431	0
4432	0
4433	0
4434	0
4435	0
4436	0
4437	0
4438	0
4439	0
4440	0
4441	0
4442	1
4443	0
4444	1
4445	0
4446	1
4447	0
4448	0
4449	0
4450	0
4451	0
4452	1
4453	0
4454	0
4455	0
4456	0
4457	0
4458	0
4459	1
4460	0
4461	0
4462	0
4463	0
4464	0
4465	0
4466	0
4467	0
4468	0
4469	0
4470	0
4471	0
4472	1
4473	0
4474	1
4475	0
4476	0
4477	0
4478	1
4479	0
4480	1
4481	0
4482	0
4483	1
4484	0
4485	1
4486	0
4487	1
4488	0
4489	0
4490	0
4491	1
4492	0
4493	0
4494	1
4495	0
4496	0
4497	0
4498	0
4499	0
4500	0
4501	1
4502	0
4503	0
4504	0
4505	0
4506	0
4507	0
4508	0
4509	0
4510	1
4511	0
4512	0
4513	0
4514	0
4515	0
4516	0
4517	2
4518	0
4519	0
4520	1
4521	0
4522	1
4523	0
4524	0
4525	0
4526	1
4527	0
4528	1
4529	0
4530	0
4531	0
4532	1
4533	0
4534	0
4535	0
4536	0
4537	0
4538	0
4539	0
4540	0
4541	0
4542	0
4543	0
4544	0
4545	0
4546	0
4547	0
4548	1
4549	0
4550	0
4551	2
4552	0
4553	0
4554	0
4555	0
4556	0
4557	0
4558	0
4559	0
4560	0
4561	1
4562	1
4563	1
4564	1
4565	0
4566	0
4567	0
4568	0
4569	1
4570	0
4571	1
4572	0
4573	1
4574	0
4575	0
4576	0
4577	0
4578	0
4579	0
4580	0
4581	1
4582	0
4583	0
4584	0
4585	0
4586	0
4587	0
4588	0
4589	0
4590	0
4591	0
4592	0
4593	0
4594	0
4595	1
4596	0
4597	0
4598	1
4599	0
4600	0
4601	0
4602	0
4603	0
4604	0
4605	0
4606	0
4607	0
4608	0
4609	1
4610	0
4611	0
4612	1
4613	0
4614	0
4615	1
4616	0
4617	1
4618	0
4619	0
4620	0
4621	0
4622	0
4623	0
4624	0
4625	0
4626	0
4627	0
4628	0
4629	0
4630	0
4631	0
4632	0
4633	0
4634	0
4635	0
4636	0
4637	0
4638	0
4639	0
4640	0
4641	0
4642	0
4643	0
4644	0
4645	0
4646	0
4647	1
4648	0
4649	0
4650	0
4651	0
4652	0
4653	0
4654	0
4655	0
4656	2
4657	1
4658	0
4659	0
4660	0
4661	0
4662	1
4663	0
4664	0
4665	0
4666	2
4667	0
4668	1
4669	1
4670	0
4671	0
4672	0
4673	0
4674	1
4675	0
4676	1
4677	1
4678	0
4679	0
4680	1
4681	1
4682	0
4683	0
4684	0
4685	0
4686	0
4687	0
4688	1
4689	0
4690	1
4691	0
4692	0
4693	1
4694	0
4695	0
4696	0
4697	1
4698	0
4699	0
4700	0
4701	0
4702	0
4703	0
4704	0
4705	0
4706	0
4707	0
4708	0
4709	1
4710	0
4711	1
4712	0
4713	0
4714	0
4715	0
4716	2
4717	0
4718	0
4719	0
4720	0
4721	0
4722	0
4723	1
4724	1
4725	0
4726	0
4727	1
4728	0
4729	0
4730	0
4731	0
4732	1
4733	0
4734	0
4735	1
4736	0
4737	0
4738	2
4739	0
4740	0
4741	0
4742	0
4743	0
4744	0
4745	0
4746	0
4747	0
4748	0
4749	0
4750	1
4751	1
4752	0
4753	0
4754	0
4755	1
4756	0
4757	0
4758	0
4759	0
4760	0
4761	0
4762	0
4763	1
4764	0
4765	1
4766	0
4767	0
4768	1
4769	0
4770	0
4771	0
4772	1
4773	0
4774	0
4775	0
4776	0
4777	0
4778	1
4779	0
4780	1
4781	1
4782	1
4783	1
4784	0
4785	0
4786	0
4787	0
4788	0
4789	0
4790	0
4791	0
4792	0
4793	0
4794	0
4795	0
4796	0
4797	0
4798	1
4799	0
4800	0
4801	0
4802	0
4803	0
4804	0
4805	0
4806	0
4807	0
4808	1
4809	0
4810	0
4811	0
4812	0
4813	0
4814	0
4815	0
4816	0
4817	1
4818	0
4819	0
4820	1
4821	1
4822	1
4823	1
4824	0
4825	0
4826	0
4827	0
4828	0
4829	0
4830	1
4831	0
4832	0
4833	0
4834	0
4835	1
4836	1
4837	0
4838	0
4839	0
4840	0
4841	0
4842	1
4843	0
4844	0
4845	0
4846	0
4847	0
4848	1
4849	0
4850	1
4851	0
4852	1
4853	0
4854	0
4855	1
4856	1
4857	0
4858	0
4859	1
4860	0
4861	0
4862	0
4863	0
4864	0
4865	0
4866	0
4867	0
4868	0
4869	0
4870	1
4871	0
4872	0
4873	0
4874	0
4875	0
4876	0
4877	0
4878	1
4879	0
4880	0
4881	0
4882	0
4883	0
4884	2
4885	0
4886	0
4887	0
4888	0
4889	0
4890	0
4891	0
4892	0
4893	0
4894	0
4895	0
4896	0
4897	0
4898	0
4899	0
4900	0
4901	1
4902	1
4903	0
4904	1
4905	0
4906	0
4907	0
4908	0
4909	0
4910	0
4911	0
4912	0
4913	0
4914	0
4915	1
4916	0
4917	0
4918	0
4919	0
4920	0
4921	0
4922	0
4923	0
4924	1
4925	0
4926	0
4927	0
4928	0
4929	0
4930	0
4931	0
4932	0
4933	1
4934	1
4935	0
4936	0
4937	0
4938	0
4939	0
4940	0
4941	0
4942	0
4943	0
4944	0
4945	0
4946	0
4947	0
4948	2
4949	0
4950	0
4951	0
4952	0
4953	0
4954	0
4955	1
4956	1
4957	0
4958	0
4959	1
4960	0
4961	0
4962	0
4963	0
4964	0
4965	0
4966	0
4967	1
4968	0
4969	0
4970	0
4971	0
4972	0
4973	0
4974	0
4975	0
4976	0
4977	0
4978	2
4979	0
4980	0
4981	0
4982	1
4983	1
4984	0
4985	0
4986	0
4987	0
4988	0
4989	0
4990	0
4991	0
4992	1
4993	0
4994	0
4995	0
4996	0
4997	0
4998	0
4999	0
5000	0
5001	0
5002	1
5003	0
5004	0
5005	0
5006	1
5007	0
5008	0
5009	0
5010	1
5011	0
5012	0
5013	0
5014	0
5015	1
5016	0
5017	0
5018	2
5019	0
5020	0
5021	2
5022	1
5023	0
5024	0
5025	0
5026	0
5027	0
5028	0
5029	0
5030	1
5031	1
5032	0
5033	0
5034	0
5035	0
5036	0
5037	1
5038	0
5039	0
5040	0
5041	1
5042	2
5043	0
5044	0
5045	0
5046	0
5047	0
5048	0
5049	0
5050	0
5051	1
5052	0
5053	0
5054	0
5055	0
5056	0
5057	0
5058	1
5059	0
5060	0
5061	1
5062	0
5063	0
5064	0
5065	1
5066	0
5067	0
5068	0
5069	0
5070	1
5071	0
5072	0
5073	0
5074	0
5075	0
5076	0
5077	0
5078	0
5079	1
5080	0
5081	0
5082	0
5083	0
5084	0
5085	0
5086	0
5087	0
5088	0
5089	1
5090	0
5091	0
5092	0
5093	0
5094	0
5095	0
5096	0
5097	0
5098	1
5099	1
5100	0
5101	0
5102	0
5103	0
5104	0
5105	0
5106	1
5107	0
5108	0
5109	0
5110	1
5111	0
5112	0
5113	0
5114	1
5115	0
5116	0
5117	0
5118	0
5119	0
5120	1
5121	0
5122	0
5123	0
5124	0
5125	0
5126	0
5127	0
5128	0
5129	1
5130	0
5131	1
5132	0
5133	0
5134	0
5135	0
5136	0
5137	1
5138	0
5139	0
5140	0
5141	1
5142	1
5143	0
5144	0
5145	1
5146	1
5147	0
5148	0
5149	1
5150	1
5151	0
5152	0
5153	0
5154	0
5155	0
5156	0
5157	0
5158	0
5159	0
5160	0
5161	0
5162	0
5163	0
5164	0
5165	0
5166	0
5167	0
5168	0
5169	0
5170	0
5171	0
5172	1
5173	1
5174	0
5175	0
5176	0
5177	0
5178	0
5179	1
5180	0
5181	0
5182	0
5183	0
5184	1
5185	1
5186	0
5187	1
5188	1
5189	0
5190	0
5191	0
5192	1
5193	0
5194	1
5195	0
5196	0
5197	0
5198	0
5199	1
5200	0
5201	1
5202	1
5203	0
5204	1
5205	1
5206	0
5207	1
5208	0
5209	0
5210	0
5211	0
5212	0
5213	0
5214	0
5215	0
5216	0
5217	0
5218	0
5219	0
5220	0
5221	1
5222	0
5223	0
5224	1
5225	0
5226	0
5227	1
5228	0
5229	0
5230	0
5231	0
5232	1
5233	0
5234	0
5235	2
5236	1
5237	0
5238	0
5239	0
5240	0
5241	0
5242	0
5243	0
5244	0
5245	0
5246	1
5247	0
5248	0
5249	0
5250	0
5251	0
5252	0
5253	0
5254	0
5255	0
5256	0
5257	1
5258	0
5259	1
5260	0
5261	0
5262	0
5263	0
5264	0
5265	0
5266	0
5267	0
5268	0
5269	0
5270	0
5271	0
5272	0
5273	0
5274	0
5275	1
5276	0
5277	0
5278	0
5279	0
5280	0
5281	1
5282	0
5283	0
5284	0
5285	2
5286	0
5287	0
5288	0
5289	1
5290	0
5291	0
5292	0
5293	0
5294	0
5295	0
5296	0
5297	1
5298	0
5299	0
5300	1
5301	0
5302	0
5303	0
5304	0
5305	0
5306	0
5307	1
5308	0
5309	0
5310	0
5311	0
5312	0
5313	1
5314	0
5315	0
5316	0
5317	0
5318	0
5319	0
5320	0
5321	0
5322	0
5323	0
5324	0
5325	0
5326	0
5327	1
5328	1
5329	0
5330	0
5331	1
5332	0
5333	0
5334	0
5335	0
5336	0
5337	0
5338	1
5339	0
5340	0
5341	0
5342	0
5343	0
5344	0
5345	1
5346	0
5347	0
5348	0
5349	0
5350	0
5351	0
5352	0
5353	0
5354	0
5355	0
5356	0
5357	1
5358	0
5359	1
5360	1
5361	0
5362	0
5363	0
5364	0
5365	0
5366	0
5367	1
5368	0
5369	0
5370	1
5371	1
5372	0
5373	0
5374	0
5375	1
5376	0
5377	0
5378	0
5379	0
5380	0
5381	0
5382	0
5383	0
5384	0
5385	0
5386	0
5387	1
5388	0
5389	0
5390	0
5391	0
5392	0
5393	0
5394	1
5395	0
5396	0
5397	0
5398	0
5399	0
5400	0
5401	0
5402	0
5403	0
5404	0
5405	1
5406	0
5407	0
5408	0
5409	1
5410	0
5411	1
5412	0
5413	0
5414	0
5415	0
5416	0
5417	0
5418	0
5419	0
5420	0
5421	1
5422	0
5423	0
5424	0
5425	1
5426	0
5427	0
5428	0
5429	0
5430	0
5431	0
5432	0
5433	0
5434	0
5435	1
5436	0
5437	0
5438	0
5439	0
5440	1
5441	0
5442	0
5443	1
5444	0
5445	0
5446	0
5447	0
5448	0
5449	0
5450	0
5451	0
5452	0
5453	0
5454	0
5455	0
5456	0
5457	1
5458	0
5459	0
5460	0
5461	0
5462	0
5463	0
5464	0
5465	0
5466	0
5467	0
5468	0
5469	0
5470	1
5471	0
5472	0
5473	0
5474	0
5475	0
5476	0
5477	0
5478	2
5479	1
5480	0
5481	1
5482	0
5483	0
5484	0
5485	0
5486	0
5487	0
5488	0
5489	0
5490	0
5491	1
5492	0
5493	0
5494	0
5495	0
5496	1
5497	0
5498	0
5499	1
5500	0
5501	1
5502	0
5503	0
5504	0
5505	0
5506	0
5507	0
5508	0
5509	1
5510	0
5511	0
5512	0
5513	0
5514	0
5515	0
5516	1
5517	0
5518	0
5519	1
5520	0
5521	0
5522	0
5523	0
5524	0
5525	2
5526	0
5527	0
5528	0
5529	1
5530	0
5531	0
5532	1
5533	0
5534	1
5535	0
5536	0
5537	0
5538	1
5539	0
5540	1
5541	0
5542	0
5543	0
5544	0
5545	0
5546	0
5547	0
5548	1
5549	0
5550	0
5551	1
5552	0
5553	0
5554	0
5555	1
5556	1
5557	1
5558	0
5559	0
5560	2
5561	1
5562	0
5563	0
5564	1
5565	1
5566	0
5567	1
5568	0
5569	0
5570	0
5571	0
5572	0
5573	0
5574	2
5575	0
5576	0
5577	0
5578	0
5579	0
5580	0
5581	2
5582	0
5583	0
5584	1
5585	1
5586	1
5587	1
5588	0
5589	0
5590	1
5591	0
5592	0
5593	0
5594	0
5595	0
5596	1
5597	1
5598	0
5599	0
5600	1
5601	0
5602	0
5603	0
5604	1
5605	0
5606	1
5607	0
5608	1
5609	1
5610	0
5611	0
5612	2
5613	0
5614	0
5615	0
5616	0
5617	0
5618	0
5619	2
5620	1
5621	0
5622	0
5623	0
5624	0
5625	0
5626	0
5627	0
5628	0
5629	0
5630	0
5631	1
5632	0
5633	0
5634	0
5635	1
5636	1
5637	0
5638	0
5639	1
5640	0
5641	1
5642	1
5643	0
5644	1
5645	0
5646	2
5647	1
5648	1
5649	0
5650	0
5651	1
5652	0
5653	0
5654	0
5655	2
5656	0
5657	0
5658	0
5659	1
5660	0
5661	1
5662	0
5663	0
5664	0
5665	1
5666	0
5667	0
5668	2
5669	0
5670	1
5671	0
5672	0
5673	0
5674	0
5675	0
5676	0
5677	1
5678	1
5679	0
5680	2
5681	0
5682	1
5683	1
5684	1
5685	0
5686	0
5687	0
5688	0
5689	2
5690	1
5691	0
5692	0
5693	2
5694	0
5695	2
5696	0
5697	0
5698	3
5699	0
5700	1
5701	2
5702	0
5703	1
5704	0
5705	3
5706	0
5707	0
5708	2
5709	4
5710	1
5711	0
5712	3
5713	2
5714	3
5715	3
5716	0
5717	2
5718	1
5719	3
5720	2
5721	2
5722	0
5723	1
5724	4
5725	1
5726	1
5727	1
5728	1
5729	2
5730	1
5731	3
5732	1
5733	0
5734	3
5735	4
5736	3
5737	2
5738	1
5739	0
5740	3
5741	3
5742	2
5743	2
5744	2
5745	4
5746	0
5747	1
5748	2
5749	4
5750	3
5751	2
5752	1
5753	4
5754	1
5755	1
5756	1
5757	2
5758	4
5759	3
5760	1
5761	2
5762	0
5763	3
5764	4
5765	6
5766	5
5767	0
5768	3
5769	3
5770	3
5771	1
5772	2
5773	5
5774	4
5775	2
5776	5
5777	4
5778	3
5779	4
5780	6
5781	7
5782	4
5783	5
5784	5
5785	3
5786	5
5787	5
5788	4
5789	1
5790	3
5791	4
5792	4
5793	5
5794	4
5795	11
5796	5
5797	2
5798	4
5799	5
5800	7
5801	5
5802	9
5803	6
5804	4
5805	4
5806	5
5807	8
5808	6
5809	6
5810	3
5811	13
5812	7
5813	14
5814	9
5815	10
5816	10
5817	9
5818	9
5819	4
5820	7
5821	7
5822	8
5823	6
5824	8
5825	7
5826	4
5827	6
5828	8
5829	9
5830	3
5831	8
5832	11
5833	8
5834	12
5835	12
5836	3
5837	13
5838	17
5839	7
5840	11
5841	7
5842	12
5843	6
5844	11
5845	4
5846	4
5847	10
5848	6
5849	14
5850	6
5851	13
5852	13
5853	11
5854	13
5855	3
5856	9
5857	6
5858	8
5859	7
5860	14
5861	2
5862	6
5863	8
5864	6
5865	10
5866	9
5867	9
5868	7
5869	8
5870	6
5871	8
5872	6
5873	8
5874	10
5875	6
5876	12
5877	2
5878	6
5879	15
5880	8
5881	7
5882	5
5883	13
5884	6
5885	8
5886	4
5887	7
5888	8
5889	12
5890	8
5891	7
5892	3
5893	7
5894	9
5895	10
5896	14
5897	10
5898	11
5899	14
5900	7
5901	6
5902	9
5903	7
5904	6
5905	7
5906	11
5907	10
5908	7
5909	13
5910	9
5911	15
5912	6
5913	11
5914	2
5915	11
5916	11
5917	7
5918	9
5919	18
5920	17
5921	8
5922	11
5923	11
5924	7
5925	9
5926	9
5927	4
5928	8
5929	3
5930	11
5931	8
5932	7
5933	13
5934	7
5935	13
5936	6
5937	5
5938	12
5939	11
5940	8
5941	8
5942	9
5943	8
5944	7
5945	9
5946	12
5947	11
5948	5
5949	10
5950	5
5951	11
5952	4
5953	7
5954	7
5955	6
5956	9
5957	9
5958	5
5959	4
5960	7
5961	4
5962	6
5963	2
5964	6
5965	3
5966	3
5967	11
5968	5
5969	3
5970	8
5971	3
5972	9
5973	5
5974	4
5975	4
5976	4
5977	4
5978	5
5979	5
5980	7
5981	4
5982	3
5983	6
5984	2
5985	0
5986	6
5987	6
5988	1
5989	8
5990	3
5991	2
5992	2
5993	4
5994	3
5995	5
5996	7
5997	3
5998	3
5999	7
6000	2
6001	3
6002	1
6003	6
6004	5
6005	4
6006	4
6007	3
6008	1
6009	4
6010	3
6011	1
6012	4
6013	2
6014	1
6015	5
6016	7
6017	0
6018	3
6019	2
6020	2
6021	7
6022	3
6023	1
6024	3
6025	1
6026	1
6027	2
6028	4
6029	1
6030	4
6031	4
6032	3
6033	1
6034	2
6035	3
6036	3
6037	1
6038	2
6039	6
6040	1
6041	2
6042	1
6043	2
6044	4
6045	3
6046	1
6047	3
6048	2
6049	2
6050	1
6051	4
6052	1
6053	6
6054	3
6055	2
6056	4
6057	2
6058	0
6059	3
6060	1
6061	2
6062	0
6063	1
6064	2
6065	1
6066	2
6067	3
6068	2
6069	2
6070	1
6071	5
6072	1
6073	3
6074	1
6075	2
6076	2
6077	2
6078	2
6079	2
6080	5
6081	2
6082	0
6083	2
6084	3
6085	3
6086	3
6087	2
6088	2
6089	1
6090	0
6091	5
6092	1
6093	6
6094	4
6095	5
6096	2
6097	4
6098	4
6099	4
6100	3
6101	5
6102	3
6103	2
6104	3
6105	0
6106	3
6107	4
6108	4
6109	2
6110	2
6111	4
6112	3
6113	3
6114	4
6115	5
6116	3
6117	2
6118	2
6119	3
6120	3
6121	4
6122	2
6123	8
6124	4
6125	1
6126	3
6127	6
6128	4
6129	3
6130	1
6131	2
6132	3
6133	1
6134	2
6135	1
6136	3
6137	5
6138	1
6139	3
6140	2
6141	3
6142	2
6143	2
6144	6
6145	5
6146	18
6147	45
6148	59
6149	61
6150	75
6151	47
6152	26
6153	21
6154	14
6155	14
6156	33
6157	33
6158	14
6159	6
6160	2
6161	0
6162	0
6163	0
6164	0
6165	0
6166	0
6167	0
6168	0
6169	0
6170	0
6171	0
6172	0
6173	0
6174	0
6175	0
6176	0
6177	0
6178	0
6179	0
6180	0
6181	0
6182	0
6183	0
6184	0
6185	0
6186	0
6187	0
6188	0
6189	0
6190	0
6191	0
6192	0
6193	0
6194	0
6195	0
6196	0
6197	0
6198	0
6199	0
6200	0
6201	0
6202	0
6203	0
6204	0
6205	0
6206	0
6207	0
6208	0
6209	0
6210	0
6211	0
6212	0
6213	0
6214	0
6215	0
6216	0
6217	0
6218	0
6219	0
6220	0
6221	0
6222	0
6223	0
6224	0
6225	0
6226	0
6227	0
6228	0
6229	0
6230	0
6231	0
6232	0
6233	0
6234	0
6235	0
6236	0
6237	0
6238	0
6239	0
6240	0
6241	0
6242	0
6243	0
6244	0
6245	0
6246	0
6247	0
6248	0
6249	0
6250	0
6251	0
6252	0
6253	0
6254	0
6255	0
6256	0
6257	0
6258	0
6259	0
6260	0
6261	0
6262	0
6263	0
6264	0
6265	0
6266	0
6267	0
6268	0
6269	0
6270	0
6271	0
6272	0
6273	0
6274	0
6275	0
6276	0
6277	0
6278	0
6279	0
6280	0
6281	0
6282	0
6283	0
6284	0
6285	0
6286	0
6287	0
6288	0
6289	0
6290	0
6291	0
6292	0
6293	0
6294	0
6295	0
6296	0
6297	0
6298	0
6299	0
6300	0
6301	0
6302	0
6303	0
6304	0
6305	0
6306	0
6307	0
6308	0
6309	0
6310	0
6311	0
6312	0
6313	0
6314	0
6315	0
6316	0
6317	0
6318	0
6319	0
6320	0
6321	0
6322	0
6323	0
6324	0
6325	0
6326	0
6327	0
6328	0
6329	0
6330	0
6331	0
6332	0
6333	0
6334	0
6335	0
6336	0
6337	0
6338	0
6339	0
6340	0
6341	0
6342	0
6343	0
6344	0
6345	0
6346	0
6347	0
6348	0
6349	0
6350	0
6351	0
6352	0
6353	0
6354	0
6355	0
6356	0
6357	0
6358	0
6359	0
6360	0
6361	0
6362	0
6363	0
6364	0
6365	0
6366	0
6367	0
6368	0
6369	0
6370	0
6371	0
6372	0
6373	0
6374	0
6375	0
6376	0
6377	0
6378	0
6379	0
6380	0
6381	0
6382	0
6383	0
6384	0
6385	0
6386	0
6387	0
6388	0
6389	0
6390	0
6391	0
6392	0
6393	0
6394	0
6395	0
6396	0
6397	0
6398	0
6399	0
6400	0
6401	0
6402	0
6403	0
6404	0
6405	0
6406	0
6407	0
6408	0
6409	0
6410	0
6411	0
6412	0
6413	0
6414	0
6415	0
6416	0
6417	0
6418	0
6419	0
6420	0
6421	0
6422	0
6423	0
6424	0
6425	0
6426	0
6427	0
6428	0
6429	0
6430	0
6431	0
6432	0
6433	0
6434	0
6435	0
6436	0
6437	0
6438	0
6439	0
6440	0
6441	0
6442	0
6443	0
6444	0
6445	0
6446	0
6447	0
6448	0
6449	0
6450	0
6451	0
6452	0
6453	0
6454	0
6455	0
6456	0
6457	0
6458	0
6459	0
6460	0
6461	0
6462	0
6463	0
6464	0
6465	0
6466	0
6467	0
6468	0
6469	0
6470	0
6471	0
6472	0
6473	0
6474	0
6475	0
6476	0
6477	0
6478	0
6479	0
6480	0
6481	0
6482	0
6483	0
6484	0
6485	0
6486	0
6487	0
6488	0
6489	0
6490	0
6491	0
6492	0
6493	0
6494	0
6495	0
6496	0
6497	0
6498	0
6499	0
6500	0
6501	0
6502	0
6503	0
6504	0
6505	0
6506	0
6507	0
6508	0
6509	0
6510	0
6511	0
6512	0
6513	0
6514	0
6515	0
6516	0
6517	0
6518	0
6519	0
6520	0
6521	0
6522	0
6523	0
6524	0
6525	0
6526	0
6527	0
6528	0
6529	0
6530	0
6531	0
6532	0
6533	0
6534	0
6535	0
6536	0
6537	0
6538	0
6539	0
6540	0
6541	0
6542	0
6543	0
6544	0
6545	0
6546	0
6547	0
6548	0
6549	0
6550	0
6551	0
6552	0
6553	0
6554	0
6555	0
6556	0
6557	0
6558	0
6559	0
6560	0
6561	0
6562	0
6563	0
6564	0
6565	0
6566	0
6567	0
6568	0
6569	0
6570	0
6571	0
6572	0
6573	0
6574	0
6575	0
6576	0
6577	0
6578	0
6579	0
6580	0
6581	0
6582	0
6583	0
6584	0
6585	0
6586	0
6587	0
6588	0
6589	0
6590	0
6591	0
6592	0
6593	0
6594	0
6595	0
6596	0
6597	0
6598	0
6599	0
6600	0
6601	0
6602	0
6603	0
6604	0
6605	0
6606	0
6607	0
6608	0
6609	0
6610	0
6611	0
6612	0
6613	0
6614	0
6615	0
6616	0
6617	0
6618	0
6619	0
6620	0
6621	0
6622	0
6623	0
6624	0
6625	0
6626	0
6627	0
6628	0
6629	0
6630	0
6631	0
6632	0
6633	0
6634	0
6635	0
6636	0
6637	0
6638	0
6639	0
6640	0
6641	0
6642	0
6643	0
6644	0
6645	0
6646	0
6647	0
6648	0
6649	0
6650	0
6651	0
6652	0
6653	0
6654	0
6655	0
6656	0
6657	0
6658	0
6659	0
6660	0
6661	0
6662	0
6663	0
6664	0
6665	0
6666	0
6667	0
6668	0
6669	0
6670	0
6671	0
6672	0
6673	0
6674	0
6675	0
6676	0
6677	0
6678	0
6679	0
6680	0
6681	0
6682	0
6683	0
6684	0
6685	0
6686	0
6687	0
6688	0
6689	0
6690	0
6691	0
6692	0
6693	0
6694	0
6695	0
6696	0
6697	0
6698	0
6699	0
6700	0
6701	0
6702	0
6703	0
6704	0
6705	0
6706	0
6707	0
6708	0
6709	0
6710	0
6711	0
6712	0
6713	0
6714	0
6715	0
6716	0
6717	0
6718	0
6719	0
6720	0
6721	0
6722	0
6723	0
6724	0
6725	0
6726	0
6727	0
6728	0
6729	0
6730	0
6731	0
6732	0
6733	0
6734	0
6735	0
6736	0
6737	0
6738	0
6739	0
6740	0
6741	0
6742	0
6743	0
6744	0
6745	0
6746	0
6747	0
6748	0
6749	0
6750	0
6751	0
6752	0
6753	0
6754	0
6755	0
6756	0
6757	0
6758	0
6759	0
6760	0
6761	0
6762	0
6763	0
6764	0
6765	0
6766	0
6767	0
6768	0
6769	0
6770	0
6771	0
6772	0
6773	0
6774	0
6775	0
6776	0
6777	0
6778	0
6779	0
6780	0
6781	0
6782	0
6783	0
6784	0
6785	0
6786	0
6787	0
6788	0
6789	0
6790	0
6791	0
6792	0
6793	0
6794	0
6795	0
6796	0
6797	0
6798	0
6799	0
6800	0
6801	0
6802	0
6803	0
6804	0
6805	0
6806	0
6807	0
6808	0
6809	0
6810	0
6811	0
6812	0
6813	0
6814	0
6815	0
6816	0
6817	0
6818	0
6819	0
6820	0
6821	0
6822	0
6823	0
6824	0
6825	0
6826	0
6827	0
6828	0
6829	0
6830	0
6831	0
6832	0
6833	0
6834	0
6835	0
6836	0
6837	0
6838	0
6839	0
6840	0
6841	0
6842	0
6843	0
6844	0
6845	0
6846	0
6847	0
6848	0
6849	0
6850	0
6851	0
6852	0
6853	0
6854	0
6855	0
6856	0
6857	0
6858	0
6859	0
6860	0
6861	0
6862	0
6863	0
6864	0
6865	0
6866	0
6867	0
6868	0
6869	0
6870	0
6871	0
6872	0
6873	0
6874	0
6875	0
6876	0
6877	0
6878	0
6879	0
6880	0
6881	0
6882	0
6883	0
6884	0
6885	0
6886	0
6887	0
6888	0
6889	0
6890	0
6891	0
6892	0
6893	0
6894	0
6895	0
6896	0
6897	0
6898	0
6899	0
6900	0
6901	0
6902	0
6903	0
6904	0
6905	0
6906	0
6907	0
6908	0
6909	0
6910	0
6911	0
6912	0
6913	0
6914	0
6915	0
6916	0
6917	0
6918	0
6919	0
6920	0
6921	0
6922	0
6923	0
6924	0
6925	0
6926	0
6927	0
6928	0
6929	0
6930	0
6931	0
6932	0
6933	0
6934	0
6935	0
6936	0
6937	0
6938	0
6939	0
6940	0
6941	0
6942	0
6943	0
6944	0
6945	0
6946	0
6947	0
6948	0
6949	0
6950	0
6951	0
6952	0
6953	0
6954	0
6955	0
6956	0
6957	0
6958	0
6959	0
6960	0
6961	0
6962	0
6963	0
6964	0
6965	0
6966	0
6967	0
6968	0
6969	0
6970	0
6971	0
6972	0
6973	0
6974	0
6975	0
6976	0
6977	0
6978	0
6979	0
6980	0
6981	0
6982	0
6983	0
6984	0
6985	0
6986	0
6987	0
6988	0
6989	0
6990	0
6991	0
6992	0
6993	0
6994	0
6995	0
6996	0
6997	0
6998	0
6999	0
7000	0
7001	0
7002	0
7003	0
7004	0
7005	0
7006	0
7007	0
7008	0
7009	0
7010	0
7011	0
7012	0
7013	0
7014	0
7015	0
7016	0
7017	0
7018	0
7019	0
7020	0
7021	0
7022	0
7023	0
7024	0
7025	0
7026	0
7027	0
7028	0
7029	0
7030	0
7031	0
7032	0
7033	0
7034	0
7035	0
7036	0
7037	0
7038	0
7039	0
7040	0
7041	0
7042	0
7043	0
7044	0
7045	0
7046	0
7047	0
7048	0
7049	0
7050	0
7051	0
7052	0
7053	0
7054	0
7055	0
7056	0
7057	0
7058	0
7059	0
7060	0
7061	0
7062	0
7063	0
7064	0
7065	0
7066	0
7067	0
7068	0
7069	0
7070	0
7071	0
7072	0
7073	0
7074	0
7075	0
7076	0
7077	0
7078	0
7079	0
7080	0
7081	0
7082	0
7083	0
7084	0
7085	0
7086	0
7087	0
7088	0
7089	0
7090	0
7091	0
7092	0
7093	0
7094	0
7095	0
7096	0
7097	0
7098	0
7099	0
7100	0
7101	0
7102	0
7103	0
7104	0
7105	0
7106	0
7107	0
7108	0
7109	0
7110	0
7111	0
7112	0
7113	0
7114	0
7115	0
7116	0
7117	0
7118	0
7119	0
7120	0
7121	0
7122	0
7123	0
7124	0
7125	0
7126	0
7127	0
7128	0
7129	0
7130	0
7131	0
7132	0
7133	0
7134	0
7135	0
7136	0
7137	0
7138	0
7139	0
7140	0
7141	0
7142	0
7143	0
7144	0
7145	0
7146	0
7147	0
7148	0
7149	0
7150	0
7151	0
7152	0
7153	0
7154	0
7155	0
7156	0
7157	0
7158	0
7159	0
7160	0
7161	0
7162	0
7163	0
7164	0
7165	0
7166	0
7167	0
7168	0
7169	0
7170	0
7171	0
7172	0
7173	0
7174	0
7175	0
7176	0
7177	0
7178	0
7179	0
7180	0
7181	0
7182	0
7183	0
7184	0
7185	0
7186	0
7187	0
7188	0
7189	0
7190	0
7191	0
7192	0
7193	0
7194	0
7195	0
7196	0
7197	0
7198	0
7199	0
7200	0
7201	0
7202	0
7203	0
7204	0
7205	0
7206	0
7207	0
7208	0
7209	0
7210	0
7211	0
7212	0
7213	0
7214	0
7215	0
7216	0
7217	0
7218	0
7219	0
7220	0
7221	0
7222	0
7223	0
7224	0
7225	0
7226	0
7227	0
7228	0
7229	0
7230	0
7231	0
7232	0
7233	0
7234	0
7235	0
7236	0
7237	0
7238	0
7239	0
7240	0
7241	0
7242	0
7243	0
7244	0
7245	0
7246	0
7247	0
7248	0
7249	0
7250	0
7251	0
7252	0
7253	0
7254	0
7255	0
7256	0
7257	0
7258	0
7259	0
7260	0
7261	0
7262	0
7263	0
7264	0
7265	0
7266	0
7267	0
7268	0
7269	0
7270	0
7271	0
7272	0
7273	0
7274	0
7275	0
7276	0
7277	0
7278	0
7279	0
7280	0
7281	0
7282	0
7283	0
7284	0
7285	0
7286	0
7287	0
7288	0
7289	0
7290	0
7291	0
7292	0
7293	0
7294	0
7295	0
7296	0
7297	0
7298	0
7299	0
7300	0
7301	0
7302	0
7303	0
7304	0
7305	0
7306	0
7307	0
7308	0
7309	0
7310	0
7311	0
7312	0
7313	0
7314	0
7315	0
7316	0
7317	0
7318	0
7319	0
7320	0
7321	0
7322	0
7323	0
7324	0
7325	0
7326	0
7327	0
7328	0
7329	0
7330	0
7331	0
7332	0
7333	0
7334	0
7335	0
7336	0
7337	0
7338	0
7339	0
7340	0
7341	0
7342	0
7343	0
7344	0
7345	0
7346	0
7347	0
7348	0
7349	0
7350	0
7351	0
7352	0
7353	0
7354	0
7355	0
7356	0
7357	0
7358	0
7359	0
7360	0
7361	0
7362	0
7363	0
7364	0
7365	0
7366	0
7367	0
7368	0
7369	0
7370	0
7371	0
7372	0
7373	0
7374	0
7375	0
7376	0
7377	0
7378	0
7379	0
7380	0
7381	0
7382	0
7383	0
7384	0
7385	0
7386	0
7387	0
7388	0
7389	0
7390	0
7391	0
7392	0
7393	0
7394	0
7395	0
7396	0
7397	0
7398	0
7399	0
7400	0
7401	0
7402	0
7403	0
7404	0
7405	0
7406	0
7407	0
7408	0
7409	0
7410	0
7411	0
7412	0
7413	0
7414	0
7415	0
7416	0
7417	0
7418	0
7419	0
7420	0
7421	0
7422	0
7423	0
7424	0
7425	0
7426	0
7427	0
7428	0
7429	0
7430	0
7431	0
7432	0
7433	0
7434	0
7435	0
7436	0
7437	0
7438	0
7439	0
7440	0
7441	0
7442	0
7443	0
7444	0
7445	0
7446	0
7447	0
7448	0
7449	0
7450	0
7451	0
7452	0
7453	0
7454	0
7455	0
7456	0
7457	0
7458	0
7459	0
7460	0
7461	0
7462	0
7463	0
7464	0
7465	0
7466	0
7467	0
7468	0
7469	0
7470	0
7471	0
7472	0
7473	0
7474	0
7475	0
7476	0
7477	0
7478	0
7479	0
7480	0
7481	0
7482	0
7483	0
7484	0
7485	0
7486	0
7487	0
7488	0
7489	0
7490	0
7491	0
7492	0
7493	0
7494	0
7495	0
7496	0
7497	0
7498	0
7499	0
7500	0
7501	0
7502	0
7503	0
7504	0
7505	0
7506	0
7507	0
7508	0
7509	0
7510	0
7511	0
7512	0
7513	0
7514	0
7515	0
7516	0
7517	0
7518	0
7519	0
7520	0
7521	0
7522	0
7523	0
7524	0
7525	0
7526	0
7527	0
7528	0
7529	0
7530	0
7531	0
7532	0
7533	0
7534	0
7535	0
7536	0
7537	0
7538	0
7539	0
7540	0
7541	0
7542	0
7543	0
7544	0
7545	0
7546	0
7547	0
7548	0
7549	0
7550	0
7551	0
7552	0
7553	0
7554	0
7555	0
7556	0
7557	0
7558	0
7559	0
7560	0
7561	0
7562	0
7563	0
7564	0
7565	0
7566	0
7567	0
7568	0
7569	0
7570	0
7571	0
7572	0
7573	0
7574	0
7575	0
7576	0
7577	0
7578	0
7579	0
7580	0
7581	0
7582	0
7583	0
7584	0
7585	0
7586	0
7587	0
7588	0
7589	0
7590	0
7591	0
7592	0
7593	0
7594	0
7595	0
7596	0
7597	0
7598	0
7599	0
7600	0
7601	0
7602	0
7603	0
7604	0
7605	0
7606	0
7607	0
7608	0
7609	0
7610	0
7611	0
7612	0
7613	0
7614	0
7615	0
7616	0
7617	0
7618	0
7619	0
7620	0
7621	0
7622	0
7623	0
7624	0
7625	0
7626	0
7627	0
7628	0
7629	0
7630	0
7631	0
7632	0
7633	0
7634	0
7635	0
7636	0
7637	0
7638	0
7639	0
7640	0
7641	0
7642	0
7643	0
7644	0
7645	0
7646	0
7647	0
7648	0
7649	0
7650	0
7651	0
7652	0
7653	0
7654	0
7655	0
7656	0
7657	0
7658	0
7659	0
7660	0
7661	0
7662	0
7663	0
7664	0
7665	0
7666	0
7667	0
7668	0
7669	0
7670	0
7671	0
7672	0
7673	0
7674	0
7675	0
7676	0
7677	0
7678	0
7679	0
7680	0
7681	0
7682	0
7683	0
7684	0
7685	0
7686	0
7687	0
7688	0
7689	0
7690	0
7691	0
7692	0
7693	0
7694	0
7695	0
7696	0
7697	0
7698	0
7699	0
7700	0
7701	0
7702	0
7703	0
7704	0
7705	0
7706	0
7707	0
7708	0
7709	0
7710	0
7711	0
7712	0
7713	0
7714	0
7715	0
7716	0
7717	0
7718	0
7719	0
7720	0
7721	0
7722	0
7723	0
7724	0
7725	0
7726	0
7727	0
7728	0
7729	0
7730	0
7731	0
7732	0
7733	0
7734	0
7735	0
7736	0
7737	0
7738	0
7739	0
7740	0
7741	0
7742	0
7743	0
7744	0
7745	0
7746	0
7747	0
7748	0
7749	0
7750	0
7751	0
7752	0
7753	0
7754	0
7755	0
7756	0
7757	0
7758	0
7759	0
7760	0
7761	0
7762	0
7763	0
7764	0
7765	0
7766	0
7767	0
7768	0
7769	0
7770	0
7771	0
7772	0
7773	0
7774	0
7775	0
7776	0
7777	0
7778	0
7779	0
7780	0
7781	0
7782	0
7783	0
7784	0
7785	0
7786	0
7787	0
7788	0
7789	0
7790	0
7791	0
7792	0
7793	0
7794	0
7795	0
7796	0
7797	0
7798	0
7799	0
7800	0
7801	0
7802	0
7803	0
7804	0
7805	0
7806	0
7807	0
7808	0
7809	0
7810	0
7811	0
7812	0
7813	0
7814	0
7815	0
7816	0
7817	0
7818	0
7819	0
7820	0
7821	0
7822	0
7823	0
7824	0
7825	0
7826	0
7827	0
7828	0
7829	0
7830	0
7831	0
7832	0
7833	0
7834	0
7835	0
7836	0
7837	0
7838	0
7839	0
7840	0
7841	0
7842	0
7843	0
7844	0
7845	0
7846	0
7847	0
7848	0
7849	0
7850	0
7851	0
7852	0
7853	0
7854	0
7855	0
7856	0
7857	0
7858	0
7859	0
7860	0
7861	0
7862	0
7863	0
7864	0
7865	0
7866	0
7867	0
7868	0
7869	0
7870	0
7871	0
7872	0
7873	0
7874	0
7875	0
7876	0
7877	0
7878	0
7879	0
7880	0
7881	0
7882	0
7883	0
7884	0
7885	0
7886	0
7887	0
7888	0
7889	0
7890	0
7891	0
7892	0
7893	0
7894	0
7895	0
7896	0
7897	0
7898	0
7899	0
7900	0
7901	0
7902	0
7903	0
7904	0
7905	0
7906	0
7907	0
7908	0
7909	0
7910	0
7911	0
7912	0
7913	0
7914	0
7915	0
7916	0
7917	0
7918	0
7919	0
7920	0
7921	0
7922	0
7923	0
7924	0
7925	0
7926	0
7927	0
7928	0
7929	0
7930	0
7931	0
7932	0
7933	0
7934	0
7935	0
7936	0
7937	0
7938	0
7939	0
7940	0
7941	0
7942	0
7943	0
7944	0
7945	0
7946	0
7947	0
7948	0
7949	0
7950	0
7951	0
7952	0
7953	0
7954	0
7955	0
7956	0
7957	0
7958	0
7959	0
7960	0
7961	0
7962	0
7963	0
7964	0
7965	0
7966	0
7967	0
7968	0
7969	0
7970	0
7971	0
7972	0
7973	0
7974	0
7975	0
7976	0
7977	0
7978	0
7979	0
7980	0
7981	0
7982	0
7983	0
7984	0
7985	0
7986	0
7987	0
7988	0
7989	0
7990	0
7991	0
7992	0
7993	0
7994	0
7995	0
7996	0
7997	0
7998	0
7999	0
8000	0
8001	0
8002	0
8003	0
8004	0
8005	0
8006	0
8007	0
8008	0
8009	0
8010	0
8011	0
8012	0
8013	0
8014	0
8015	0
8016	0
8017	0
8018	0
8019	0
8020	0
8021	0
8022	0
8023	0
8024	0
8025	0
8026	0
8027	0
8028	0
8029	0
8030	0
8031	0
8032	0
8033	0
8034	0
8035	0
8036	0
8037	0
8038	0
8039	0
8040	0
8041	0
8042	0
8043	0
8044	0
8045	0
8046	0
8047	0
8048	0
8049	0
8050	0
8051	0
8052	0
8053	0
8054	0
8055	0
8056	0
8057	0
8058	0
8059	0
8060	0
8061	0
8062	0
8063	0
8064	0
8065	0
8066	0
8067	0
8068	0
8069	0
8070	0
8071	0
8072	0
8073	0
8074	0
8075	0
8076	0
8077	0
8078	0
8079	0
8080	0
8081	0
8082	0
8083	0
8084	0
8085	0
8086	0
8087	0
8088	0
8089	0
8090	0
8091	0
8092	0
8093	0
8094	0
8095	0
8096	0
8097	0
8098	0
8099	0
8100	0
8101	0
8102	0
8103	0
8104	0
8105	0
8106	0
8107	0
8108	0
8109	0
8110	0
8111	0
8112	0
8113	0
8114	0
8115	0
8116	0
8117	0
8118	0
8119	0
8120	0
8121	0
8122	0
8123	0
8124	0
8125	0
8126	0
8127	0
8128	0
8129	0
8130	0
8131	0
8132	0
8133	0
8134	0
8135	0
8136	0
8137	0
8138	0
8139	0
8140	0
8141	0
8142	0
8143	0
8144	0
8145	0
8146	0
8147	0
8148	0
8149	0
8150	0
8151	0
8152	0
8153	0
8154	0
8155	0
8156	0
8157	0
8158	0
8159	0
8160	0
8161	0
8162	0
8163	0
8164	0
8165	0
8166	0
8167	0
8168	0
8169	0
8170	0
8171	0
8172	0
8173	0
8174	0
8175	0
8176	0
8177	0
8178	0
8179	0
8180	0
8181	0
8182	0
8183	0
8184	0
8185	0
8186	0
8187	0
8188	0
8189	0
8190	0
8191	0
