0	0
1	0
2	0
3	0
4	0
5	0
6	0
7	0
8	0
9	0
10	0
11	0
12	0
13	0
14	0
15	0
16	0
17	0
18	0
19	0
20	0
21	0
22	0
23	0
24	0
25	0
26	0
27	0
28	0
29	0
30	0
31	0
32	0
33	0
34	0
35	0
36	0
37	0
38	0
39	0
40	0
41	0
42	0
43	0
44	0
45	0
46	0
47	0
48	0
49	0
50	0
51	0
52	0
53	0
54	0
55	0
56	0
57	0
58	0
59	0
60	0
61	0
62	0
63	0
64	0
65	0
66	0
67	0
68	0
69	0
70	0
71	0
72	0
73	0
74	0
75	0
76	0
77	0
78	0
79	0
80	0
81	0
82	0
83	0
84	0
85	0
86	0
87	0
88	0
89	0
90	0
91	0
92	0
93	0
94	0
95	0
96	0
97	0
98	0
99	0
100	0
101	0
102	0
103	0
104	0
105	0
106	0
107	0
108	0
109	0
110	0
111	0
112	0
113	0
114	0
115	0
116	0
117	0
118	0
119	0
120	0
121	0
122	0
123	0
124	0
125	0
126	0
127	0
128	0
129	0
130	0
131	0
132	0
133	0
134	0
135	0
136	0
137	0
138	0
139	0
140	0
141	0
142	0
143	0
144	0
145	0
146	0
147	0
148	0
149	0
150	0
151	0
152	0
153	0
154	0
155	0
156	0
157	0
158	0
159	0
160	0
161	0
162	0
163	0
164	0
165	0
166	0
167	0
168	0
169	0
170	0
171	0
172	0
173	0
174	0
175	0
176	0
177	0
178	0
179	0
180	0
181	0
182	0
183	0
184	0
185	0
186	0
187	0
188	0
189	0
190	0
191	0
192	0
193	0
194	0
195	0
196	0
197	0
198	0
199	0
200	0
201	0
202	0
203	0
204	0
205	0
206	0
207	0
208	0
209	0
210	0
211	0
212	0
213	0
214	0
215	0
216	0
217	0
218	0
219	0
220	0
221	0
222	0
223	0
224	0
225	0
226	0
227	0
228	0
229	0
230	0
231	0
232	0
233	0
234	0
235	0
236	0
237	0
238	0
239	0
240	0
241	0
242	0
243	0
244	0
245	0
246	0
247	0
248	0
249	0
250	0
251	0
252	0
253	0
254	0
255	0
256	0
257	0
258	0
259	0
260	0
261	0
262	0
263	0
264	0
265	0
266	0
267	0
268	0
269	0
270	0
271	0
272	0
273	0
274	0
275	0
276	0
277	0
278	0
279	0
280	0
281	0
282	0
283	0
284	0
285	0
286	0
287	0
288	0
289	0
290	0
291	0
292	0
293	0
294	0
295	0
296	0
297	0
298	0
299	0
300	0
301	0
302	0
303	0
304	0
305	0
306	0
307	0
308	0
309	0
310	0
311	0
312	0
313	0
314	0
315	0
316	0
317	0
318	0
319	0
320	0
321	0
322	0
323	0
324	0
325	0
326	0
327	0
328	0
329	0
330	0
331	0
332	0
333	0
334	0
335	0
336	0
337	0
338	0
339	0
340	0
341	0
342	0
343	0
344	0
345	0
346	0
347	0
348	0
349	0
350	0
351	0
352	0
353	0
354	0
355	0
356	0
357	0
358	0
359	0
360	0
361	0
362	0
363	0
364	0
365	0
366	0
367	0
368	0
369	0
370	0
371	0
372	0
373	0
374	0
375	0
376	0
377	0
378	0
379	0
380	0
381	0
382	0
383	0
384	0
385	0
386	0
387	0
388	0
389	0
390	0
391	0
392	0
393	0
394	0
395	0
396	0
397	0
398	0
399	0
400	0
401	0
402	0
403	0
404	0
405	0
406	0
407	0
408	0
409	0
410	0
411	0
412	0
413	0
414	0
415	0
416	0
417	0
418	0
419	0
420	0
421	0
422	0
423	0
424	0
425	0
426	0
427	0
428	0
429	0
430	0
431	0
432	0
433	0
434	0
435	0
436	0
437	0
438	0
439	0
440	0
441	0
442	0
443	0
444	0
445	0
446	0
447	0
448	0
449	0
450	0
451	0
452	0
453	0
454	0
455	0
456	0
457	0
458	0
459	0
460	0
461	0
462	0
463	0
464	0
465	0
466	0
467	0
468	0
469	0
470	0
471	0
472	0
473	0
474	0
475	0
476	0
477	0
478	0
479	0
480	0
481	0
482	0
483	0
484	0
485	0
486	0
487	0
488	0
489	0
490	0
491	0
492	0
493	0
494	0
495	0
496	0
497	0
498	0
499	0
500	0
501	0
502	0
503	0
504	0
505	0
506	0
507	0
508	0
509	0
510	0
511	0
512	0
513	0
514	0
515	0
516	0
517	0
518	0
519	0
520	0
521	0
522	0
523	0
524	0
525	0
526	0
527	0
528	0
529	0
530	0
531	0
532	0
533	0
534	0
535	0
536	0
537	0
538	0
539	0
540	0
541	0
542	1
543	12
544	39
545	45
546	51
547	52
548	51
549	76
550	47
551	54
552	62
553	53
554	58
555	54
556	49
557	48
558	41
559	66
560	51
561	44
562	58
563	51
564	53
565	62
566	50
567	53
568	63
569	52
570	48
571	52
572	51
573	56
574	54
575	65
576	53
577	55
578	55
579	45
580	35
581	59
582	44
583	51
584	53
585	55
586	46
587	60
588	65
589	58
590	33
591	65
592	48
593	48
594	56
595	51
596	48
597	60
598	58
599	52
600	43
601	49
602	52
603	53
604	56
605	60
606	54
607	55
608	39
609	66
610	52
611	49
612	51
613	41
614	51
615	63
616	40
617	53
618	49
619	43
620	52
621	53
622	48
623	57
624	54
625	53
626	56
627	62
628	58
629	37
630	59
631	48
632	46
633	50
634	56
635	55
636	55
637	64
638	57
639	41
640	48
641	47
642	43
643	49
644	39
645	48
646	57
647	48
648	56
649	56
650	52
651	49
652	48
653	52
654	51
655	57
656	49
657	57
658	43
659	48
660	64
661	38
662	47
663	52
664	55
665	51
666	44
667	31
668	50
669	52
670	48
671	55
672	51
673	57
674	44
675	45
676	57
677	41
678	51
679	55
680	43
681	47
682	45
683	47
684	41
685	56
686	48
687	54
688	50
689	50
690	52
691	49
692	53
693	58
694	46
695	46
696	47
697	57
698	44
699	47
700	57
701	47
702	49
703	54
704	56
705	41
706	51
707	43
708	52
709	42
710	43
711	60
712	58
713	29
714	47
715	52
716	45
717	32
718	57
719	49
720	53
721	41
722	54
723	51
724	65
725	60
726	43
727	50
728	57
729	43
730	48
731	44
732	57
733	51
734	51
735	58
736	50
737	58
738	41
739	40
740	50
741	40
742	50
743	61
744	53
745	49
746	42
747	66
748	46
749	59
750	50
751	46
752	62
753	46
754	50
755	55
756	38
757	51
758	60
759	44
760	45
761	41
762	56
763	45
764	70
765	51
766	44
767	50
768	60
769	52
770	52
771	49
772	54
773	45
774	50
775	50
776	53
777	36
778	48
779	46
780	57
781	51
782	43
783	37
784	46
785	49
786	57
787	53
788	39
789	42
790	44
791	53
792	44
793	60
794	50
795	43
796	46
797	49
798	54
799	55
800	35
801	46
802	53
803	45
804	53
805	45
806	49
807	38
808	43
809	54
810	49
811	53
812	44
813	55
814	46
815	38
816	54
817	45
818	47
819	40
820	47
821	49
822	41
823	45
824	48
825	53
826	44
827	49
828	41
829	55
830	47
831	61
832	54
833	51
834	44
835	51
836	60
837	53
838	46
839	47
840	44
841	50
842	48
843	41
844	34
845	48
846	52
847	51
848	61
849	49
850	54
851	42
852	47
853	39
854	42
855	51
856	45
857	54
858	66
859	45
860	41
861	45
862	50
863	47
864	59
865	60
866	48
867	53
868	46
869	49
870	51
871	42
872	49
873	41
874	48
875	49
876	39
877	58
878	52
879	49
880	42
881	49
882	51
883	43
884	55
885	66
886	61
887	44
888	55
889	53
890	35
891	44
892	44
893	56
894	44
895	52
896	41
897	42
898	60
899	38
900	66
901	51
902	29
903	42
904	48
905	39
906	56
907	42
908	47
909	44
910	55
911	51
912	32
913	44
914	45
915	36
916	52
917	48
918	53
919	38
920	38
921	35
922	55
923	38
924	44
925	48
926	47
927	44
928	64
929	55
930	49
931	47
932	42
933	45
934	49
935	50
936	49
937	54
938	52
939	57
940	55
941	46
942	49
943	42
944	54
945	41
946	44
947	50
948	38
949	51
950	50
951	50
952	57
953	53
954	60
955	46
956	50
957	52
958	52
959	49
960	50
961	49
962	47
963	51
964	40
965	44
966	42
967	52
968	51
969	56
970	50
971	47
972	48
973	45
974	53
975	41
976	44
977	48
978	45
979	35
980	56
981	51
982	39
983	47
984	45
985	55
986	71
987	41
988	40
989	34
990	47
991	43
992	58
993	47
994	65
995	58
996	45
997	46
998	66
999	49
1000	30
1001	54
1002	43
1003	50
1004	48
1005	44
1006	51
1007	42
1008	44
1009	56
1010	51
1011	40
1012	45
1013	54
1014	51
1015	33
1016	43
1017	36
1018	65
1019	35
1020	52
1021	59
1022	58
1023	50
1024	57
1025	55
1026	47
1027	40
1028	48
1029	49
1030	48
1031	39
1032	52
1033	55
1034	44
1035	61
1036	36
1037	61
1038	46
1039	55
1040	56
1041	44
1042	52
1043	57
1044	52
1045	41
1046	57
1047	57
1048	43
1049	41
1050	69
1051	43
1052	57
1053	52
1054	46
1055	43
1056	48
1057	42
1058	44
1059	44
1060	41
1061	48
1062	53
1063	50
1064	45
1065	64
1066	49
1067	41
1068	60
1069	49
1070	55
1071	58
1072	47
1073	55
1074	39
1075	58
1076	58
1077	53
1078	48
1079	51
1080	53
1081	41
1082	48
1083	49
1084	47
1085	47
1086	66
1087	55
1088	53
1089	39
1090	28
1091	44
1092	48
1093	41
1094	51
1095	51
1096	41
1097	42
1098	46
1099	54
1100	49
1101	48
1102	50
1103	48
1104	50
1105	53
1106	46
1107	53
1108	51
1109	44
1110	54
1111	42
1112	52
1113	51
1114	61
1115	48
1116	56
1117	42
1118	53
1119	44
1120	43
1121	51
1122	43
1123	47
1124	48
1125	39
1126	54
1127	51
1128	57
1129	50
1130	42
1131	60
1132	51
1133	54
1134	58
1135	57
1136	45
1137	52
1138	49
1139	54
1140	47
1141	59
1142	60
1143	42
1144	46
1145	48
1146	50
1147	56
1148	48
1149	43
1150	42
1151	61
1152	62
1153	51
1154	46
1155	43
1156	67
1157	55
1158	48
1159	54
1160	50
1161	39
1162	46
1163	51
1164	42
1165	44
1166	55
1167	56
1168	53
1169	49
1170	44
1171	45
1172	38
1173	51
1174	49
1175	67
1176	45
1177	51
1178	55
1179	51
1180	42
1181	56
1182	57
1183	41
1184	51
1185	67
1186	56
1187	50
1188	63
1189	58
1190	53
1191	46
1192	56
1193	42
1194	59
1195	53
1196	48
1197	46
1198	50
1199	56
1200	47
1201	51
1202	48
1203	49
1204	44
1205	50
1206	47
1207	46
1208	55
1209	39
1210	52
1211	46
1212	54
1213	44
1214	48
1215	53
1216	50
1217	63
1218	44
1219	55
1220	58
1221	62
1222	48
1223	41
1224	54
1225	54
1226	41
1227	43
1228	42
1229	52
1230	62
1231	47
1232	37
1233	33
1234	45
1235	47
1236	66
1237	40
1238	56
1239	53
1240	53
1241	45
1242	53
1243	48
1244	47
1245	48
1246	57
1247	50
1248	53
1249	60
1250	44
1251	57
1252	38
1253	52
1254	45
1255	46
1256	52
1257	44
1258	49
1259	49
1260	47
1261	69
1262	49
1263	52
1264	55
1265	36
1266	47
1267	45
1268	55
1269	50
1270	44
1271	49
1272	52
1273	45
1274	56
1275	58
1276	49
1277	54
1278	52
1279	32
1280	54
1281	45
1282	47
1283	55
1284	54
1285	62
1286	40
1287	41
1288	45
1289	48
1290	40
1291	54
1292	54
1293	49
1294	37
1295	47
1296	44
1297	51
1298	46
1299	47
1300	50
1301	50
1302	48
1303	60
1304	51
1305	51
1306	49
1307	47
1308	61
1309	55
1310	58
1311	56
1312	49
1313	36
1314	62
1315	45
1316	43
1317	42
1318	44
1319	52
1320	45
1321	53
1322	71
1323	47
1324	52
1325	50
1326	51
1327	51
1328	53
1329	55
1330	41
1331	58
1332	50
1333	39
1334	48
1335	27
1336	46
1337	56
1338	53
1339	52
1340	49
1341	46
1342	52
1343	40
1344	51
1345	41
1346	47
1347	43
1348	44
1349	44
1350	50
1351	54
1352	59
1353	50
1354	41
1355	50
1356	60
1357	53
1358	60
1359	38
1360	56
1361	43
1362	45
1363	53
1364	62
1365	57
1366	55
1367	55
1368	47
1369	46
1370	38
1371	43
1372	46
1373	50
1374	52
1375	50
1376	48
1377	43
1378	51
1379	49
1380	48
1381	48
1382	52
1383	50
1384	52
1385	55
1386	41
1387	54
1388	57
1389	49
1390	42
1391	59
1392	54
1393	49
1394	48
1395	51
1396	57
1397	40
1398	60
1399	47
1400	46
1401	59
1402	57
1403	46
1404	37
1405	53
1406	45
1407	61
1408	49
1409	63
1410	42
1411	41
1412	43
1413	53
1414	29
1415	51
1416	41
1417	45
1418	44
1419	49
1420	49
1421	39
1422	50
1423	44
1424	55
1425	49
1426	59
1427	42
1428	65
1429	49
1430	41
1431	47
1432	56
1433	47
1434	48
1435	57
1436	49
1437	46
1438	43
1439	43
1440	48
1441	59
1442	51
1443	53
1444	49
1445	44
1446	58
1447	41
1448	65
1449	45
1450	40
1451	52
1452	41
1453	40
1454	50
1455	45
1456	41
1457	50
1458	58
1459	51
1460	39
1461	48
1462	45
1463	49
1464	54
1465	58
1466	61
1467	48
1468	44
1469	52
1470	40
1471	40
1472	50
1473	55
1474	43
1475	45
1476	50
1477	62
1478	55
1479	51
1480	55
1481	65
1482	47
1483	58
1484	55
1485	45
1486	56
1487	50
1488	41
1489	56
1490	47
1491	53
1492	63
1493	49
1494	48
1495	45
1496	63
1497	56
1498	48
1499	38
1500	46
1501	60
1502	48
1503	39
1504	53
1505	46
1506	50
1507	42
1508	49
1509	55
1510	45
1511	45
1512	42
1513	54
1514	61
1515	41
1516	73
1517	53
1518	49
1519	58
1520	37
1521	39
1522	66
1523	59
1524	46
1525	49
1526	56
1527	49
1528	43
1529	53
1530	31
1531	34
1532	45
1533	50
1534	37
1535	44
1536	52
1537	50
1538	53
1539	35
1540	63
1541	49
1542	49
1543	58
1544	56
1545	59
1546	57
1547	44
1548	57
1549	52
1550	49
1551	53
1552	50
1553	56
1554	53
1555	48
1556	49
1557	46
1558	50
1559	51
1560	54
1561	55
1562	51
1563	53
1564	52
1565	54
1566	64
1567	49
1568	48
1569	41
1570	41
1571	56
1572	58
1573	51
1574	59
1575	61
1576	50
1577	50
1578	56
1579	37
1580	57
1581	41
1582	51
1583	59
1584	54
1585	60
1586	51
1587	64
1588	39
1589	56
1590	49
1591	55
1592	40
1593	62
1594	60
1595	51
1596	45
1597	55
1598	34
1599	57
1600	58
1601	53
1602	43
1603	53
1604	42
1605	41
1606	34
1607	47
1608	46
1609	45
1610	41
1611	46
1612	60
1613	51
1614	50
1615	53
1616	69
1617	54
1618	38
1619	63
1620	53
1621	37
1622	49
1623	51
1624	42
1625	35
1626	53
1627	41
1628	43
1629	40
1630	37
1631	43
1632	50
1633	56
1634	51
1635	53
1636	52
1637	55
1638	50
1639	51
1640	40
1641	62
1642	57
1643	59
1644	57
1645	45
1646	48
1647	47
1648	51
1649	61
1650	49
1651	45
1652	38
1653	55
1654	51
1655	47
1656	46
1657	49
1658	50
1659	48
1660	43
1661	43
1662	58
1663	54
1664	41
1665	68
1666	42
1667	65
1668	48
1669	42
1670	56
1671	44
1672	55
1673	57
1674	47
1675	47
1676	51
1677	39
1678	46
1679	65
1680	37
1681	59
1682	55
1683	65
1684	57
1685	49
1686	52
1687	44
1688	48
1689	50
1690	62
1691	47
1692	41
1693	53
1694	50
1695	44
1696	52
1697	40
1698	49
1699	64
1700	46
1701	54
1702	43
1703	55
1704	49
1705	42
1706	46
1707	51
1708	58
1709	46
1710	50
1711	54
1712	57
1713	61
1714	43
1715	61
1716	55
1717	35
1718	42
1719	47
1720	35
1721	49
1722	41
1723	54
1724	51
1725	38
1726	62
1727	56
1728	54
1729	51
1730	44
1731	49
1732	48
1733	46
1734	43
1735	49
1736	46
1737	51
1738	52
1739	57
1740	56
1741	40
1742	58
1743	60
1744	56
1745	49
1746	46
1747	61
1748	46
1749	53
1750	56
1751	44
1752	41
1753	44
1754	60
1755	48
1756	42
1757	41
1758	42
1759	50
1760	48
1761	51
1762	55
1763	44
1764	39
1765	45
1766	52
1767	54
1768	63
1769	58
1770	47
1771	50
1772	45
1773	71
1774	53
1775	43
1776	42
1777	64
1778	62
1779	38
1780	58
1781	53
1782	50
1783	54
1784	54
1785	44
1786	40
1787	43
1788	61
1789	45
1790	39
1791	43
1792	53
1793	48
1794	45
1795	51
1796	52
1797	45
1798	51
1799	46
1800	52
1801	49
1802	47
1803	61
1804	48
1805	45
1806	54
1807	54
1808	58
1809	56
1810	53
1811	63
1812	56
1813	48
1814	51
1815	51
1816	52
1817	49
1818	45
1819	46
1820	50
1821	49
1822	59
1823	55
1824	63
1825	60
1826	47
1827	49
1828	58
1829	44
1830	38
1831	49
1832	38
1833	51
1834	54
1835	60
1836	56
1837	64
1838	57
1839	54
1840	45
1841	60
1842	44
1843	51
1844	47
1845	48
1846	55
1847	62
1848	44
1849	57
1850	58
1851	39
1852	57
1853	59
1854	45
1855	51
1856	50
1857	62
1858	47
1859	42
1860	56
1861	51
1862	56
1863	59
1864	57
1865	56
1866	56
1867	44
1868	49
1869	52
1870	56
1871	52
1872	56
1873	49
1874	52
1875	52
1876	54
1877	54
1878	67
1879	48
1880	57
1881	54
1882	57
1883	56
1884	54
1885	50
1886	46
1887	56
1888	57
1889	56
1890	45
1891	56
1892	51
1893	65
1894	50
1895	61
1896	52
1897	70
1898	58
1899	56
1900	50
1901	45
1902	51
1903	50
1904	42
1905	54
1906	37
1907	53
1908	48
1909	44
1910	50
1911	64
1912	54
1913	50
1914	39
1915	53
1916	68
1917	55
1918	59
1919	45
1920	60
1921	55
1922	54
1923	59
1924	59
1925	53
1926	56
1927	40
1928	48
1929	43
1930	38
1931	51
1932	46
1933	50
1934	49
1935	55
1936	66
1937	57
1938	53
1939	62
1940	57
1941	50
1942	50
1943	54
1944	62
1945	56
1946	54
1947	43
1948	57
1949	58
1950	49
1951	50
1952	56
1953	46
1954	56
1955	48
1956	52
1957	58
1958	57
1959	67
1960	50
1961	57
1962	54
1963	43
1964	61
1965	57
1966	57
1967	58
1968	60
1969	65
1970	57
1971	66
1972	62
1973	43
1974	70
1975	45
1976	65
1977	62
1978	49
1979	50
1980	65
1981	57
1982	59
1983	61
1984	66
1985	61
1986	61
1987	59
1988	58
1989	60
1990	58
1991	68
1992	63
1993	63
1994	67
1995	60
1996	53
1997	72
1998	71
1999	53
2000	42
2001	62
2002	60
2003	51
2004	64
2005	69
2006	72
2007	66
2008	72
2009	93
2010	44
2011	60
2012	56
2013	62
2014	66
2015	75
2016	77
2017	70
2018	74
2019	74
2020	84
2021	91
2022	68
2023	62
2024	67
2025	50
2026	61
2027	65
2028	70
2029	74
2030	61
2031	70
2032	59
2033	73
2034	69
2035	67
2036	61
2037	82
2038	86
2039	78
2040	57
2041	90
2042	86
2043	84
2044	86
2045	78
2046	75
2047	73
2048	71
2049	84
2050	65
2051	78
2052	85
2053	72
2054	100
2055	85
2056	82
2057	82
2058	93
2059	94
2060	99
2061	82
2062	80
2063	84
2064	85
2065	85
2066	79
2067	81
2068	90
2069	105
2070	98
2071	101
2072	125
2073	84
2074	80
2075	89
2076	95
2077	85
2078	97
2079	78
2080	83
2081	99
2082	99
2083	100
2084	91
2085	102
2086	110
2087	103
2088	104
2089	99
2090	107
2091	116
2092	107
2093	98
2094	76
2095	102
2096	107
2097	88
2098	109
2099	97
2100	92
2101	136
2102	117
2103	97
2104	109
2105	103
2106	100
2107	93
2108	112
2109	140
2110	112
2111	104
2112	123
2113	120
2114	116
2115	103
2116	117
2117	118
2118	124
2119	114
2120	116
2121	111
2122	105
2123	118
2124	116
2125	107
2126	107
2127	124
2128	128
2129	110
2130	121
2131	122
2132	119
2133	117
2134	127
2135	111
2136	119
2137	116
2138	146
2139	122
2140	124
2141	131
2142	97
2143	115
2144	128
2145	120
2146	125
2147	117
2148	133
2149	138
2150	98
2151	123
2152	153
2153	136
2154	123
2155	127
2156	122
2157	109
2158	102
2159	121
2160	116
2161	124
2162	107
2163	131
2164	138
2165	113
2166	106
2167	127
2168	133
2169	124
2170	127
2171	103
2172	123
2173	123
2174	130
2175	113
2176	125
2177	117
2178	125
2179	136
2180	128
2181	119
2182	107
2183	121
2184	127
2185	102
2186	102
2187	132
2188	123
2189	114
2190	130
2191	106
2192	121
2193	87
2194	104
2195	124
2196	132
2197	130
2198	110
2199	124
2200	102
2201	118
2202	106
2203	118
2204	101
2205	95
2206	130
2207	116
2208	118
2209	107
2210	108
2211	111
2212	117
2213	101
2214	98
2215	111
2216	88
2217	115
2218	103
2219	110
2220	93
2221	119
2222	88
2223	82
2224	93
2225	101
2226	120
2227	94
2228	99
2229	106
2230	108
2231	91
2232	87
2233	97
2234	99
2235	101
2236	116
2237	87
2238	95
2239	104
2240	106
2241	88
2242	86
2243	90
2244	95
2245	92
2246	81
2247	102
2248	96
2249	89
2250	88
2251	91
2252	101
2253	83
2254	99
2255	83
2256	97
2257	93
2258	75
2259	93
2260	83
2261	85
2262	79
2263	88
2264	78
2265	70
2266	90
2267	69
2268	76
2269	79
2270	83
2271	68
2272	70
2273	81
2274	71
2275	81
2276	90
2277	76
2278	92
2279	71
2280	77
2281	80
2282	71
2283	74
2284	69
2285	75
2286	87
2287	82
2288	76
2289	74
2290	66
2291	74
2292	66
2293	75
2294	73
2295	87
2296	73
2297	79
2298	78
2299	78
2300	56
2301	63
2302	71
2303	74
2304	64
2305	63
2306	63
2307	66
2308	75
2309	70
2310	68
2311	65
2312	61
2313	57
2314	70
2315	75
2316	72
2317	71
2318	62
2319	74
2320	71
2321	61
2322	65
2323	54
2324	72
2325	60
2326	73
2327	67
2328	64
2329	49
2330	66
2331	66
2332	67
2333	70
2334	71
2335	61
2336	82
2337	66
2338	69
2339	63
2340	75
2341	76
2342	68
2343	70
2344	61
2345	59
2346	74
2347	71
2348	60
2349	69
2350	70
2351	82
2352	54
2353	58
2354	65
2355	64
2356	66
2357	89
2358	64
2359	61
2360	71
2361	69
2362	82
2363	67
2364	75
2365	59
2366	69
2367	68
2368	72
2369	74
2370	74
2371	77
2372	79
2373	71
2374	67
2375	60
2376	43
2377	63
2378	77
2379	70
2380	60
2381	75
2382	64
2383	68
2384	73
2385	66
2386	54
2387	65
2388	76
2389	69
2390	76
2391	65
2392	60
2393	66
2394	60
2395	62
2396	68
2397	77
2398	67
2399	72
2400	83
2401	68
2402	69
2403	73
2404	82
2405	86
2406	66
2407	75
2408	68
2409	60
2410	92
2411	59
2412	60
2413	72
2414	66
2415	63
2416	72
2417	73
2418	71
2419	89
2420	88
2421	60
2422	83
2423	66
2424	69
2425	73
2426	58
2427	62
2428	71
2429	82
2430	52
2431	78
2432	78
2433	58
2434	58
2435	66
2436	71
2437	74
2438	81
2439	58
2440	72
2441	76
2442	83
2443	72
2444	71
2445	63
2446	45
2447	83
2448	71
2449	73
2450	87
2451	85
2452	88
2453	75
2454	69
2455	75
2456	72
2457	77
2458	55
2459	63
2460	96
2461	66
2462	74
2463	88
2464	78
2465	71
2466	91
2467	71
2468	74
2469	75
2470	75
2471	73
2472	81
2473	80
2474	63
2475	83
2476	80
2477	94
2478	86
2479	64
2480	77
2481	74
2482	71
2483	75
2484	88
2485	85
2486	94
2487	78
2488	81
2489	87
2490	89
2491	90
2492	88
2493	82
2494	82
2495	67
2496	84
2497	78
2498	62
2499	69
2500	88
2501	68
2502	100
2503	74
2504	75
2505	71
2506	86
2507	94
2508	84
2509	80
2510	77
2511	72
2512	89
2513	89
2514	75
2515	82
2516	86
2517	77
2518	75
2519	76
2520	76
2521	87
2522	80
2523	80
2524	82
2525	98
2526	101
2527	94
2528	84
2529	93
2530	88
2531	90
2532	98
2533	98
2534	100
2535	96
2536	85
2537	89
2538	90
2539	75
2540	97
2541	91
2542	98
2543	92
2544	94
2545	92
2546	89
2547	79
2548	88
2549	100
2550	116
2551	79
2552	95
2553	82
2554	101
2555	104
2556	111
2557	92
2558	111
2559	98
2560	96
2561	98
2562	97
2563	103
2564	94
2565	98
2566	98
2567	119
2568	111
2569	110
2570	116
2571	105
2572	104
2573	108
2574	100
2575	123
2576	113
2577	102
2578	94
2579	117
2580	134
2581	107
2582	113
2583	127
2584	122
2585	127
2586	105
2587	114
2588	114
2589	119
2590	123
2591	121
2592	125
2593	107
2594	116
2595	116
2596	127
2597	122
2598	123
2599	150
2600	131
2601	118
2602	136
2603	113
2604	121
2605	112
2606	134
2607	141
2608	125
2609	138
2610	149
2611	146
2612	136
2613	137
2614	131
2615	153
2616	152
2617	123
2618	132
2619	149
2620	155
2621	135
2622	149
2623	155
2624	127
2625	147
2626	161
2627	148
2628	160
2629	166
2630	151
2631	136
2632	177
2633	161
2634	147
2635	184
2636	178
2637	193
2638	154
2639	163
2640	147
2641	168
2642	162
2643	173
2644	172
2645	173
2646	186
2647	195
2648	191
2649	178
2650	174
2651	204
2652	173
2653	205
2654	198
2655	204
2656	225
2657	203
2658	185
2659	185
2660	187
2661	190
2662	196
2663	185
2664	210
2665	181
2666	196
2667	196
2668	213
2669	201
2670	196
2671	201
2672	212
2673	183
2674	227
2675	245
2676	205
2677	203
2678	206
2679	215
2680	222
2681	214
2682	207
2683	235
2684	233
2685	234
2686	240
2687	240
2688	244
2689	197
2690	216
2691	249
2692	245
2693	214
2694	221
2695	256
2696	196
2697	217
2698	203
2699	253
2700	237
2701	234
2702	238
2703	267
2704	277
2705	250
2706	226
2707	235
2708	242
2709	247
2710	235
2711	233
2712	303
2713	260
2714	240
2715	255
2716	230
2717	262
2718	258
2719	272
2720	266
2721	258
2722	263
2723	233
2724	267
2725	240
2726	274
2727	302
2728	297
2729	245
2730	278
2731	282
2732	282
2733	254
2734	269
2735	291
2736	272
2737	261
2738	274
2739	268
2740	265
2741	273
2742	293
2743	295
2744	271
2745	265
2746	266
2747	292
2748	313
2749	336
2750	279
2751	314
2752	309
2753	322
2754	296
2755	352
2756	340
2757	287
2758	328
2759	345
2760	357
2761	318
2762	340
2763	360
2764	345
2765	353
2766	348
2767	342
2768	321
2769	351
2770	362
2771	420
2772	363
2773	374
2774	388
2775	376
2776	356
2777	371
2778	395
2779	397
2780	378
2781	388
2782	440
2783	428
2784	442
2785	484
2786	449
2787	466
2788	440
2789	459
2790	495
2791	482
2792	550
2793	508
2794	505
2795	523
2796	550
2797	533
2798	513
2799	563
2800	628
2801	591
2802	622
2803	621
2804	640
2805	639
2806	645
2807	690
2808	702
2809	682
2810	717
2811	758
2812	791
2813	795
2814	841
2815	808
2816	870
2817	841
2818	855
2819	933
2820	906
2821	975
2822	1003
2823	1050
2824	1002
2825	1004
2826	1060
2827	1127
2828	1139
2829	1060
2830	1157
2831	1225
2832	1281
2833	1206
2834	1326
2835	1349
2836	1352
2837	1388
2838	1395
2839	1469
2840	1494
2841	1578
2842	1539
2843	1654
2844	1639
2845	1789
2846	1859
2847	1785
2848	1799
2849	1958
2850	1988
2851	2031
2852	2171
2853	2151
2854	2155
2855	2344
2856	2280
2857	2297
2858	2414
2859	2476
2860	2569
2861	2568
2862	2634
2863	2746
2864	2789
2865	2777
2866	2912
2867	2995
2868	3087
2869	3167
2870	3261
2871	3310
2872	3326
2873	3508
2874	3533
2875	3575
2876	3741
2877	3754
2878	3900
2879	3956
2880	4168
2881	4100
2882	4250
2883	4396
2884	4439
2885	4553
2886	4692
2887	4670
2888	4767
2889	4914
2890	4980
2891	5126
2892	5171
2893	5382
2894	5577
2895	5580
2896	5687
2897	5859
2898	5815
2899	6067
2900	6099
2901	6346
2902	6460
2903	6501
2904	6556
2905	6809
2906	6873
2907	7046
2908	7230
2909	7252
2910	7504
2911	7265
2912	7626
2913	7693
2914	7748
2915	7990
2916	8180
2917	8343
2918	8311
2919	8675
2920	8595
2921	9072
2922	9069
2923	9233
2924	9322
2925	9524
2926	9660
2927	9871
2928	9733
2929	9964
2930	10268
2931	10299
2932	10676
2933	10649
2934	10916
2935	10628
2936	11278
2937	11181
2938	11426
2939	11532
2940	11570
2941	11921
2942	11828
2943	12044
2944	12088
2945	12481
2946	12596
2947	12649
2948	12653
2949	12881
2950	12909
2951	12802
2952	13256
2953	13636
2954	13859
2955	13709
2956	13732
2957	13982
2958	14051
2959	14329
2960	14283
2961	14300
2962	14898
2963	14752
2964	14845
2965	14909
2966	15213
2967	15109
2968	15320
2969	15527
2970	15614
2971	15728
2972	15821
2973	15970
2974	16116
2975	16282
2976	16144
2977	16399
2978	16624
2979	16654
2980	16754
2981	16607
2982	16827
2983	17008
2984	16931
2985	17087
2986	17048
2987	17169
2988	17026
2989	17342
2990	17556
2991	17538
2992	17400
2993	17526
2994	17779
2995	17622
2996	17632
2997	17693
2998	17830
2999	17780
3000	17870
3001	17710
3002	17790
3003	17806
3004	18064
3005	18069
3006	18094
3007	18080
3008	18122
3009	17909
3010	17645
3011	18126
3012	18306
3013	18167
3014	18029
3015	17987
3016	18033
3017	17744
3018	17780
3019	17642
3020	17675
3021	17513
3022	17743
3023	17977
3024	17732
3025	17561
3026	17431
3027	17530
3028	17463
3029	17445
3030	17376
3031	17226
3032	17099
3033	16983
3034	16989
3035	17013
3036	16885
3037	16682
3038	16713
3039	16644
3040	16609
3041	16359
3042	16363
3043	16122
3044	16049
3045	15874
3046	15894
3047	15730
3048	15681
3049	15520
3050	15329
3051	15459
3052	15093
3053	15134
3054	14850
3055	14901
3056	14949
3057	14658
3058	14381
3059	14427
3060	14232
3061	14065
3062	14019
3063	13577
3064	13670
3065	13563
3066	13403
3067	13235
3068	13116
3069	12842
3070	12915
3071	12755
3072	12531
3073	12289
3074	12307
3075	12009
3076	12112
3077	12138
3078	11715
3079	11528
3080	11266
3081	11398
3082	11010
3083	11028
3084	10967
3085	10761
3086	10521
3087	10290
3088	10149
3089	10025
3090	10094
3091	9841
3092	9676
3093	9557
3094	9442
3095	9204
3096	9065
3097	8888
3098	8904
3099	8712
3100	8498
3101	8535
3102	8364
3103	8086
3104	8065
3105	7811
3106	7633
3107	7605
3108	7448
3109	7340
3110	7140
3111	7218
3112	6886
3113	6791
3114	6757
3115	6605
3116	6468
3117	6363
3118	6243
3119	6180
3120	6039
3121	5790
3122	5832
3123	5704
3124	5663
3125	5493
3126	5400
3127	5246
3128	5175
3129	5034
3130	5028
3131	4896
3132	4847
3133	4613
3134	4581
3135	4637
3136	4270
3137	4329
3138	4203
3139	4191
3140	4024
3141	3815
3142	3906
3143	3772
3144	3695
3145	3677
3146	3643
3147	3397
3148	3469
3149	3493
3150	3433
3151	3308
3152	3221
3153	3145
3154	3126
3155	3060
3156	3067
3157	2965
3158	2855
3159	2725
3160	2699
3161	2710
3162	2687
3163	2682
3164	2612
3165	2564
3166	2551
3167	2381
3168	2424
3169	2343
3170	2297
3171	2344
3172	2284
3173	2351
3174	2275
3175	2212
3176	2145
3177	2180
3178	2055
3179	2094
3180	2087
3181	1952
3182	2097
3183	2008
3184	1978
3185	1959
3186	1887
3187	1990
3188	1971
3189	1915
3190	1844
3191	1859
3192	1875
3193	1855
3194	1812
3195	1804
3196	1772
3197	1839
3198	1871
3199	1854
3200	1788
3201	1796
3202	1810
3203	1842
3204	1772
3205	1865
3206	1853
3207	1681
3208	1866
3209	1813
3210	1789
3211	1801
3212	1825
3213	1792
3214	1816
3215	1848
3216	1860
3217	1839
3218	1892
3219	1838
3220	1864
3221	1908
3222	1987
3223	1881
3224	1942
3225	2018
3226	1900
3227	2016
3228	2048
3229	2155
3230	2008
3231	2068
3232	2019
3233	1962
3234	1995
3235	2050
3236	2117
3237	2130
3238	2105
3239	2158
3240	2067
3241	2109
3242	2229
3243	2206
3244	2224
3245	2167
3246	2154
3247	2252
3248	2261
3249	2253
3250	2269
3251	2223
3252	2254
3253	2347
3254	2311
3255	2325
3256	2394
3257	2542
3258	2409
3259	2457
3260	2402
3261	2484
3262	2348
3263	2399
3264	2445
3265	2463
3266	2539
3267	2597
3268	2591
3269	2603
3270	2559
3271	2598
3272	2523
3273	2546
3274	2597
3275	2577
3276	2683
3277	2697
3278	2509
3279	2574
3280	2651
3281	2678
3282	2581
3283	2670
3284	2694
3285	2776
3286	2744
3287	2621
3288	2663
3289	2729
3290	2665
3291	2689
3292	2678
3293	2704
3294	2695
3295	2725
3296	2771
3297	2739
3298	2839
3299	2714
3300	2704
3301	2685
3302	2645
3303	2748
3304	2734
3305	2703
3306	2664
3307	2702
3308	2771
3309	2611
3310	2592
3311	2626
3312	2652
3313	2654
3314	2614
3315	2557
3316	2512
3317	2616
3318	2543
3319	2641
3320	2579
3321	2616
3322	2527
3323	2633
3324	2534
3325	2517
3326	2477
3327	2507
3328	2557
3329	2466
3330	2546
3331	2441
3332	2411
3333	2458
3334	2453
3335	2361
3336	2356
3337	2370
3338	2384
3339	2271
3340	2331
3341	2352
3342	2271
3343	2261
3344	2284
3345	2196
3346	2191
3347	2134
3348	2163
3349	2062
3350	2135
3351	2104
3352	2138
3353	2077
3354	2075
3355	2051
3356	2041
3357	1979
3358	1953
3359	1947
3360	1855
3361	1859
3362	1922
3363	1823
3364	1844
3365	1835
3366	1805
3367	1791
3368	1730
3369	1690
3370	1732
3371	1657
3372	1650
3373	1606
3374	1611
3375	1652
3376	1599
3377	1537
3378	1479
3379	1522
3380	1424
3381	1439
3382	1453
3383	1497
3384	1364
3385	1372
3386	1340
3387	1370
3388	1293
3389	1259
3390	1180
3391	1297
3392	1218
3393	1218
3394	1237
3395	1156
3396	1192
3397	1136
3398	1125
3399	1081
3400	1063
3401	1041
3402	970
3403	1000
3404	984
3405	946
3406	970
3407	988
3408	931
3409	905
3410	890
3411	912
3412	880
3413	864
3414	877
3415	789
3416	789
3417	795
3418	744
3419	717
3420	739
3421	683
3422	736
3423	657
3424	675
3425	682
3426	610
3427	629
3428	603
3429	601
3430	575
3431	549
3432	486
3433	506
3434	541
3435	528
3436	510
3437	520
3438	484
3439	478
3440	463
3441	498
3442	425
3443	414
3444	407
3445	400
3446	367
3447	379
3448	378
3449	363
3450	337
3451	349
3452	323
3453	334
3454	303
3455	313
3456	302
3457	296
3458	260
3459	296
3460	270
3461	248
3462	213
3463	233
3464	231
3465	226
3466	232
3467	211
3468	193
3469	212
3470	192
3471	187
3472	152
3473	178
3474	186
3475	161
3476	169
3477	170
3478	167
3479	133
3480	151
3481	131
3482	142
3483	144
3484	137
3485	107
3486	119
3487	133
3488	115
3489	111
3490	90
3491	94
3492	88
3493	104
3494	101
3495	105
3496	77
3497	96
3498	69
3499	76
3500	75
3501	71
3502	76
3503	72
3504	60
3505	65
3506	57
3507	51
3508	65
3509	61
3510	43
3511	51
3512	59
3513	40
3514	42
3515	47
3516	45
3517	38
3518	39
3519	39
3520	42
3521	41
3522	38
3523	32
3524	34
3525	31
3526	33
3527	25
3528	30
3529	23
3530	27
3531	26
3532	18
3533	21
3534	25
3535	23
3536	15
3537	22
3538	19
3539	26
3540	19
3541	15
3542	13
3543	20
3544	20
3545	21
3546	9
3547	11
3548	11
3549	18
3550	12
3551	11
3552	7
3553	12
3554	8
3555	14
3556	12
3557	9
3558	13
3559	9
3560	6
3561	7
3562	11
3563	13
3564	10
3565	4
3566	7
3567	6
3568	8
3569	7
3570	6
3571	10
3572	3
3573	4
3574	5
3575	1
3576	12
3577	1
3578	5
3579	5
3580	6
3581	7
3582	6
3583	4
3584	3
3585	1
3586	4
3587	5
3588	5
3589	4
3590	1
3591	4
3592	6
3593	1
3594	0
3595	2
3596	8
3597	1
3598	3
3599	11
3600	4
3601	3
3602	5
3603	3
3604	0
3605	2
3606	3
3607	4
3608	2
3609	3
3610	0
3611	2
3612	2
3613	4
3614	4
3615	2
3616	2
3617	1
3618	3
3619	3
3620	1
3621	1
3622	3
3623	3
3624	2
3625	1
3626	2
3627	2
3628	2
3629	3
3630	2
3631	1
3632	2
3633	1
3634	1
3635	1
3636	3
3637	1
3638	2
3639	3
3640	5
3641	0
3642	1
3643	6
3644	1
3645	2
3646	1
3647	2
3648	2
3649	1
3650	1
3651	0
3652	3
3653	1
3654	1
3655	3
3656	2
3657	1
3658	0
3659	5
3660	4
3661	2
3662	2
3663	2
3664	2
3665	0
3666	0
3667	1
3668	0
3669	3
3670	5
3671	4
3672	3
3673	1
3674	1
3675	0
3676	2
3677	3
3678	2
3679	1
3680	1
3681	6
3682	3
3683	1
3684	2
3685	0
3686	2
3687	2
3688	3
3689	1
3690	1
3691	3
3692	3
3693	1
3694	0
3695	1
3696	3
3697	2
3698	2
3699	1
3700	2
3701	0
3702	0
3703	3
3704	0
3705	2
3706	3
3707	1
3708	1
3709	2
3710	3
3711	3
3712	3
3713	2
3714	3
3715	0
3716	2
3717	2
3718	3
3719	3
3720	1
3721	3
3722	0
3723	1
3724	2
3725	1
3726	5
3727	2
3728	3
3729	1
3730	1
3731	1
3732	0
3733	0
3734	0
3735	0
3736	4
3737	1
3738	0
3739	2
3740	1
3741	1
3742	1
3743	1
3744	1
3745	3
3746	2
3747	2
3748	1
3749	0
3750	2
3751	0
3752	2
3753	2
3754	1
3755	3
3756	3
3757	2
3758	2
3759	0
3760	1
3761	0
3762	1
3763	1
3764	1
3765	5
3766	1
3767	1
3768	1
3769	1
3770	2
3771	2
3772	1
3773	1
3774	1
3775	2
3776	0
3777	1
3778	2
3779	1
3780	0
3781	2
3782	3
3783	1
3784	4
3785	1
3786	1
3787	1
3788	0
3789	2
3790	0
3791	1
3792	0
3793	0
3794	0
3795	1
3796	2
3797	0
3798	1
3799	1
3800	1
3801	3
3802	1
3803	0
3804	0
3805	1
3806	3
3807	2
3808	4
3809	2
3810	0
3811	1
3812	1
3813	1
3814	0
3815	0
3816	0
3817	1
3818	1
3819	1
3820	1
3821	0
3822	1
3823	0
3824	0
3825	2
3826	0
3827	1
3828	2
3829	1
3830	1
3831	0
3832	3
3833	1
3834	0
3835	2
3836	0
3837	0
3838	3
3839	1
3840	0
3841	0
3842	1
3843	1
3844	2
3845	1
3846	0
3847	1
3848	1
3849	0
3850	2
3851	5
3852	1
3853	1
3854	1
3855	1
3856	2
3857	2
3858	0
3859	1
3860	0
3861	0
3862	0
3863	2
3864	1
3865	0
3866	1
3867	2
3868	0
3869	1
3870	0
3871	0
3872	3
3873	1
3874	1
3875	0
3876	3
3877	1
3878	1
3879	0
3880	0
3881	0
3882	1
3883	0
3884	1
3885	3
3886	0
3887	1
3888	2
3889	3
3890	0
3891	1
3892	1
3893	2
3894	0
3895	0
3896	2
3897	1
3898	2
3899	1
3900	2
3901	2
3902	1
3903	0
3904	2
3905	0
3906	2
3907	0
3908	2
3909	2
3910	1
3911	2
3912	0
3913	1
3914	0
3915	1
3916	3
3917	0
3918	0
3919	1
3920	0
3921	0
3922	0
3923	1
3924	2
3925	0
3926	0
3927	3
3928	0
3929	1
3930	2
3931	0
3932	0
3933	1
3934	1
3935	1
3936	2
3937	1
3938	1
3939	1
3940	0
3941	0
3942	1
3943	1
3944	1
3945	1
3946	5
3947	0
3948	1
3949	1
3950	0
3951	0
3952	1
3953	2
3954	0
3955	2
3956	0
3957	0
3958	1
3959	2
3960	0
3961	1
3962	3
3963	2
3964	2
3965	2
3966	0
3967	1
3968	3
3969	1
3970	3
3971	0
3972	1
3973	1
3974	0
3975	3
3976	2
3977	1
3978	1
3979	1
3980	0
3981	3
3982	0
3983	1
3984	2
3985	0
3986	1
3987	1
3988	1
3989	0
3990	5
3991	4
3992	1
3993	1
3994	0
3995	1
3996	3
3997	2
3998	0
3999	2
4000	1
4001	3
4002	1
4003	1
4004	0
4005	1
4006	0
4007	2
4008	1
4009	0
4010	2
4011	1
4012	0
4013	2
4014	1
4015	2
4016	1
4017	0
4018	2
4019	2
4020	3
4021	1
4022	1
4023	1
4024	0
4025	2
4026	1
4027	4
4028	1
4029	1
4030	0
4031	1
4032	1
4033	2
4034	1
4035	1
4036	1
4037	0
4038	0
4039	1
4040	1
4041	2
4042	0
4043	1
4044	2
4045	1
4046	0
4047	1
4048	0
4049	0
4050	0
4051	0
4052	1
4053	0
4054	2
4055	0
4056	1
4057	1
4058	1
4059	2
4060	0
4061	1
4062	1
4063	1
4064	0
4065	0
4066	0
4067	1
4068	1
4069	0
4070	4
4071	0
4072	1
4073	0
4074	0
4075	0
4076	1
4077	0
4078	2
4079	1
4080	0
4081	3
4082	1
4083	1
4084	1
4085	3
4086	1
4087	1
4088	0
4089	1
4090	0
4091	1
4092	1
4093	1
4094	0
4095	1
4096	0
4097	1
4098	1
4099	1
4100	3
4101	0
4102	0
4103	3
4104	3
4105	0
4106	1
4107	0
4108	1
4109	1
4110	1
4111	3
4112	2
4113	2
4114	1
4115	3
4116	3
4117	1
4118	0
4119	0
4120	2
4121	0
4122	0
4123	2
4124	2
4125	1
4126	2
4127	0
4128	1
4129	1
4130	1
4131	1
4132	0
4133	1
4134	1
4135	0
4136	2
4137	1
4138	0
4139	0
4140	0
4141	2
4142	1
4143	1
4144	1
4145	0
4146	0
4147	0
4148	1
4149	0
4150	3
4151	3
4152	0
4153	1
4154	2
4155	2
4156	1
4157	1
4158	2
4159	0
4160	1
4161	2
4162	0
4163	0
4164	0
4165	2
4166	1
4167	0
4168	1
4169	1
4170	0
4171	1
4172	0
4173	0
4174	0
4175	0
4176	0
4177	0
4178	1
4179	0
4180	1
4181	0
4182	0
4183	0
4184	2
4185	2
4186	0
4187	0
4188	1
4189	2
4190	1
4191	0
4192	0
4193	0
4194	0
4195	0
4196	0
4197	1
4198	1
4199	0
4200	1
4201	1
4202	2
4203	2
4204	0
4205	0
4206	1
4207	1
4208	1
4209	0
4210	0
4211	0
4212	2
4213	1
4214	0
4215	0
4216	0
4217	0
4218	1
4219	1
4220	0
4221	0
4222	1
4223	0
4224	0
4225	0
4226	0
4227	1
4228	1
4229	0
4230	0
4231	1
4232	2
4233	0
4234	0
4235	0
4236	1
4237	0
4238	0
4239	2
4240	0
4241	0
4242	0
4243	1
4244	0
4245	0
4246	0
4247	0
4248	0
4249	0
4250	1
4251	0
4252	0
4253	0
4254	0
4255	0
4256	0
4257	0
4258	2
4259	0
4260	0
4261	1
4262	1
4263	0
4264	1
4265	0
4266	1
4267	0
4268	0
4269	0
4270	1
4271	0
4272	0
4273	1
4274	0
4275	0
4276	0
4277	1
4278	0
4279	0
4280	0
4281	1
4282	0
4283	0
4284	0
4285	3
4286	1
4287	0
4288	1
4289	2
4290	0
4291	2
4292	2
4293	0
4294	1
4295	0
4296	0
4297	1
4298	0
4299	2
4300	0
4301	3
4302	1
4303	0
4304	1
4305	2
4306	1
4307	0
4308	0
4309	2
4310	0
4311	0
4312	2
4313	1
4314	0
4315	0
4316	0
4317	1
4318	1
4319	0
4320	0
4321	0
4322	0
4323	2
4324	0
4325	0
4326	1
4327	0
4328	0
4329	0
4330	1
4331	0
4332	1
4333	0
4334	3
4335	0
4336	0
4337	1
4338	0
4339	0
4340	1
4341	0
4342	0
4343	0
4344	1
4345	0
4346	0
4347	0
4348	0
4349	0
4350	1
4351	0
4352	2
4353	0
4354	1
4355	0
4356	0
4357	0
4358	1
4359	0
4360	0
4361	1
4362	0
4363	1
4364	0
4365	0
4366	0
4367	0
4368	0
4369	0
4370	1
4371	0
4372	0
4373	1
4374	0
4375	2
4376	0
4377	0
4378	1
4379	0
4380	1
4381	0
4382	1
4383	0
4384	1
4385	0
4386	0
4387	0
4388	1
4389	1
4390	1
4391	1
4392	0
4393	0
4394	0
4395	1
4396	0
4397	1
4398	0
4399	0
4400	0
4401	0
4402	1
4403	0
4404	0
4405	1
4406	1
4407	1
4408	2
4409	1
4410	0
4411	1
4412	1
4413	1
4414	1
4415	1
4416	0
4417	1
4418	0
4419	0
4420	0
4421	0
4422	1
4423	0
4424	1
4425	1
4426	0
4427	0
4428	0
4429	1
4430	0
4431	1
4432	0
4433	1
4434	0
4435	0
4436	2
4437	0
4438	1
4439	1
4440	1
4441	0
4442	0
4443	1
4444	1
4445	0
4446	2
4447	2
4448	1
4449	0
4450	0
4451	0
4452	0
4453	0
4454	1
4455	0
4456	1
4457	0
4458	0
4459	0
4460	0
4461	1
4462	0
4463	2
4464	0
4465	0
4466	0
4467	0
4468	1
4469	0
4470	0
4471	0
4472	0
4473	1
4474	1
4475	0
4476	1
4477	0
4478	0
4479	1
4480	0
4481	1
4482	0
4483	0
4484	0
4485	2
4486	2
4487	1
4488	0
4489	0
4490	0
4491	0
4492	1
4493	0
4494	1
4495	1
4496	0
4497	0
4498	1
4499	0
4500	0
4501	0
4502	0
4503	0
4504	0
4505	0
4506	2
4507	0
4508	0
4509	0
4510	0
4511	0
4512	2
4513	1
4514	0
4515	0
4516	0
4517	2
4518	0
4519	1
4520	0
4521	0
4522	0
4523	0
4524	1
4525	0
4526	0
4527	1
4528	1
4529	0
4530	1
4531	0
4532	1
4533	0
4534	0
4535	0
4536	1
4537	0
4538	0
4539	0
4540	0
4541	1
4542	0
4543	0
4544	0
4545	1
4546	1
4547	1
4548	1
4549	1
4550	0
4551	0
4552	1
4553	0
4554	0
4555	1
4556	0
4557	0
4558	2
4559	0
4560	1
4561	0
4562	1
4563	0
4564	0
4565	1
4566	0
4567	0
4568	2
4569	0
4570	1
4571	1
4572	0
4573	0
4574	0
4575	0
4576	0
4577	0
4578	0
4579	0
4580	0
4581	0
4582	0
4583	1
4584	1
4585	0
4586	0
4587	0
4588	0
4589	2
4590	0
4591	0
4592	0
4593	1
4594	0
4595	0
4596	0
4597	0
4598	0
4599	0
4600	0
4601	1
4602	1
4603	0
4604	0
4605	0
4606	0
4607	0
4608	0
4609	0
4610	0
4611	0
4612	0
4613	1
4614	0
4615	0
4616	1
4617	1
4618	0
4619	0
4620	0
4621	0
4622	0
4623	3
4624	0
4625	0
4626	0
4627	0
4628	0
4629	0
4630	0
4631	1
4632	0
4633	0
4634	1
4635	0
4636	0
4637	0
4638	0
4639	0
4640	0
4641	1
4642	0
4643	0
4644	1
4645	1
4646	0
4647	0
4648	0
4649	1
4650	0
4651	0
4652	0
4653	1
4654	0
4655	0
4656	1
4657	0
4658	1
4659	0
4660	1
4661	0
4662	0
4663	1
4664	0
4665	0
4666	1
4667	2
4668	0
4669	0
4670	1
4671	0
4672	0
4673	0
4674	0
4675	0
4676	0
4677	1
4678	1
4679	0
4680	0
4681	0
4682	0
4683	1
4684	0
4685	0
4686	0
4687	1
4688	1
4689	1
4690	1
4691	0
4692	0
4693	0
4694	1
4695	0
4696	0
4697	0
4698	0
4699	0
4700	0
4701	0
4702	0
4703	0
4704	0
4705	2
4706	0
4707	0
4708	0
4709	1
4710	0
4711	0
4712	1
4713	0
4714	0
4715	0
4716	0
4717	0
4718	0
4719	1
4720	1
4721	0
4722	1
4723	1
4724	0
4725	0
4726	0
4727	1
4728	1
4729	0
4730	1
4731	0
4732	0
4733	0
4734	0
4735	0
4736	0
4737	0
4738	0
4739	0
4740	0
4741	0
4742	0
4743	0
4744	1
4745	0
4746	0
4747	0
4748	0
4749	0
4750	0
4751	0
4752	0
4753	1
4754	0
4755	0
4756	0
4757	0
4758	0
4759	0
4760	0
4761	0
4762	0
4763	1
4764	0
4765	0
4766	1
4767	0
4768	1
4769	0
4770	0
4771	0
4772	0
4773	0
4774	1
4775	0
4776	0
4777	0
4778	0
4779	0
4780	0
4781	1
4782	0
4783	0
4784	0
4785	1
4786	3
4787	0
4788	0
4789	0
4790	0
4791	0
4792	0
4793	0
4794	0
4795	0
4796	1
4797	0
4798	0
4799	0
4800	0
4801	0
4802	0
4803	0
4804	0
4805	0
4806	0
4807	0
4808	0
4809	0
4810	1
4811	2
4812	0
4813	0
4814	0
4815	1
4816	0
4817	0
4818	0
4819	0
4820	0
4821	0
4822	0
4823	1
4824	0
4825	1
4826	0
4827	1
4828	0
4829	0
4830	2
4831	0
4832	0
4833	0
4834	0
4835	0
4836	0
4837	0
4838	0
4839	0
4840	1
4841	1
4842	0
4843	1
4844	0
4845	0
4846	1
4847	0
4848	0
4849	1
4850	0
4851	1
4852	0
4853	1
4854	1
4855	0
4856	0
4857	0
4858	0
4859	1
4860	0
4861	0
4862	1
4863	1
4864	0
4865	1
4866	1
4867	0
4868	0
4869	0
4870	0
4871	1
4872	1
4873	0
4874	1
4875	1
4876	0
4877	1
4878	0
4879	1
4880	1
4881	0
4882	0
4883	0
4884	0
4885	0
4886	1
4887	0
4888	0
4889	1
4890	2
4891	0
4892	0
4893	2
4894	0
4895	0
4896	0
4897	0
4898	0
4899	0
4900	0
4901	0
4902	0
4903	0
4904	0
4905	0
4906	0
4907	0
4908	0
4909	1
4910	0
4911	0
4912	1
4913	0
4914	1
4915	0
4916	0
4917	0
4918	1
4919	0
4920	0
4921	1
4922	0
4923	1
4924	0
4925	0
4926	0
4927	0
4928	0
4929	0
4930	0
4931	0
4932	1
4933	1
4934	0
4935	0
4936	1
4937	1
4938	0
4939	0
4940	0
4941	0
4942	0
4943	0
4944	0
4945	0
4946	0
4947	1
4948	0
4949	0
4950	0
4951	2
4952	0
4953	0
4954	0
4955	1
4956	0
4957	0
4958	0
4959	0
4960	0
4961	0
4962	0
4963	0
4964	0
4965	0
4966	1
4967	1
4968	0
4969	0
4970	0
4971	0
4972	0
4973	0
4974	0
4975	1
4976	1
4977	1
4978	0
4979	0
4980	0
4981	0
4982	0
4983	0
4984	0
4985	2
4986	0
4987	0
4988	0
4989	1
4990	0
4991	0
4992	0
4993	2
4994	0
4995	0
4996	0
4997	0
4998	0
4999	0
5000	0
5001	1
5002	0
5003	0
5004	0
5005	1
5006	2
5007	0
5008	0
5009	1
5010	0
5011	0
5012	0
5013	0
5014	0
5015	0
5016	1
5017	0
5018	1
5019	0
5020	0
5021	0
5022	0
5023	1
5024	1
5025	0
5026	0
5027	0
5028	0
5029	0
5030	1
5031	0
5032	1
5033	0
5034	0
5035	1
5036	0
5037	0
5038	1
5039	1
5040	0
5041	1
5042	0
5043	1
5044	1
5045	2
5046	0
5047	1
5048	1
5049	0
5050	0
5051	1
5052	0
5053	1
5054	2
5055	0
5056	0
5057	0
5058	0
5059	0
5060	1
5061	0
5062	0
5063	0
5064	1
5065	0
5066	0
5067	0
5068	0
5069	1
5070	0
5071	0
5072	1
5073	0
5074	2
5075	1
5076	0
5077	0
5078	0
5079	0
5080	0
5081	0
5082	0
5083	0
5084	0
5085	0
5086	0
5087	0
5088	1
5089	1
5090	2
5091	0
5092	0
5093	1
5094	0
5095	0
5096	0
5097	2
5098	1
5099	0
5100	0
5101	1
5102	2
5103	1
5104	0
5105	1
5106	0
5107	1
5108	0
5109	0
5110	0
5111	0
5112	0
5113	0
5114	0
5115	0
5116	0
5117	0
5118	0
5119	1
5120	0
5121	0
5122	0
5123	0
5124	0
5125	0
5126	0
5127	1
5128	0
5129	1
5130	0
5131	0
5132	0
5133	0
5134	0
5135	0
5136	0
5137	1
5138	1
5139	1
5140	0
5141	0
5142	0
5143	0
5144	0
5145	0
5146	0
5147	0
5148	0
5149	0
5150	0
5151	0
5152	0
5153	3
5154	0
5155	0
5156	0
5157	0
5158	1
5159	1
5160	1
5161	0
5162	0
5163	0
5164	0
5165	0
5166	0
5167	0
5168	0
5169	0
5170	0
5171	0
5172	0
5173	0
5174	0
5175	0
5176	0
5177	1
5178	0
5179	0
5180	1
5181	0
5182	0
5183	0
5184	0
5185	0
5186	1
5187	0
5188	1
5189	0
5190	0
5191	0
5192	1
5193	0
5194	0
5195	0
5196	0
5197	0
5198	0
5199	0
5200	1
5201	0
5202	0
5203	0
5204	0
5205	0
5206	1
5207	0
5208	1
5209	0
5210	1
5211	0
5212	0
5213	0
5214	0
5215	0
5216	0
5217	0
5218	2
5219	0
5220	1
5221	1
5222	0
5223	0
5224	0
5225	0
5226	0
5227	0
5228	0
5229	0
5230	0
5231	1
5232	0
5233	0
5234	0
5235	0
5236	0
5237	0
5238	0
5239	0
5240	0
5241	0
5242	0
5243	1
5244	0
5245	0
5246	0
5247	0
5248	0
5249	0
5250	0
5251	0
5252	0
5253	0
5254	0
5255	2
5256	0
5257	0
5258	0
5259	0
5260	0
5261	0
5262	0
5263	0
5264	0
5265	1
5266	0
5267	2
5268	0
5269	0
5270	1
5271	0
5272	1
5273	0
5274	1
5275	0
5276	0
5277	1
5278	1
5279	1
5280	0
5281	0
5282	0
5283	0
5284	0
5285	0
5286	1
5287	1
5288	0
5289	0
5290	0
5291	0
5292	0
5293	0
5294	0
5295	0
5296	0
5297	0
5298	0
5299	0
5300	0
5301	0
5302	1
5303	0
5304	0
5305	0
5306	0
5307	1
5308	1
5309	0
5310	0
5311	1
5312	0
5313	1
5314	0
5315	0
5316	1
5317	0
5318	0
5319	0
5320	0
5321	0
5322	0
5323	0
5324	0
5325	0
5326	0
5327	0
5328	0
5329	0
5330	0
5331	0
5332	0
5333	0
5334	1
5335	0
5336	0
5337	0
5338	0
5339	2
5340	1
5341	1
5342	0
5343	0
5344	0
5345	0
5346	0
5347	0
5348	0
5349	0
5350	0
5351	0
5352	0
5353	0
5354	0
5355	0
5356	0
5357	0
5358	0
5359	0
5360	0
5361	0
5362	0
5363	0
5364	0
5365	0
5366	0
5367	1
5368	0
5369	1
5370	0
5371	0
5372	0
5373	1
5374	1
5375	0
5376	0
5377	0
5378	0
5379	0
5380	1
5381	0
5382	0
5383	0
5384	1
5385	0
5386	0
5387	0
5388	2
5389	0
5390	1
5391	0
5392	0
5393	1
5394	0
5395	0
5396	1
5397	0
5398	0
5399	0
5400	1
5401	1
5402	0
5403	0
5404	1
5405	1
5406	1
5407	0
5408	1
5409	1
5410	0
5411	0
5412	2
5413	0
5414	0
5415	0
5416	0
5417	0
5418	1
5419	0
5420	0
5421	0
5422	0
5423	0
5424	0
5425	1
5426	1
5427	0
5428	0
5429	0
5430	0
5431	0
5432	1
5433	1
5434	0
5435	0
5436	0
5437	1
5438	0
5439	1
5440	0
5441	0
5442	1
5443	0
5444	0
5445	0
5446	0
5447	0
5448	0
5449	0
5450	2
5451	0
5452	0
5453	0
5454	1
5455	1
5456	1
5457	0
5458	0
5459	0
5460	1
5461	2
5462	1
5463	0
5464	0
5465	0
5466	1
5467	0
5468	1
5469	0
5470	0
5471	1
5472	2
5473	0
5474	1
5475	0
5476	0
5477	0
5478	1
5479	0
5480	1
5481	0
5482	0
5483	0
5484	1
5485	0
5486	0
5487	0
5488	0
5489	0
5490	1
5491	0
5492	0
5493	0
5494	1
5495	0
5496	1
5497	0
5498	0
5499	0
5500	0
5501	0
5502	0
5503	1
5504	0
5505	0
5506	0
5507	0
5508	0
5509	0
5510	0
5511	0
5512	0
5513	0
5514	1
5515	1
5516	0
5517	0
5518	1
5519	1
5520	1
5521	1
5522	1
5523	0
5524	1
5525	1
5526	1
5527	1
5528	0
5529	1
5530	0
5531	1
5532	1
5533	0
5534	0
5535	0
5536	0
5537	0
5538	0
5539	0
5540	0
5541	1
5542	0
5543	0
5544	2
5545	0
5546	1
5547	1
5548	0
5549	0
5550	1
5551	0
5552	0
5553	1
5554	2
5555	0
5556	0
5557	2
5558	1
5559	1
5560	0
5561	0
5562	0
5563	0
5564	0
5565	0
5566	0
5567	1
5568	0
5569	0
5570	0
5571	0
5572	0
5573	0
5574	0
5575	0
5576	0
5577	0
5578	0
5579	1
5580	0
5581	0
5582	0
5583	0
5584	0
5585	0
5586	0
5587	3
5588	0
5589	0
5590	2
5591	0
5592	0
5593	1
5594	1
5595	1
5596	1
5597	0
5598	0
5599	0
5600	0
5601	0
5602	0
5603	1
5604	0
5605	1
5606	0
5607	0
5608	1
5609	0
5610	2
5611	1
5612	0
5613	0
5614	0
5615	2
5616	0
5617	0
5618	0
5619	1
5620	1
5621	0
5622	0
5623	0
5624	1
5625	0
5626	0
5627	1
5628	1
5629	0
5630	2
5631	0
5632	2
5633	0
5634	0
5635	1
5636	0
5637	0
5638	0
5639	0
5640	0
5641	1
5642	1
5643	2
5644	3
5645	0
5646	0
5647	1
5648	2
5649	0
5650	1
5651	0
5652	1
5653	2
5654	2
5655	0
5656	1
5657	3
5658	0
5659	0
5660	0
5661	1
5662	1
5663	1
5664	1
5665	0
5666	0
5667	0
5668	0
5669	0
5670	2
5671	0
5672	0
5673	1
5674	1
5675	0
5676	2
5677	1
5678	0
5679	0
5680	3
5681	3
5682	1
5683	1
5684	2
5685	1
5686	0
5687	1
5688	1
5689	1
5690	0
5691	1
5692	2
5693	3
5694	1
5695	1
5696	0
5697	1
5698	1
5699	2
5700	3
5701	2
5702	1
5703	1
5704	1
5705	2
5706	0
5707	2
5708	1
5709	3
5710	3
5711	0
5712	2
5713	5
5714	3
5715	1
5716	3
5717	4
5718	2
5719	0
5720	4
5721	1
5722	1
5723	1
5724	1
5725	1
5726	2
5727	2
5728	0
5729	2
5730	4
5731	7
5732	3
5733	1
5734	1
5735	1
5736	4
5737	1
5738	1
5739	4
5740	1
5741	5
5742	3
5743	1
5744	0
5745	1
5746	4
5747	6
5748	2
5749	1
5750	2
5751	4
5752	1
5753	3
5754	1
5755	6
5756	5
5757	6
5758	3
5759	8
5760	2
5761	3
5762	6
5763	9
5764	4
5765	2
5766	7
5767	3
5768	8
5769	3
5770	6
5771	1
5772	7
5773	7
5774	8
5775	3
5776	11
5777	3
5778	7
5779	5
5780	3
5781	5
5782	5
5783	8
5784	6
5785	6
5786	10
5787	5
5788	3
5789	2
5790	9
5791	4
5792	6
5793	7
5794	5
5795	9
5796	7
5797	3
5798	6
5799	4
5800	8
5801	5
5802	4
5803	3
5804	8
5805	10
5806	6
5807	6
5808	8
5809	10
5810	7
5811	12
5812	7
5813	6
5814	7
5815	7
5816	8
5817	4
5818	7
5819	10
5820	6
5821	10
5822	8
5823	8
5824	6
5825	9
5826	8
5827	8
5828	9
5829	7
5830	12
5831	8
5832	12
5833	5
5834	11
5835	12
5836	10
5837	7
5838	10
5839	8
5840	8
5841	10
5842	9
5843	10
5844	12
5845	15
5846	8
5847	16
5848	7
5849	13
5850	10
5851	6
5852	13
5853	8
5854	15
5855	11
5856	12
5857	8
5858	12
5859	12
5860	11
5861	6
5862	14
5863	17
5864	12
5865	14
5866	9
5867	11
5868	10
5869	12
5870	9
5871	14
5872	14
5873	23
5874	17
5875	12
5876	20
5877	14
5878	17
5879	18
5880	8
5881	16
5882	16
5883	8
5884	13
5885	5
5886	10
5887	12
5888	15
5889	9
5890	11
5891	9
5892	13
5893	17
5894	9
5895	13
5896	13
5897	9
5898	17
5899	10
5900	10
5901	13
5902	11
5903	14
5904	10
5905	15
5906	8
5907	10
5908	11
5909	13
5910	7
5911	11
5912	14
5913	13
5914	10
5915	12
5916	12
5917	7
5918	13
5919	8
5920	7
5921	6
5922	10
5923	18
5924	9
5925	6
5926	5
5927	12
5928	8
5929	9
5930	16
5931	16
5932	9
5933	11
5934	7
5935	3
5936	5
5937	9
5938	9
5939	9
5940	13
5941	9
5942	11
5943	7
5944	7
5945	15
5946	12
5947	8
5948	7
5949	10
5950	6
5951	9
5952	11
5953	11
5954	12
5955	7
5956	8
5957	3
5958	12
5959	8
5960	7
5961	5
5962	7
5963	8
5964	6
5965	4
5966	2
5967	6
5968	7
5969	7
5970	7
5971	5
5972	4
5973	4
5974	9
5975	3
5976	3
5977	6
5978	4
5979	3
5980	9
5981	6
5982	2
5983	5
5984	3
5985	10
5986	3
5987	4
5988	8
5989	8
5990	4
5991	5
5992	2
5993	4
5994	4
5995	5
5996	3
5997	10
5998	1
5999	6
6000	5
6001	4
6002	5
6003	5
6004	7
6005	3
6006	2
6007	3
6008	6
6009	7
6010	3
6011	4
6012	3
6013	4
6014	6
6015	2
6016	2
6017	2
6018	4
6019	1
6020	4
6021	2
6022	4
6023	3
6024	7
6025	3
6026	6
6027	8
6028	3
6029	4
6030	8
6031	1
6032	4
6033	5
6034	5
6035	0
6036	2
6037	2
6038	1
6039	4
6040	3
6041	5
6042	4
6043	5
6044	6
6045	2
6046	1
6047	1
6048	3
6049	2
6050	2
6051	5
6052	2
6053	0
6054	1
6055	1
6056	3
6057	2
6058	4
6059	3
6060	1
6061	4
6062	4
6063	5
6064	7
6065	1
6066	0
6067	2
6068	3
6069	4
6070	1
6071	3
6072	2
6073	0
6074	3
6075	5
6076	2
6077	3
6078	2
6079	2
6080	4
6081	0
6082	1
6083	2
6084	3
6085	4
6086	5
6087	3
6088	1
6089	3
6090	2
6091	2
6092	3
6093	3
6094	3
6095	3
6096	1
6097	2
6098	3
6099	2
6100	4
6101	4
6102	4
6103	5
6104	4
6105	3
6106	5
6107	3
6108	5
6109	3
6110	4
6111	3
6112	1
6113	2
6114	2
6115	1
6116	2
6117	5
6118	3
6119	3
6120	4
6121	3
6122	2
6123	2
6124	3
6125	2
6126	2
6127	4
6128	0
6129	2
6130	1
6131	4
6132	1
6133	6
6134	2
6135	1
6136	2
6137	2
6138	2
6139	5
6140	4
6141	5
6142	3
6143	6
6144	6
6145	2
6146	10
6147	46
6148	83
6149	107
6150	91
6151	59
6152	45
6153	31
6154	14
6155	21
6156	21
6157	48
6158	58
6159	32
6160	10
6161	0
6162	0
6163	0
6164	0
6165	0
6166	0
6167	0
6168	0
6169	0
6170	0
6171	0
6172	0
6173	0
6174	0
6175	0
6176	0
6177	0
6178	0
6179	0
6180	0
6181	0
6182	0
6183	0
6184	0
6185	0
6186	0
6187	0
6188	0
6189	0
6190	0
6191	0
6192	0
6193	0
6194	0
6195	0
6196	0
6197	0
6198	0
6199	0
6200	0
6201	0
6202	0
6203	0
6204	0
6205	0
6206	0
6207	0
6208	0
6209	0
6210	0
6211	0
6212	0
6213	0
6214	0
6215	0
6216	0
6217	0
6218	0
6219	0
6220	0
6221	0
6222	0
6223	0
6224	0
6225	0
6226	0
6227	0
6228	0
6229	0
6230	0
6231	0
6232	0
6233	0
6234	0
6235	0
6236	0
6237	0
6238	0
6239	0
6240	0
6241	0
6242	0
6243	0
6244	0
6245	0
6246	0
6247	0
6248	0
6249	0
6250	0
6251	0
6252	0
6253	0
6254	0
6255	0
6256	0
6257	0
6258	0
6259	0
6260	0
6261	0
6262	0
6263	0
6264	0
6265	0
6266	0
6267	0
6268	0
6269	0
6270	0
6271	0
6272	0
6273	0
6274	0
6275	0
6276	0
6277	0
6278	0
6279	0
6280	0
6281	0
6282	0
6283	0
6284	0
6285	0
6286	0
6287	0
6288	0
6289	0
6290	0
6291	0
6292	0
6293	0
6294	0
6295	0
6296	0
6297	0
6298	0
6299	0
6300	0
6301	0
6302	0
6303	0
6304	0
6305	0
6306	0
6307	0
6308	0
6309	0
6310	0
6311	0
6312	0
6313	0
6314	0
6315	0
6316	0
6317	0
6318	0
6319	0
6320	0
6321	0
6322	0
6323	0
6324	0
6325	0
6326	0
6327	0
6328	0
6329	0
6330	0
6331	0
6332	0
6333	0
6334	0
6335	0
6336	0
6337	0
6338	0
6339	0
6340	0
6341	0
6342	0
6343	0
6344	0
6345	0
6346	0
6347	0
6348	0
6349	0
6350	0
6351	0
6352	0
6353	0
6354	0
6355	0
6356	0
6357	0
6358	0
6359	0
6360	0
6361	0
6362	0
6363	0
6364	0
6365	0
6366	0
6367	0
6368	0
6369	0
6370	0
6371	0
6372	0
6373	0
6374	0
6375	0
6376	0
6377	0
6378	0
6379	0
6380	0
6381	0
6382	0
6383	0
6384	0
6385	0
6386	0
6387	0
6388	0
6389	0
6390	0
6391	0
6392	0
6393	0
6394	0
6395	0
6396	0
6397	0
6398	0
6399	0
6400	0
6401	0
6402	0
6403	0
6404	0
6405	0
6406	0
6407	0
6408	0
6409	0
6410	0
6411	0
6412	0
6413	0
6414	0
6415	0
6416	0
6417	0
6418	0
6419	0
6420	0
6421	0
6422	0
6423	0
6424	0
6425	0
6426	0
6427	0
6428	0
6429	0
6430	0
6431	0
6432	0
6433	0
6434	0
6435	0
6436	0
6437	0
6438	0
6439	0
6440	0
6441	0
6442	0
6443	0
6444	0
6445	0
6446	0
6447	0
6448	0
6449	0
6450	0
6451	0
6452	0
6453	0
6454	0
6455	0
6456	0
6457	0
6458	0
6459	0
6460	0
6461	0
6462	0
6463	0
6464	0
6465	0
6466	0
6467	0
6468	0
6469	0
6470	0
6471	0
6472	0
6473	0
6474	0
6475	0
6476	0
6477	0
6478	0
6479	0
6480	0
6481	0
6482	0
6483	0
6484	0
6485	0
6486	0
6487	0
6488	0
6489	0
6490	0
6491	0
6492	0
6493	0
6494	0
6495	0
6496	0
6497	0
6498	0
6499	0
6500	0
6501	0
6502	0
6503	0
6504	0
6505	0
6506	0
6507	0
6508	0
6509	0
6510	0
6511	0
6512	0
6513	0
6514	0
6515	0
6516	0
6517	0
6518	0
6519	0
6520	0
6521	0
6522	0
6523	0
6524	0
6525	0
6526	0
6527	0
6528	0
6529	0
6530	0
6531	0
6532	0
6533	0
6534	0
6535	0
6536	0
6537	0
6538	0
6539	0
6540	0
6541	0
6542	0
6543	0
6544	0
6545	0
6546	0
6547	0
6548	0
6549	0
6550	0
6551	0
6552	0
6553	0
6554	0
6555	0
6556	0
6557	0
6558	0
6559	0
6560	0
6561	0
6562	0
6563	0
6564	0
6565	0
6566	0
6567	0
6568	0
6569	0
6570	0
6571	0
6572	0
6573	0
6574	0
6575	0
6576	0
6577	0
6578	0
6579	0
6580	0
6581	0
6582	0
6583	0
6584	0
6585	0
6586	0
6587	0
6588	0
6589	0
6590	0
6591	0
6592	0
6593	0
6594	0
6595	0
6596	0
6597	0
6598	0
6599	0
6600	0
6601	0
6602	0
6603	0
6604	0
6605	0
6606	0
6607	0
6608	0
6609	0
6610	0
6611	0
6612	0
6613	0
6614	0
6615	0
6616	0
6617	0
6618	0
6619	0
6620	0
6621	0
6622	0
6623	0
6624	0
6625	0
6626	0
6627	0
6628	0
6629	0
6630	0
6631	0
6632	0
6633	0
6634	0
6635	0
6636	0
6637	0
6638	0
6639	0
6640	0
6641	0
6642	0
6643	0
6644	0
6645	0
6646	0
6647	0
6648	0
6649	0
6650	0
6651	0
6652	0
6653	0
6654	0
6655	0
6656	0
6657	0
6658	0
6659	0
6660	0
6661	0
6662	0
6663	0
6664	0
6665	0
6666	0
6667	0
6668	0
6669	0
6670	0
6671	0
6672	0
6673	0
6674	0
6675	0
6676	0
6677	0
6678	0
6679	0
6680	0
6681	0
6682	0
6683	0
6684	0
6685	0
6686	0
6687	0
6688	0
6689	0
6690	0
6691	0
6692	0
6693	0
6694	0
6695	0
6696	0
6697	0
6698	0
6699	0
6700	0
6701	0
6702	0
6703	0
6704	0
6705	0
6706	0
6707	0
6708	0
6709	0
6710	0
6711	0
6712	0
6713	0
6714	0
6715	0
6716	0
6717	0
6718	0
6719	0
6720	0
6721	0
6722	0
6723	0
6724	0
6725	0
6726	0
6727	0
6728	0
6729	0
6730	0
6731	0
6732	0
6733	0
6734	0
6735	0
6736	0
6737	0
6738	0
6739	0
6740	0
6741	0
6742	0
6743	0
6744	0
6745	0
6746	0
6747	0
6748	0
6749	0
6750	0
6751	0
6752	0
6753	0
6754	0
6755	0
6756	0
6757	0
6758	0
6759	0
6760	0
6761	0
6762	0
6763	0
6764	0
6765	0
6766	0
6767	0
6768	0
6769	0
6770	0
6771	0
6772	0
6773	0
6774	0
6775	0
6776	0
6777	0
6778	0
6779	0
6780	0
6781	0
6782	0
6783	0
6784	0
6785	0
6786	0
6787	0
6788	0
6789	0
6790	0
6791	0
6792	0
6793	0
6794	0
6795	0
6796	0
6797	0
6798	0
6799	0
6800	0
6801	0
6802	0
6803	0
6804	0
6805	0
6806	0
6807	0
6808	0
6809	0
6810	0
6811	0
6812	0
6813	0
6814	0
6815	0
6816	0
6817	0
6818	0
6819	0
6820	0
6821	0
6822	0
6823	0
6824	0
6825	0
6826	0
6827	0
6828	0
6829	0
6830	0
6831	0
6832	0
6833	0
6834	0
6835	0
6836	0
6837	0
6838	0
6839	0
6840	0
6841	0
6842	0
6843	0
6844	0
6845	0
6846	0
6847	0
6848	0
6849	0
6850	0
6851	0
6852	0
6853	0
6854	0
6855	0
6856	0
6857	0
6858	0
6859	0
6860	0
6861	0
6862	0
6863	0
6864	0
6865	0
6866	0
6867	0
6868	0
6869	0
6870	0
6871	0
6872	0
6873	0
6874	0
6875	0
6876	0
6877	0
6878	0
6879	0
6880	0
6881	0
6882	0
6883	0
6884	0
6885	0
6886	0
6887	0
6888	0
6889	0
6890	0
6891	0
6892	0
6893	0
6894	0
6895	0
6896	0
6897	0
6898	0
6899	0
6900	0
6901	0
6902	0
6903	0
6904	0
6905	0
6906	0
6907	0
6908	0
6909	0
6910	0
6911	0
6912	0
6913	0
6914	0
6915	0
6916	0
6917	0
6918	0
6919	0
6920	0
6921	0
6922	0
6923	0
6924	0
6925	0
6926	0
6927	0
6928	0
6929	0
6930	0
6931	0
6932	0
6933	0
6934	0
6935	0
6936	0
6937	0
6938	0
6939	0
6940	0
6941	0
6942	0
6943	0
6944	0
6945	0
6946	0
6947	0
6948	0
6949	0
6950	0
6951	0
6952	0
6953	0
6954	0
6955	0
6956	0
6957	0
6958	0
6959	0
6960	0
6961	0
6962	0
6963	0
6964	0
6965	0
6966	0
6967	0
6968	0
6969	0
6970	0
6971	0
6972	0
6973	0
6974	0
6975	0
6976	0
6977	0
6978	0
6979	0
6980	0
6981	0
6982	0
6983	0
6984	0
6985	0
6986	0
6987	0
6988	0
6989	0
6990	0
6991	0
6992	0
6993	0
6994	0
6995	0
6996	0
6997	0
6998	0
6999	0
7000	0
7001	0
7002	0
7003	0
7004	0
7005	0
7006	0
7007	0
7008	0
7009	0
7010	0
7011	0
7012	0
7013	0
7014	0
7015	0
7016	0
7017	0
7018	0
7019	0
7020	0
7021	0
7022	0
7023	0
7024	0
7025	0
7026	0
7027	0
7028	0
7029	0
7030	0
7031	0
7032	0
7033	0
7034	0
7035	0
7036	0
7037	0
7038	0
7039	0
7040	0
7041	0
7042	0
7043	0
7044	0
7045	0
7046	0
7047	0
7048	0
7049	0
7050	0
7051	0
7052	0
7053	0
7054	0
7055	0
7056	0
7057	0
7058	0
7059	0
7060	0
7061	0
7062	0
7063	0
7064	0
7065	0
7066	0
7067	0
7068	0
7069	0
7070	0
7071	0
7072	0
7073	0
7074	0
7075	0
7076	0
7077	0
7078	0
7079	0
7080	0
7081	0
7082	0
7083	0
7084	0
7085	0
7086	0
7087	0
7088	0
7089	0
7090	0
7091	0
7092	0
7093	0
7094	0
7095	0
7096	0
7097	0
7098	0
7099	0
7100	0
7101	0
7102	0
7103	0
7104	0
7105	0
7106	0
7107	0
7108	0
7109	0
7110	0
7111	0
7112	0
7113	0
7114	0
7115	0
7116	0
7117	0
7118	0
7119	0
7120	0
7121	0
7122	0
7123	0
7124	0
7125	0
7126	0
7127	0
7128	0
7129	0
7130	0
7131	0
7132	0
7133	0
7134	0
7135	0
7136	0
7137	0
7138	0
7139	0
7140	0
7141	0
7142	0
7143	0
7144	0
7145	0
7146	0
7147	0
7148	0
7149	0
7150	0
7151	0
7152	0
7153	0
7154	0
7155	0
7156	0
7157	0
7158	0
7159	0
7160	0
7161	0
7162	0
7163	0
7164	0
7165	0
7166	0
7167	0
7168	0
7169	0
7170	0
7171	0
7172	0
7173	0
7174	0
7175	0
7176	0
7177	0
7178	0
7179	0
7180	0
7181	0
7182	0
7183	0
7184	0
7185	0
7186	0
7187	0
7188	0
7189	0
7190	0
7191	0
7192	0
7193	0
7194	0
7195	0
7196	0
7197	0
7198	0
7199	0
7200	0
7201	0
7202	0
7203	0
7204	0
7205	0
7206	0
7207	0
7208	0
7209	0
7210	0
7211	0
7212	0
7213	0
7214	0
7215	0
7216	0
7217	0
7218	0
7219	0
7220	0
7221	0
7222	0
7223	0
7224	0
7225	0
7226	0
7227	0
7228	0
7229	0
7230	0
7231	0
7232	0
7233	0
7234	0
7235	0
7236	0
7237	0
7238	0
7239	0
7240	0
7241	0
7242	0
7243	0
7244	0
7245	0
7246	0
7247	0
7248	0
7249	0
7250	0
7251	0
7252	0
7253	0
7254	0
7255	0
7256	0
7257	0
7258	0
7259	0
7260	0
7261	0
7262	0
7263	0
7264	0
7265	0
7266	0
7267	0
7268	0
7269	0
7270	0
7271	0
7272	0
7273	0
7274	0
7275	0
7276	0
7277	0
7278	0
7279	0
7280	0
7281	0
7282	0
7283	0
7284	0
7285	0
7286	0
7287	0
7288	0
7289	0
7290	0
7291	0
7292	0
7293	0
7294	0
7295	0
7296	0
7297	0
7298	0
7299	0
7300	0
7301	0
7302	0
7303	0
7304	0
7305	0
7306	0
7307	0
7308	0
7309	0
7310	0
7311	0
7312	0
7313	0
7314	0
7315	0
7316	0
7317	0
7318	0
7319	0
7320	0
7321	0
7322	0
7323	0
7324	0
7325	0
7326	0
7327	0
7328	0
7329	0
7330	0
7331	0
7332	0
7333	0
7334	0
7335	0
7336	0
7337	0
7338	0
7339	0
7340	0
7341	0
7342	0
7343	0
7344	0
7345	0
7346	0
7347	0
7348	0
7349	0
7350	0
7351	0
7352	0
7353	0
7354	0
7355	0
7356	0
7357	0
7358	0
7359	0
7360	0
7361	0
7362	0
7363	0
7364	0
7365	0
7366	0
7367	0
7368	0
7369	0
7370	0
7371	0
7372	0
7373	0
7374	0
7375	0
7376	0
7377	0
7378	0
7379	0
7380	0
7381	0
7382	0
7383	0
7384	0
7385	0
7386	0
7387	0
7388	0
7389	0
7390	0
7391	0
7392	0
7393	0
7394	0
7395	0
7396	0
7397	0
7398	0
7399	0
7400	0
7401	0
7402	0
7403	0
7404	0
7405	0
7406	0
7407	0
7408	0
7409	0
7410	0
7411	0
7412	0
7413	0
7414	0
7415	0
7416	0
7417	0
7418	0
7419	0
7420	0
7421	0
7422	0
7423	0
7424	0
7425	0
7426	0
7427	0
7428	0
7429	0
7430	0
7431	0
7432	0
7433	0
7434	0
7435	0
7436	0
7437	0
7438	0
7439	0
7440	0
7441	0
7442	0
7443	0
7444	0
7445	0
7446	0
7447	0
7448	0
7449	0
7450	0
7451	0
7452	0
7453	0
7454	0
7455	0
7456	0
7457	0
7458	0
7459	0
7460	0
7461	0
7462	0
7463	0
7464	0
7465	0
7466	0
7467	0
7468	0
7469	0
7470	0
7471	0
7472	0
7473	0
7474	0
7475	0
7476	0
7477	0
7478	0
7479	0
7480	0
7481	0
7482	0
7483	0
7484	0
7485	0
7486	0
7487	0
7488	0
7489	0
7490	0
7491	0
7492	0
7493	0
7494	0
7495	0
7496	0
7497	0
7498	0
7499	0
7500	0
7501	0
7502	0
7503	0
7504	0
7505	0
7506	0
7507	0
7508	0
7509	0
7510	0
7511	0
7512	0
7513	0
7514	0
7515	0
7516	0
7517	0
7518	0
7519	0
7520	0
7521	0
7522	0
7523	0
7524	0
7525	0
7526	0
7527	0
7528	0
7529	0
7530	0
7531	0
7532	0
7533	0
7534	0
7535	0
7536	0
7537	0
7538	0
7539	0
7540	0
7541	0
7542	0
7543	0
7544	0
7545	0
7546	0
7547	0
7548	0
7549	0
7550	0
7551	0
7552	0
7553	0
7554	0
7555	0
7556	0
7557	0
7558	0
7559	0
7560	0
7561	0
7562	0
7563	0
7564	0
7565	0
7566	0
7567	0
7568	0
7569	0
7570	0
7571	0
7572	0
7573	0
7574	0
7575	0
7576	0
7577	0
7578	0
7579	0
7580	0
7581	0
7582	0
7583	0
7584	0
7585	0
7586	0
7587	0
7588	0
7589	0
7590	0
7591	0
7592	0
7593	0
7594	0
7595	0
7596	0
7597	0
7598	0
7599	0
7600	0
7601	0
7602	0
7603	0
7604	0
7605	0
7606	0
7607	0
7608	0
7609	0
7610	0
7611	0
7612	0
7613	0
7614	0
7615	0
7616	0
7617	0
7618	0
7619	0
7620	0
7621	0
7622	0
7623	0
7624	0
7625	0
7626	0
7627	0
7628	0
7629	0
7630	0
7631	0
7632	0
7633	0
7634	0
7635	0
7636	0
7637	0
7638	0
7639	0
7640	0
7641	0
7642	0
7643	0
7644	0
7645	0
7646	0
7647	0
7648	0
7649	0
7650	0
7651	0
7652	0
7653	0
7654	0
7655	0
7656	0
7657	0
7658	0
7659	0
7660	0
7661	0
7662	0
7663	0
7664	0
7665	0
7666	0
7667	0
7668	0
7669	0
7670	0
7671	0
7672	0
7673	0
7674	0
7675	0
7676	0
7677	0
7678	0
7679	0
7680	0
7681	0
7682	0
7683	0
7684	0
7685	0
7686	0
7687	0
7688	0
7689	0
7690	0
7691	0
7692	0
7693	0
7694	0
7695	0
7696	0
7697	0
7698	0
7699	0
7700	0
7701	0
7702	0
7703	0
7704	0
7705	0
7706	0
7707	0
7708	0
7709	0
7710	0
7711	0
7712	0
7713	0
7714	0
7715	0
7716	0
7717	0
7718	0
7719	0
7720	0
7721	0
7722	0
7723	0
7724	0
7725	0
7726	0
7727	0
7728	0
7729	0
7730	0
7731	0
7732	0
7733	0
7734	0
7735	0
7736	0
7737	0
7738	0
7739	0
7740	0
7741	0
7742	0
7743	0
7744	0
7745	0
7746	0
7747	0
7748	0
7749	0
7750	0
7751	0
7752	0
7753	0
7754	0
7755	0
7756	0
7757	0
7758	0
7759	0
7760	0
7761	0
7762	0
7763	0
7764	0
7765	0
7766	0
7767	0
7768	0
7769	0
7770	0
7771	0
7772	0
7773	0
7774	0
7775	0
7776	0
7777	0
7778	0
7779	0
7780	0
7781	0
7782	0
7783	0
7784	0
7785	0
7786	0
7787	0
7788	0
7789	0
7790	0
7791	0
7792	0
7793	0
7794	0
7795	0
7796	0
7797	0
7798	0
7799	0
7800	0
7801	0
7802	0
7803	0
7804	0
7805	0
7806	0
7807	0
7808	0
7809	0
7810	0
7811	0
7812	0
7813	0
7814	0
7815	0
7816	0
7817	0
7818	0
7819	0
7820	0
7821	0
7822	0
7823	0
7824	0
7825	0
7826	0
7827	0
7828	0
7829	0
7830	0
7831	0
7832	0
7833	0
7834	0
7835	0
7836	0
7837	0
7838	0
7839	0
7840	0
7841	0
7842	0
7843	0
7844	0
7845	0
7846	0
7847	0
7848	0
7849	0
7850	0
7851	0
7852	0
7853	0
7854	0
7855	0
7856	0
7857	0
7858	0
7859	0
7860	0
7861	0
7862	0
7863	0
7864	0
7865	0
7866	0
7867	0
7868	0
7869	0
7870	0
7871	0
7872	0
7873	0
7874	0
7875	0
7876	0
7877	0
7878	0
7879	0
7880	0
7881	0
7882	0
7883	0
7884	0
7885	0
7886	0
7887	0
7888	0
7889	0
7890	0
7891	0
7892	0
7893	0
7894	0
7895	0
7896	0
7897	0
7898	0
7899	0
7900	0
7901	0
7902	0
7903	0
7904	0
7905	0
7906	0
7907	0
7908	0
7909	0
7910	0
7911	0
7912	0
7913	0
7914	0
7915	0
7916	0
7917	0
7918	0
7919	0
7920	0
7921	0
7922	0
7923	0
7924	0
7925	0
7926	0
7927	0
7928	0
7929	0
7930	0
7931	0
7932	0
7933	0
7934	0
7935	0
7936	0
7937	0
7938	0
7939	0
7940	0
7941	0
7942	0
7943	0
7944	0
7945	0
7946	0
7947	0
7948	0
7949	0
7950	0
7951	0
7952	0
7953	0
7954	0
7955	0
7956	0
7957	0
7958	0
7959	0
7960	0
7961	0
7962	0
7963	0
7964	0
7965	0
7966	0
7967	0
7968	0
7969	0
7970	0
7971	0
7972	0
7973	0
7974	0
7975	0
7976	0
7977	0
7978	0
7979	0
7980	0
7981	0
7982	0
7983	0
7984	0
7985	0
7986	0
7987	0
7988	0
7989	0
7990	0
7991	0
7992	0
7993	0
7994	0
7995	0
7996	0
7997	0
7998	0
7999	0
8000	0
8001	0
8002	0
8003	0
8004	0
8005	0
8006	0
8007	0
8008	0
8009	0
8010	0
8011	0
8012	0
8013	0
8014	0
8015	0
8016	0
8017	0
8018	0
8019	0
8020	0
8021	0
8022	0
8023	0
8024	0
8025	0
8026	0
8027	0
8028	0
8029	0
8030	0
8031	0
8032	0
8033	0
8034	0
8035	0
8036	0
8037	0
8038	0
8039	0
8040	0
8041	0
8042	0
8043	0
8044	0
8045	0
8046	0
8047	0
8048	0
8049	0
8050	0
8051	0
8052	0
8053	0
8054	0
8055	0
8056	0
8057	0
8058	0
8059	0
8060	0
8061	0
8062	0
8063	0
8064	0
8065	0
8066	0
8067	0
8068	0
8069	0
8070	0
8071	0
8072	0
8073	0
8074	0
8075	0
8076	0
8077	0
8078	0
8079	0
8080	0
8081	0
8082	0
8083	0
8084	0
8085	0
8086	0
8087	0
8088	0
8089	0
8090	0
8091	0
8092	0
8093	0
8094	0
8095	0
8096	0
8097	0
8098	0
8099	0
8100	0
8101	0
8102	0
8103	0
8104	0
8105	0
8106	0
8107	0
8108	0
8109	0
8110	0
8111	0
8112	0
8113	0
8114	0
8115	0
8116	0
8117	0
8118	0
8119	0
8120	0
8121	0
8122	0
8123	0
8124	0
8125	0
8126	0
8127	0
8128	0
8129	0
8130	0
8131	0
8132	0
8133	0
8134	0
8135	0
8136	0
8137	0
8138	0
8139	0
8140	0
8141	0
8142	0
8143	0
8144	0
8145	0
8146	0
8147	0
8148	0
8149	0
8150	0
8151	0
8152	0
8153	0
8154	0
8155	0
8156	0
8157	0
8158	0
8159	0
8160	0
8161	0
8162	0
8163	0
8164	0
8165	0
8166	0
8167	0
8168	0
8169	0
8170	0
8171	0
8172	0
8173	0
8174	0
8175	0
8176	0
8177	0
8178	0
8179	0
8180	0
8181	0
8182	0
8183	0
8184	0
8185	0
8186	0
8187	0
8188	0
8189	0
8190	0
8191	0
