0	0
1	0
2	0
3	0
4	0
5	0
6	0
7	0
8	0
9	0
10	0
11	0
12	0
13	0
14	0
15	0
16	0
17	0
18	0
19	0
20	0
21	0
22	0
23	0
24	0
25	0
26	0
27	0
28	0
29	0
30	0
31	0
32	0
33	0
34	0
35	0
36	0
37	0
38	0
39	0
40	0
41	0
42	0
43	0
44	0
45	0
46	0
47	0
48	0
49	0
50	0
51	0
52	0
53	0
54	0
55	0
56	0
57	0
58	0
59	0
60	0
61	0
62	0
63	0
64	0
65	0
66	0
67	0
68	0
69	0
70	0
71	0
72	0
73	0
74	0
75	0
76	0
77	0
78	0
79	0
80	0
81	0
82	0
83	0
84	0
85	0
86	0
87	0
88	0
89	0
90	0
91	0
92	0
93	0
94	0
95	0
96	0
97	0
98	0
99	0
100	0
101	0
102	0
103	0
104	0
105	0
106	0
107	0
108	0
109	0
110	0
111	0
112	0
113	0
114	0
115	0
116	0
117	0
118	0
119	0
120	0
121	0
122	0
123	0
124	0
125	0
126	0
127	0
128	0
129	0
130	0
131	0
132	0
133	0
134	0
135	0
136	0
137	0
138	0
139	0
140	0
141	0
142	0
143	0
144	0
145	0
146	0
147	0
148	0
149	0
150	0
151	0
152	0
153	0
154	0
155	0
156	0
157	0
158	0
159	0
160	0
161	0
162	0
163	0
164	0
165	0
166	0
167	0
168	0
169	0
170	0
171	0
172	0
173	0
174	0
175	0
176	0
177	0
178	0
179	0
180	0
181	0
182	0
183	0
184	0
185	0
186	0
187	0
188	0
189	0
190	0
191	0
192	0
193	0
194	0
195	0
196	0
197	0
198	0
199	0
200	0
201	0
202	0
203	0
204	0
205	0
206	0
207	0
208	0
209	0
210	0
211	0
212	0
213	0
214	0
215	0
216	0
217	0
218	0
219	0
220	0
221	0
222	0
223	0
224	0
225	0
226	0
227	0
228	0
229	0
230	0
231	0
232	0
233	0
234	0
235	0
236	0
237	0
238	0
239	0
240	0
241	0
242	0
243	0
244	0
245	0
246	0
247	0
248	0
249	0
250	0
251	0
252	0
253	0
254	0
255	0
256	0
257	0
258	0
259	0
260	0
261	0
262	0
263	0
264	0
265	0
266	0
267	0
268	0
269	0
270	0
271	0
272	0
273	0
274	0
275	0
276	0
277	0
278	0
279	0
280	0
281	0
282	0
283	0
284	0
285	0
286	0
287	0
288	0
289	0
290	0
291	0
292	0
293	0
294	0
295	0
296	0
297	0
298	0
299	0
300	0
301	0
302	0
303	0
304	0
305	0
306	0
307	0
308	0
309	0
310	0
311	0
312	0
313	0
314	0
315	0
316	0
317	0
318	0
319	0
320	0
321	0
322	0
323	0
324	0
325	0
326	0
327	0
328	0
329	0
330	0
331	0
332	0
333	0
334	0
335	0
336	0
337	0
338	0
339	0
340	0
341	0
342	0
343	0
344	0
345	0
346	0
347	0
348	0
349	0
350	0
351	0
352	0
353	0
354	0
355	0
356	0
357	0
358	0
359	0
360	0
361	0
362	0
363	0
364	0
365	0
366	0
367	0
368	0
369	0
370	0
371	0
372	0
373	0
374	0
375	0
376	0
377	0
378	0
379	0
380	0
381	0
382	0
383	0
384	0
385	0
386	0
387	0
388	0
389	0
390	0
391	0
392	0
393	0
394	0
395	0
396	0
397	0
398	0
399	0
400	0
401	0
402	0
403	0
404	0
405	0
406	0
407	0
408	0
409	0
410	0
411	0
412	0
413	0
414	0
415	0
416	0
417	0
418	0
419	0
420	0
421	0
422	0
423	0
424	0
425	0
426	0
427	0
428	0
429	0
430	0
431	0
432	0
433	0
434	0
435	0
436	0
437	0
438	0
439	0
440	0
441	0
442	0
443	0
444	0
445	0
446	0
447	0
448	0
449	0
450	0
451	0
452	0
453	0
454	0
455	0
456	0
457	0
458	0
459	0
460	0
461	0
462	0
463	0
464	0
465	0
466	0
467	0
468	0
469	0
470	0
471	0
472	0
473	0
474	0
475	0
476	0
477	0
478	0
479	0
480	0
481	0
482	0
483	0
484	0
485	0
486	0
487	0
488	0
489	0
490	0
491	0
492	0
493	0
494	0
495	0
496	0
497	0
498	0
499	0
500	0
501	0
502	0
503	0
504	0
505	0
506	0
507	0
508	0
509	0
510	0
511	0
512	0
513	0
514	0
515	0
516	0
517	0
518	0
519	0
520	0
521	0
522	0
523	0
524	0
525	0
526	0
527	0
528	0
529	0
530	0
531	0
532	0
533	0
534	0
535	0
536	0
537	0
538	0
539	0
540	0
541	0
542	2
543	17
544	50
545	41
546	41
547	32
548	48
549	62
550	43
551	43
552	51
553	47
554	38
555	38
556	49
557	50
558	51
559	40
560	47
561	43
562	54
563	51
564	53
565	30
566	42
567	46
568	50
569	36
570	53
571	49
572	41
573	49
574	56
575	38
576	48
577	43
578	41
579	50
580	40
581	57
582	43
583	46
584	36
585	52
586	44
587	48
588	39
589	51
590	52
591	46
592	38
593	39
594	37
595	46
596	64
597	42
598	42
599	59
600	48
601	37
602	48
603	49
604	51
605	37
606	41
607	49
608	49
609	42
610	58
611	40
612	46
613	50
614	57
615	41
616	44
617	47
618	48
619	57
620	44
621	45
622	42
623	39
624	49
625	46
626	41
627	45
628	37
629	47
630	51
631	47
632	45
633	34
634	46
635	47
636	33
637	43
638	38
639	50
640	40
641	37
642	45
643	42
644	44
645	37
646	48
647	46
648	47
649	41
650	50
651	42
652	60
653	43
654	49
655	37
656	55
657	55
658	44
659	37
660	47
661	51
662	53
663	43
664	52
665	40
666	35
667	40
668	44
669	41
670	39
671	42
672	49
673	56
674	40
675	47
676	37
677	45
678	38
679	43
680	47
681	36
682	41
683	42
684	45
685	40
686	41
687	46
688	42
689	38
690	50
691	52
692	43
693	40
694	42
695	50
696	43
697	37
698	41
699	41
700	38
701	37
702	40
703	40
704	46
705	39
706	50
707	47
708	42
709	46
710	51
711	35
712	43
713	39
714	50
715	40
716	33
717	40
718	52
719	38
720	39
721	37
722	29
723	44
724	40
725	50
726	34
727	47
728	44
729	43
730	49
731	34
732	26
733	46
734	51
735	31
736	44
737	45
738	45
739	51
740	34
741	38
742	36
743	37
744	55
745	43
746	35
747	42
748	43
749	43
750	48
751	36
752	34
753	48
754	47
755	33
756	49
757	33
758	51
759	32
760	42
761	56
762	40
763	42
764	50
765	49
766	56
767	34
768	41
769	54
770	39
771	40
772	44
773	30
774	54
775	40
776	41
777	34
778	54
779	39
780	43
781	41
782	43
783	35
784	42
785	45
786	48
787	32
788	41
789	39
790	39
791	37
792	30
793	44
794	59
795	42
796	46
797	50
798	32
799	45
800	44
801	49
802	47
803	46
804	49
805	49
806	44
807	42
808	43
809	41
810	36
811	42
812	38
813	47
814	37
815	54
816	31
817	37
818	36
819	34
820	45
821	56
822	38
823	50
824	47
825	36
826	52
827	42
828	42
829	41
830	37
831	44
832	49
833	35
834	51
835	38
836	46
837	38
838	54
839	49
840	44
841	36
842	41
843	49
844	53
845	31
846	37
847	49
848	52
849	53
850	29
851	53
852	41
853	37
854	39
855	30
856	35
857	48
858	49
859	41
860	43
861	44
862	39
863	48
864	37
865	43
866	40
867	43
868	32
869	52
870	41
871	39
872	48
873	39
874	39
875	33
876	48
877	32
878	39
879	36
880	43
881	38
882	37
883	35
884	43
885	43
886	43
887	39
888	48
889	50
890	32
891	44
892	37
893	46
894	43
895	44
896	32
897	38
898	43
899	43
900	36
901	36
902	39
903	34
904	48
905	31
906	34
907	38
908	46
909	50
910	41
911	39
912	36
913	42
914	36
915	37
916	48
917	39
918	49
919	41
920	36
921	47
922	30
923	30
924	31
925	42
926	47
927	50
928	31
929	47
930	42
931	38
932	51
933	39
934	47
935	32
936	42
937	28
938	39
939	42
940	41
941	42
942	58
943	52
944	42
945	39
946	48
947	44
948	49
949	52
950	46
951	40
952	35
953	50
954	51
955	39
956	48
957	42
958	49
959	44
960	41
961	46
962	45
963	51
964	43
965	54
966	49
967	42
968	45
969	42
970	43
971	56
972	48
973	28
974	55
975	48
976	41
977	36
978	47
979	47
980	42
981	35
982	41
983	43
984	42
985	52
986	51
987	49
988	52
989	37
990	41
991	42
992	51
993	29
994	39
995	40
996	48
997	39
998	48
999	50
1000	49
1001	40
1002	56
1003	48
1004	40
1005	40
1006	35
1007	50
1008	38
1009	40
1010	41
1011	39
1012	39
1013	39
1014	35
1015	56
1016	44
1017	36
1018	39
1019	43
1020	49
1021	37
1022	44
1023	39
1024	35
1025	42
1026	41
1027	39
1028	46
1029	38
1030	40
1031	42
1032	44
1033	43
1034	29
1035	35
1036	46
1037	52
1038	43
1039	45
1040	30
1041	50
1042	38
1043	61
1044	41
1045	45
1046	42
1047	41
1048	47
1049	43
1050	49
1051	42
1052	41
1053	33
1054	34
1055	43
1056	52
1057	45
1058	45
1059	35
1060	49
1061	53
1062	35
1063	39
1064	41
1065	41
1066	35
1067	45
1068	47
1069	46
1070	55
1071	42
1072	44
1073	33
1074	46
1075	38
1076	49
1077	34
1078	35
1079	36
1080	70
1081	27
1082	48
1083	34
1084	35
1085	45
1086	44
1087	37
1088	47
1089	55
1090	36
1091	46
1092	50
1093	48
1094	39
1095	36
1096	34
1097	44
1098	43
1099	45
1100	43
1101	41
1102	34
1103	44
1104	47
1105	47
1106	47
1107	50
1108	42
1109	36
1110	35
1111	49
1112	49
1113	49
1114	46
1115	46
1116	43
1117	33
1118	31
1119	47
1120	42
1121	39
1122	58
1123	39
1124	48
1125	48
1126	38
1127	39
1128	44
1129	34
1130	48
1131	34
1132	39
1133	52
1134	40
1135	40
1136	48
1137	40
1138	51
1139	42
1140	35
1141	50
1142	48
1143	46
1144	43
1145	39
1146	35
1147	46
1148	56
1149	47
1150	44
1151	31
1152	45
1153	52
1154	44
1155	46
1156	45
1157	48
1158	39
1159	40
1160	45
1161	48
1162	59
1163	39
1164	37
1165	44
1166	45
1167	42
1168	37
1169	34
1170	39
1171	48
1172	45
1173	47
1174	45
1175	48
1176	31
1177	41
1178	40
1179	42
1180	45
1181	44
1182	46
1183	36
1184	36
1185	73
1186	42
1187	61
1188	45
1189	46
1190	36
1191	51
1192	40
1193	57
1194	42
1195	47
1196	36
1197	49
1198	38
1199	44
1200	37
1201	38
1202	34
1203	35
1204	47
1205	31
1206	47
1207	34
1208	44
1209	55
1210	51
1211	45
1212	35
1213	45
1214	39
1215	37
1216	45
1217	51
1218	47
1219	51
1220	42
1221	43
1222	40
1223	43
1224	36
1225	40
1226	34
1227	37
1228	42
1229	36
1230	53
1231	45
1232	29
1233	48
1234	42
1235	41
1236	37
1237	49
1238	43
1239	48
1240	32
1241	43
1242	37
1243	45
1244	41
1245	44
1246	43
1247	41
1248	52
1249	48
1250	53
1251	47
1252	44
1253	36
1254	49
1255	39
1256	34
1257	34
1258	51
1259	46
1260	41
1261	41
1262	48
1263	46
1264	42
1265	44
1266	43
1267	42
1268	52
1269	36
1270	38
1271	47
1272	42
1273	49
1274	44
1275	31
1276	42
1277	35
1278	37
1279	46
1280	47
1281	52
1282	59
1283	40
1284	46
1285	53
1286	51
1287	40
1288	56
1289	41
1290	41
1291	43
1292	53
1293	39
1294	52
1295	46
1296	40
1297	44
1298	41
1299	50
1300	42
1301	46
1302	36
1303	48
1304	43
1305	35
1306	43
1307	59
1308	44
1309	44
1310	33
1311	57
1312	35
1313	63
1314	42
1315	44
1316	29
1317	49
1318	55
1319	50
1320	37
1321	46
1322	44
1323	44
1324	40
1325	50
1326	36
1327	42
1328	46
1329	49
1330	43
1331	46
1332	49
1333	52
1334	43
1335	35
1336	40
1337	42
1338	36
1339	31
1340	47
1341	45
1342	41
1343	39
1344	50
1345	38
1346	36
1347	40
1348	42
1349	42
1350	59
1351	42
1352	57
1353	33
1354	53
1355	49
1356	52
1357	43
1358	47
1359	33
1360	36
1361	45
1362	38
1363	56
1364	37
1365	43
1366	40
1367	41
1368	36
1369	49
1370	37
1371	35
1372	41
1373	43
1374	56
1375	44
1376	52
1377	29
1378	51
1379	30
1380	49
1381	42
1382	35
1383	45
1384	49
1385	45
1386	29
1387	51
1388	39
1389	52
1390	38
1391	49
1392	52
1393	50
1394	44
1395	42
1396	47
1397	45
1398	52
1399	44
1400	44
1401	40
1402	31
1403	46
1404	47
1405	35
1406	33
1407	46
1408	50
1409	41
1410	45
1411	36
1412	40
1413	46
1414	35
1415	44
1416	43
1417	30
1418	32
1419	30
1420	34
1421	36
1422	43
1423	50
1424	42
1425	52
1426	45
1427	50
1428	30
1429	46
1430	50
1431	48
1432	42
1433	41
1434	42
1435	38
1436	40
1437	42
1438	39
1439	39
1440	53
1441	34
1442	39
1443	38
1444	57
1445	50
1446	45
1447	48
1448	46
1449	37
1450	40
1451	47
1452	50
1453	46
1454	45
1455	38
1456	44
1457	42
1458	46
1459	48
1460	40
1461	50
1462	32
1463	45
1464	44
1465	32
1466	40
1467	48
1468	36
1469	47
1470	44
1471	43
1472	43
1473	41
1474	55
1475	44
1476	44
1477	39
1478	45
1479	46
1480	44
1481	56
1482	40
1483	55
1484	54
1485	41
1486	35
1487	44
1488	41
1489	42
1490	49
1491	45
1492	40
1493	51
1494	40
1495	51
1496	43
1497	40
1498	36
1499	42
1500	43
1501	38
1502	41
1503	45
1504	43
1505	49
1506	36
1507	51
1508	46
1509	45
1510	38
1511	48
1512	42
1513	36
1514	45
1515	59
1516	40
1517	49
1518	35
1519	40
1520	44
1521	54
1522	54
1523	47
1524	41
1525	45
1526	51
1527	43
1528	39
1529	43
1530	36
1531	40
1532	49
1533	45
1534	46
1535	40
1536	52
1537	40
1538	27
1539	50
1540	44
1541	42
1542	47
1543	46
1544	43
1545	36
1546	32
1547	45
1548	52
1549	34
1550	33
1551	33
1552	51
1553	45
1554	45
1555	42
1556	42
1557	58
1558	41
1559	47
1560	59
1561	58
1562	38
1563	45
1564	46
1565	45
1566	50
1567	41
1568	38
1569	46
1570	41
1571	59
1572	44
1573	40
1574	44
1575	43
1576	50
1577	47
1578	54
1579	41
1580	44
1581	52
1582	54
1583	49
1584	40
1585	48
1586	42
1587	32
1588	35
1589	49
1590	44
1591	48
1592	52
1593	37
1594	45
1595	50
1596	41
1597	42
1598	49
1599	60
1600	33
1601	68
1602	42
1603	45
1604	58
1605	43
1606	35
1607	40
1608	51
1609	40
1610	28
1611	46
1612	40
1613	42
1614	55
1615	43
1616	41
1617	42
1618	54
1619	40
1620	41
1621	51
1622	45
1623	53
1624	40
1625	52
1626	32
1627	41
1628	38
1629	48
1630	43
1631	45
1632	37
1633	36
1634	42
1635	28
1636	34
1637	48
1638	41
1639	47
1640	44
1641	35
1642	46
1643	42
1644	50
1645	40
1646	52
1647	44
1648	41
1649	43
1650	47
1651	51
1652	54
1653	39
1654	49
1655	46
1656	44
1657	42
1658	44
1659	40
1660	42
1661	47
1662	44
1663	47
1664	57
1665	35
1666	37
1667	46
1668	50
1669	41
1670	34
1671	45
1672	43
1673	62
1674	40
1675	47
1676	42
1677	38
1678	38
1679	50
1680	36
1681	41
1682	39
1683	38
1684	49
1685	58
1686	36
1687	47
1688	53
1689	44
1690	44
1691	43
1692	42
1693	39
1694	47
1695	47
1696	43
1697	46
1698	40
1699	61
1700	48
1701	56
1702	49
1703	32
1704	32
1705	48
1706	43
1707	34
1708	48
1709	40
1710	28
1711	25
1712	45
1713	39
1714	58
1715	44
1716	46
1717	38
1718	46
1719	46
1720	51
1721	46
1722	43
1723	35
1724	44
1725	49
1726	49
1727	43
1728	43
1729	36
1730	49
1731	44
1732	34
1733	61
1734	46
1735	40
1736	38
1737	30
1738	51
1739	49
1740	31
1741	39
1742	45
1743	51
1744	40
1745	44
1746	42
1747	36
1748	52
1749	41
1750	52
1751	45
1752	34
1753	49
1754	40
1755	45
1756	52
1757	35
1758	38
1759	54
1760	59
1761	50
1762	56
1763	55
1764	38
1765	39
1766	40
1767	49
1768	24
1769	37
1770	42
1771	40
1772	28
1773	44
1774	46
1775	49
1776	43
1777	42
1778	35
1779	42
1780	60
1781	42
1782	41
1783	47
1784	37
1785	41
1786	34
1787	44
1788	38
1789	40
1790	43
1791	49
1792	43
1793	49
1794	42
1795	47
1796	33
1797	43
1798	42
1799	45
1800	40
1801	53
1802	45
1803	41
1804	41
1805	39
1806	48
1807	46
1808	37
1809	58
1810	61
1811	52
1812	42
1813	42
1814	53
1815	40
1816	32
1817	31
1818	40
1819	45
1820	39
1821	41
1822	37
1823	39
1824	45
1825	52
1826	49
1827	46
1828	41
1829	31
1830	43
1831	44
1832	55
1833	42
1834	45
1835	45
1836	38
1837	32
1838	43
1839	44
1840	48
1841	48
1842	53
1843	51
1844	56
1845	45
1846	43
1847	33
1848	44
1849	34
1850	43
1851	41
1852	48
1853	39
1854	41
1855	46
1856	55
1857	60
1858	36
1859	51
1860	49
1861	37
1862	51
1863	49
1864	42
1865	42
1866	46
1867	47
1868	46
1869	43
1870	40
1871	41
1872	46
1873	45
1874	45
1875	36
1876	38
1877	38
1878	31
1879	51
1880	54
1881	56
1882	38
1883	29
1884	41
1885	50
1886	39
1887	47
1888	60
1889	42
1890	75
1891	37
1892	47
1893	47
1894	47
1895	60
1896	51
1897	40
1898	44
1899	41
1900	41
1901	63
1902	52
1903	46
1904	45
1905	35
1906	46
1907	50
1908	50
1909	46
1910	43
1911	53
1912	40
1913	43
1914	44
1915	47
1916	38
1917	45
1918	45
1919	56
1920	28
1921	47
1922	43
1923	48
1924	69
1925	42
1926	47
1927	54
1928	57
1929	40
1930	55
1931	51
1932	56
1933	56
1934	48
1935	38
1936	34
1937	55
1938	51
1939	43
1940	50
1941	46
1942	37
1943	51
1944	53
1945	49
1946	42
1947	32
1948	41
1949	53
1950	38
1951	55
1952	45
1953	48
1954	42
1955	49
1956	47
1957	48
1958	45
1959	63
1960	56
1961	68
1962	54
1963	58
1964	58
1965	34
1966	62
1967	55
1968	52
1969	47
1970	51
1971	53
1972	54
1973	47
1974	58
1975	48
1976	54
1977	43
1978	64
1979	53
1980	54
1981	48
1982	35
1983	46
1984	56
1985	54
1986	53
1987	61
1988	55
1989	49
1990	46
1991	51
1992	42
1993	48
1994	45
1995	55
1996	60
1997	71
1998	57
1999	41
2000	50
2001	50
2002	57
2003	42
2004	63
2005	52
2006	58
2007	61
2008	53
2009	59
2010	40
2011	57
2012	60
2013	54
2014	57
2015	59
2016	57
2017	59
2018	76
2019	66
2020	61
2021	56
2022	69
2023	64
2024	61
2025	58
2026	54
2027	52
2028	49
2029	59
2030	63
2031	62
2032	66
2033	52
2034	76
2035	60
2036	58
2037	66
2038	57
2039	74
2040	63
2041	53
2042	59
2043	66
2044	55
2045	67
2046	65
2047	76
2048	66
2049	71
2050	55
2051	72
2052	73
2053	61
2054	82
2055	67
2056	87
2057	85
2058	72
2059	68
2060	75
2061	63
2062	72
2063	66
2064	70
2065	70
2066	91
2067	77
2068	80
2069	87
2070	98
2071	60
2072	66
2073	82
2074	73
2075	89
2076	93
2077	75
2078	70
2079	84
2080	75
2081	75
2082	82
2083	77
2084	87
2085	83
2086	86
2087	86
2088	94
2089	88
2090	80
2091	81
2092	75
2093	83
2094	89
2095	91
2096	109
2097	70
2098	93
2099	77
2100	96
2101	103
2102	85
2103	71
2104	107
2105	87
2106	88
2107	101
2108	86
2109	78
2110	86
2111	94
2112	100
2113	96
2114	85
2115	105
2116	103
2117	94
2118	88
2119	94
2120	98
2121	116
2122	121
2123	98
2124	103
2125	100
2126	83
2127	93
2128	107
2129	90
2130	88
2131	103
2132	103
2133	111
2134	103
2135	105
2136	102
2137	95
2138	108
2139	118
2140	106
2141	109
2142	106
2143	96
2144	117
2145	103
2146	92
2147	75
2148	85
2149	119
2150	106
2151	97
2152	101
2153	97
2154	107
2155	95
2156	90
2157	89
2158	92
2159	101
2160	79
2161	114
2162	103
2163	90
2164	109
2165	90
2166	80
2167	104
2168	86
2169	104
2170	111
2171	104
2172	106
2173	99
2174	110
2175	107
2176	99
2177	113
2178	91
2179	88
2180	112
2181	99
2182	86
2183	90
2184	119
2185	100
2186	115
2187	98
2188	98
2189	93
2190	93
2191	87
2192	101
2193	88
2194	94
2195	111
2196	108
2197	74
2198	76
2199	120
2200	99
2201	112
2202	92
2203	92
2204	95
2205	89
2206	94
2207	111
2208	91
2209	111
2210	92
2211	93
2212	96
2213	98
2214	99
2215	96
2216	97
2217	72
2218	84
2219	78
2220	73
2221	94
2222	80
2223	92
2224	78
2225	87
2226	100
2227	96
2228	87
2229	80
2230	78
2231	88
2232	83
2233	72
2234	91
2235	97
2236	68
2237	86
2238	89
2239	80
2240	78
2241	76
2242	85
2243	75
2244	76
2245	86
2246	83
2247	73
2248	73
2249	87
2250	71
2251	84
2252	76
2253	72
2254	93
2255	85
2256	70
2257	80
2258	77
2259	72
2260	82
2261	80
2262	71
2263	68
2264	68
2265	78
2266	69
2267	57
2268	72
2269	81
2270	59
2271	62
2272	69
2273	60
2274	68
2275	74
2276	63
2277	70
2278	73
2279	61
2280	60
2281	64
2282	67
2283	65
2284	56
2285	52
2286	58
2287	78
2288	69
2289	58
2290	75
2291	66
2292	63
2293	73
2294	61
2295	73
2296	52
2297	54
2298	54
2299	65
2300	64
2301	51
2302	62
2303	51
2304	55
2305	48
2306	55
2307	59
2308	69
2309	68
2310	53
2311	65
2312	68
2313	64
2314	68
2315	63
2316	53
2317	63
2318	60
2319	54
2320	64
2321	60
2322	59
2323	63
2324	50
2325	50
2326	47
2327	58
2328	49
2329	57
2330	66
2331	66
2332	49
2333	58
2334	56
2335	62
2336	57
2337	57
2338	54
2339	53
2340	58
2341	60
2342	56
2343	64
2344	67
2345	48
2346	57
2347	49
2348	64
2349	55
2350	64
2351	50
2352	54
2353	42
2354	52
2355	44
2356	42
2357	51
2358	61
2359	60
2360	61
2361	78
2362	54
2363	53
2364	54
2365	60
2366	39
2367	57
2368	73
2369	69
2370	59
2371	56
2372	63
2373	51
2374	44
2375	48
2376	64
2377	60
2378	50
2379	48
2380	54
2381	73
2382	62
2383	67
2384	54
2385	53
2386	58
2387	55
2388	74
2389	65
2390	57
2391	64
2392	40
2393	62
2394	62
2395	49
2396	58
2397	56
2398	66
2399	70
2400	59
2401	51
2402	69
2403	50
2404	55
2405	60
2406	55
2407	61
2408	58
2409	52
2410	59
2411	64
2412	69
2413	62
2414	53
2415	66
2416	53
2417	47
2418	65
2419	56
2420	47
2421	76
2422	64
2423	57
2424	65
2425	66
2426	69
2427	58
2428	63
2429	62
2430	50
2431	59
2432	61
2433	45
2434	56
2435	85
2436	72
2437	54
2438	62
2439	61
2440	63
2441	68
2442	65
2443	75
2444	57
2445	55
2446	66
2447	50
2448	66
2449	58
2450	60
2451	55
2452	72
2453	64
2454	59
2455	64
2456	58
2457	77
2458	65
2459	65
2460	64
2461	59
2462	73
2463	59
2464	71
2465	58
2466	58
2467	71
2468	63
2469	57
2470	49
2471	64
2472	63
2473	64
2474	54
2475	65
2476	54
2477	71
2478	82
2479	69
2480	56
2481	72
2482	73
2483	73
2484	63
2485	70
2486	70
2487	51
2488	63
2489	62
2490	85
2491	67
2492	81
2493	65
2494	68
2495	76
2496	53
2497	64
2498	65
2499	55
2500	75
2501	71
2502	68
2503	63
2504	70
2505	69
2506	79
2507	67
2508	69
2509	82
2510	69
2511	84
2512	67
2513	85
2514	73
2515	85
2516	70
2517	71
2518	70
2519	75
2520	70
2521	72
2522	72
2523	73
2524	70
2525	77
2526	72
2527	86
2528	95
2529	65
2530	85
2531	66
2532	77
2533	58
2534	78
2535	77
2536	66
2537	69
2538	82
2539	71
2540	77
2541	79
2542	77
2543	66
2544	81
2545	66
2546	83
2547	78
2548	90
2549	69
2550	76
2551	85
2552	89
2553	73
2554	75
2555	112
2556	73
2557	108
2558	78
2559	85
2560	79
2561	76
2562	74
2563	89
2564	74
2565	93
2566	83
2567	100
2568	100
2569	91
2570	119
2571	85
2572	87
2573	109
2574	79
2575	88
2576	91
2577	106
2578	99
2579	86
2580	92
2581	105
2582	103
2583	88
2584	111
2585	92
2586	112
2587	109
2588	103
2589	99
2590	106
2591	110
2592	111
2593	91
2594	98
2595	96
2596	114
2597	119
2598	88
2599	113
2600	100
2601	124
2602	109
2603	107
2604	113
2605	121
2606	108
2607	122
2608	116
2609	108
2610	120
2611	96
2612	136
2613	98
2614	137
2615	114
2616	112
2617	113
2618	143
2619	124
2620	124
2621	112
2622	120
2623	131
2624	145
2625	118
2626	129
2627	123
2628	132
2629	117
2630	132
2631	136
2632	143
2633	139
2634	142
2635	155
2636	152
2637	134
2638	143
2639	149
2640	147
2641	150
2642	171
2643	143
2644	144
2645	166
2646	147
2647	159
2648	145
2649	142
2650	143
2651	181
2652	175
2653	133
2654	147
2655	171
2656	164
2657	200
2658	166
2659	168
2660	159
2661	171
2662	182
2663	162
2664	168
2665	162
2666	161
2667	163
2668	191
2669	177
2670	156
2671	179
2672	193
2673	178
2674	181
2675	193
2676	195
2677	178
2678	190
2679	188
2680	163
2681	170
2682	206
2683	193
2684	175
2685	210
2686	213
2687	192
2688	179
2689	177
2690	186
2691	217
2692	226
2693	198
2694	225
2695	176
2696	176
2697	212
2698	180
2699	223
2700	200
2701	206
2702	214
2703	181
2704	177
2705	216
2706	225
2707	216
2708	221
2709	204
2710	239
2711	233
2712	229
2713	232
2714	225
2715	215
2716	204
2717	212
2718	223
2719	228
2720	200
2721	223
2722	209
2723	245
2724	242
2725	215
2726	249
2727	249
2728	256
2729	247
2730	243
2731	177
2732	237
2733	236
2734	221
2735	218
2736	254
2737	254
2738	209
2739	249
2740	251
2741	231
2742	222
2743	229
2744	274
2745	255
2746	261
2747	250
2748	250
2749	239
2750	254
2751	266
2752	236
2753	256
2754	250
2755	302
2756	270
2757	248
2758	254
2759	261
2760	305
2761	311
2762	287
2763	263
2764	272
2765	283
2766	303
2767	296
2768	343
2769	315
2770	287
2771	298
2772	316
2773	288
2774	343
2775	342
2776	312
2777	335
2778	368
2779	321
2780	341
2781	321
2782	366
2783	373
2784	318
2785	408
2786	400
2787	384
2788	409
2789	392
2790	426
2791	417
2792	458
2793	433
2794	438
2795	477
2796	468
2797	455
2798	505
2799	439
2800	476
2801	541
2802	541
2803	559
2804	562
2805	563
2806	560
2807	598
2808	619
2809	611
2810	627
2811	681
2812	642
2813	597
2814	650
2815	689
2816	731
2817	704
2818	738
2819	747
2820	760
2821	811
2822	809
2823	844
2824	863
2825	859
2826	872
2827	883
2828	960
2829	1023
2830	1023
2831	1001
2832	1059
2833	1079
2834	1093
2835	1171
2836	1138
2837	1226
2838	1227
2839	1269
2840	1341
2841	1329
2842	1402
2843	1358
2844	1397
2845	1457
2846	1512
2847	1502
2848	1531
2849	1600
2850	1701
2851	1747
2852	1639
2853	1758
2854	1873
2855	1826
2856	1925
2857	1893
2858	2005
2859	2188
2860	2102
2861	2175
2862	2227
2863	2305
2864	2366
2865	2423
2866	2464
2867	2600
2868	2481
2869	2654
2870	2647
2871	2855
2872	2748
2873	2901
2874	3089
2875	3051
2876	3160
2877	3142
2878	3245
2879	3392
2880	3335
2881	3449
2882	3552
2883	3705
2884	3745
2885	3745
2886	3811
2887	4109
2888	4085
2889	4221
2890	4318
2891	4322
2892	4377
2893	4597
2894	4582
2895	4762
2896	4865
2897	4940
2898	4953
2899	5088
2900	5303
2901	5321
2902	5392
2903	5494
2904	5532
2905	5845
2906	5841
2907	5937
2908	6034
2909	6158
2910	6189
2911	6297
2912	6457
2913	6646
2914	6704
2915	6883
2916	6905
2917	6994
2918	7283
2919	7255
2920	7384
2921	7585
2922	7659
2923	7689
2924	7763
2925	8032
2926	8101
2927	8304
2928	8210
2929	8506
2930	8506
2931	8605
2932	8852
2933	8835
2934	8996
2935	9079
2936	9215
2937	9595
2938	9535
2939	9523
2940	9815
2941	9783
2942	10045
2943	10293
2944	10294
2945	10227
2946	10546
2947	10672
2948	10738
2949	10892
2950	10986
2951	11245
2952	11310
2953	11464
2954	11643
2955	11669
2956	11556
2957	11836
2958	12011
2959	12148
2960	12056
2961	12484
2962	12298
2963	12282
2964	12575
2965	12629
2966	12560
2967	12836
2968	13090
2969	13141
2970	13270
2971	13601
2972	13339
2973	13477
2974	13471
2975	13658
2976	13726
2977	13708
2978	14030
2979	14131
2980	14289
2981	13897
2982	14048
2983	14462
2984	14309
2985	14352
2986	14768
2987	14557
2988	14623
2989	14615
2990	14618
2991	14702
2992	14782
2993	14772
2994	14815
2995	15102
2996	14866
2997	14922
2998	15008
2999	15230
3000	15219
3001	15221
3002	15190
3003	15276
3004	15459
3005	15159
3006	15187
3007	15484
3008	15227
3009	15158
3010	15450
3011	15178
3012	15204
3013	15131
3014	14974
3015	15475
3016	15222
3017	15097
3018	15108
3019	15307
3020	15168
3021	14792
3022	14948
3023	14826
3024	15184
3025	14899
3026	15057
3027	14992
3028	14818
3029	14738
3030	14526
3031	14499
3032	14744
3033	14385
3034	14564
3035	14539
3036	14365
3037	14263
3038	14195
3039	14153
3040	14196
3041	14059
3042	13711
3043	13720
3044	13852
3045	13755
3046	13649
3047	13478
3048	13516
3049	13429
3050	13295
3051	13052
3052	13043
3053	12852
3054	12680
3055	12698
3056	12857
3057	12483
3058	12544
3059	12330
3060	12241
3061	12049
3062	12031
3063	11713
3064	11663
3065	11703
3066	11503
3067	11457
3068	11025
3069	11025
3070	11009
3071	10863
3072	10615
3073	10635
3074	10403
3075	10390
3076	10274
3077	10095
3078	9946
3079	9840
3080	9707
3081	9601
3082	9540
3083	9525
3084	9327
3085	9070
3086	9101
3087	8961
3088	8798
3089	8712
3090	8468
3091	8446
3092	8275
3093	8421
3094	7990
3095	7949
3096	7862
3097	7570
3098	7580
3099	7452
3100	7402
3101	7246
3102	7064
3103	7000
3104	6930
3105	6776
3106	6668
3107	6651
3108	6561
3109	6372
3110	6279
3111	6134
3112	6122
3113	5959
3114	5740
3115	5851
3116	5591
3117	5524
3118	5399
3119	5329
3120	5153
3121	5160
3122	5110
3123	4820
3124	4729
3125	4750
3126	4710
3127	4449
3128	4458
3129	4386
3130	4270
3131	4247
3132	4203
3133	4040
3134	3984
3135	3863
3136	3778
3137	3688
3138	3665
3139	3596
3140	3562
3141	3523
3142	3412
3143	3310
3144	3260
3145	3234
3146	3129
3147	3008
3148	3029
3149	2968
3150	2919
3151	2843
3152	2708
3153	2719
3154	2768
3155	2662
3156	2501
3157	2656
3158	2498
3159	2435
3160	2347
3161	2325
3162	2368
3163	2243
3164	2230
3165	2200
3166	2157
3167	2166
3168	2099
3169	2027
3170	1968
3171	1976
3172	2017
3173	1968
3174	1916
3175	1901
3176	1872
3177	1742
3178	1765
3179	1890
3180	1764
3181	1693
3182	1701
3183	1708
3184	1713
3185	1761
3186	1617
3187	1674
3188	1684
3189	1618
3190	1620
3191	1633
3192	1599
3193	1611
3194	1523
3195	1651
3196	1473
3197	1536
3198	1562
3199	1590
3200	1550
3201	1590
3202	1534
3203	1553
3204	1587
3205	1531
3206	1567
3207	1575
3208	1564
3209	1570
3210	1532
3211	1511
3212	1594
3213	1544
3214	1573
3215	1558
3216	1581
3217	1607
3218	1553
3219	1604
3220	1560
3221	1649
3222	1675
3223	1610
3224	1641
3225	1603
3226	1633
3227	1710
3228	1769
3229	1654
3230	1688
3231	1711
3232	1770
3233	1696
3234	1835
3235	1719
3236	1742
3237	1810
3238	1794
3239	1871
3240	1772
3241	1831
3242	1871
3243	1825
3244	1783
3245	1881
3246	1901
3247	1951
3248	1918
3249	1869
3250	1842
3251	1972
3252	1971
3253	1880
3254	1958
3255	2011
3256	1937
3257	2016
3258	1983
3259	1990
3260	2059
3261	2038
3262	2048
3263	2080
3264	2154
3265	1989
3266	2126
3267	2127
3268	2141
3269	2181
3270	2032
3271	2259
3272	2103
3273	2208
3274	2216
3275	2215
3276	2171
3277	2222
3278	2312
3279	2204
3280	2252
3281	2234
3282	2155
3283	2208
3284	2222
3285	2218
3286	2244
3287	2305
3288	2265
3289	2299
3290	2286
3291	2310
3292	2273
3293	2250
3294	2293
3295	2246
3296	2299
3297	2310
3298	2273
3299	2251
3300	2292
3301	2372
3302	2291
3303	2206
3304	2285
3305	2394
3306	2217
3307	2268
3308	2260
3309	2229
3310	2278
3311	2233
3312	2256
3313	2329
3314	2353
3315	2199
3316	2182
3317	2372
3318	2290
3319	2188
3320	2132
3321	2179
3322	2108
3323	2182
3324	2164
3325	2133
3326	2107
3327	2139
3328	2144
3329	2124
3330	2146
3331	2079
3332	2076
3333	2075
3334	1977
3335	1976
3336	2010
3337	2074
3338	2007
3339	2008
3340	1991
3341	1981
3342	1948
3343	1889
3344	1931
3345	1883
3346	1855
3347	1877
3348	1879
3349	1813
3350	1848
3351	1865
3352	1814
3353	1797
3354	1779
3355	1676
3356	1681
3357	1700
3358	1765
3359	1655
3360	1645
3361	1593
3362	1614
3363	1564
3364	1577
3365	1609
3366	1560
3367	1556
3368	1427
3369	1439
3370	1523
3371	1401
3372	1419
3373	1423
3374	1429
3375	1359
3376	1384
3377	1356
3378	1298
3379	1365
3380	1264
3381	1302
3382	1291
3383	1219
3384	1164
3385	1206
3386	1132
3387	1136
3388	1161
3389	1148
3390	1065
3391	1143
3392	1125
3393	1040
3394	1081
3395	977
3396	985
3397	976
3398	968
3399	919
3400	883
3401	900
3402	928
3403	807
3404	900
3405	857
3406	777
3407	843
3408	799
3409	816
3410	797
3411	730
3412	745
3413	724
3414	674
3415	694
3416	650
3417	692
3418	653
3419	613
3420	617
3421	601
3422	554
3423	566
3424	558
3425	544
3426	558
3427	498
3428	537
3429	520
3430	509
3431	494
3432	518
3433	457
3434	474
3435	438
3436	428
3437	413
3438	403
3439	368
3440	407
3441	376
3442	359
3443	335
3444	342
3445	331
3446	344
3447	344
3448	309
3449	315
3450	317
3451	274
3452	283
3453	281
3454	276
3455	244
3456	264
3457	232
3458	228
3459	269
3460	215
3461	258
3462	215
3463	208
3464	231
3465	208
3466	193
3467	168
3468	180
3469	171
3470	163
3471	163
3472	181
3473	159
3474	151
3475	133
3476	159
3477	135
3478	135
3479	125
3480	114
3481	125
3482	110
3483	106
3484	104
3485	82
3486	108
3487	100
3488	87
3489	98
3490	80
3491	86
3492	100
3493	76
3494	86
3495	80
3496	62
3497	76
3498	68
3499	80
3500	69
3501	62
3502	65
3503	76
3504	48
3505	62
3506	50
3507	59
3508	45
3509	51
3510	39
3511	55
3512	50
3513	47
3514	37
3515	35
3516	28
3517	38
3518	36
3519	19
3520	34
3521	28
3522	38
3523	23
3524	25
3525	25
3526	32
3527	34
3528	23
3529	25
3530	15
3531	14
3532	20
3533	19
3534	16
3535	15
3536	23
3537	14
3538	15
3539	8
3540	13
3541	21
3542	13
3543	10
3544	11
3545	13
3546	8
3547	13
3548	14
3549	8
3550	15
3551	7
3552	8
3553	14
3554	6
3555	9
3556	5
3557	7
3558	12
3559	11
3560	4
3561	7
3562	6
3563	11
3564	4
3565	4
3566	5
3567	4
3568	12
3569	3
3570	5
3571	6
3572	7
3573	2
3574	6
3575	11
3576	5
3577	6
3578	4
3579	6
3580	4
3581	8
3582	5
3583	9
3584	4
3585	4
3586	5
3587	3
3588	7
3589	3
3590	3
3591	3
3592	5
3593	4
3594	4
3595	0
3596	2
3597	2
3598	2
3599	6
3600	2
3601	2
3602	4
3603	3
3604	2
3605	1
3606	0
3607	3
3608	5
3609	4
3610	0
3611	2
3612	4
3613	2
3614	1
3615	2
3616	6
3617	3
3618	0
3619	2
3620	3
3621	3
3622	2
3623	7
3624	1
3625	3
3626	5
3627	2
3628	1
3629	0
3630	1
3631	3
3632	3
3633	1
3634	6
3635	3
3636	2
3637	0
3638	1
3639	2
3640	1
3641	2
3642	2
3643	2
3644	2
3645	2
3646	2
3647	2
3648	1
3649	3
3650	1
3651	1
3652	1
3653	5
3654	0
3655	0
3656	0
3657	6
3658	0
3659	2
3660	0
3661	2
3662	1
3663	2
3664	3
3665	0
3666	2
3667	3
3668	0
3669	1
3670	2
3671	2
3672	2
3673	3
3674	1
3675	0
3676	1
3677	1
3678	2
3679	1
3680	1
3681	4
3682	0
3683	1
3684	1
3685	2
3686	2
3687	2
3688	3
3689	1
3690	0
3691	0
3692	2
3693	1
3694	2
3695	1
3696	2
3697	2
3698	0
3699	0
3700	1
3701	3
3702	0
3703	1
3704	2
3705	4
3706	1
3707	2
3708	0
3709	1
3710	3
3711	3
3712	1
3713	0
3714	2
3715	0
3716	0
3717	2
3718	1
3719	0
3720	1
3721	2
3722	0
3723	2
3724	1
3725	1
3726	0
3727	2
3728	2
3729	1
3730	1
3731	0
3732	1
3733	2
3734	2
3735	2
3736	0
3737	1
3738	1
3739	1
3740	0
3741	0
3742	4
3743	3
3744	3
3745	3
3746	5
3747	1
3748	0
3749	0
3750	1
3751	0
3752	0
3753	1
3754	2
3755	0
3756	1
3757	0
3758	0
3759	0
3760	2
3761	3
3762	2
3763	0
3764	0
3765	1
3766	3
3767	0
3768	1
3769	1
3770	0
3771	1
3772	0
3773	2
3774	0
3775	3
3776	0
3777	1
3778	4
3779	2
3780	0
3781	1
3782	0
3783	1
3784	0
3785	1
3786	1
3787	1
3788	2
3789	2
3790	1
3791	0
3792	1
3793	1
3794	1
3795	1
3796	1
3797	1
3798	0
3799	0
3800	4
3801	0
3802	1
3803	2
3804	1
3805	1
3806	1
3807	1
3808	2
3809	2
3810	1
3811	1
3812	0
3813	0
3814	1
3815	0
3816	1
3817	2
3818	2
3819	1
3820	0
3821	2
3822	0
3823	1
3824	2
3825	3
3826	0
3827	1
3828	0
3829	2
3830	1
3831	2
3832	0
3833	3
3834	1
3835	0
3836	2
3837	2
3838	0
3839	0
3840	0
3841	3
3842	0
3843	0
3844	3
3845	3
3846	0
3847	1
3848	0
3849	0
3850	1
3851	2
3852	2
3853	0
3854	1
3855	0
3856	0
3857	0
3858	2
3859	1
3860	0
3861	1
3862	1
3863	0
3864	1
3865	0
3866	1
3867	3
3868	0
3869	0
3870	2
3871	3
3872	0
3873	0
3874	0
3875	1
3876	1
3877	1
3878	2
3879	0
3880	1
3881	1
3882	0
3883	1
3884	0
3885	0
3886	0
3887	1
3888	3
3889	1
3890	0
3891	1
3892	1
3893	1
3894	4
3895	3
3896	0
3897	1
3898	0
3899	1
3900	0
3901	0
3902	1
3903	0
3904	2
3905	0
3906	1
3907	1
3908	3
3909	1
3910	1
3911	1
3912	2
3913	2
3914	1
3915	0
3916	0
3917	1
3918	0
3919	0
3920	0
3921	0
3922	0
3923	1
3924	0
3925	0
3926	1
3927	0
3928	1
3929	0
3930	1
3931	1
3932	0
3933	1
3934	1
3935	3
3936	1
3937	0
3938	0
3939	4
3940	2
3941	0
3942	2
3943	1
3944	0
3945	1
3946	1
3947	1
3948	3
3949	1
3950	1
3951	2
3952	1
3953	2
3954	1
3955	1
3956	2
3957	0
3958	0
3959	2
3960	0
3961	1
3962	2
3963	3
3964	1
3965	0
3966	3
3967	2
3968	0
3969	0
3970	0
3971	0
3972	0
3973	1
3974	2
3975	1
3976	2
3977	0
3978	2
3979	0
3980	1
3981	0
3982	0
3983	1
3984	0
3985	1
3986	0
3987	3
3988	0
3989	0
3990	0
3991	1
3992	3
3993	2
3994	2
3995	0
3996	1
3997	0
3998	0
3999	1
4000	1
4001	0
4002	2
4003	0
4004	0
4005	0
4006	1
4007	1
4008	2
4009	0
4010	1
4011	2
4012	0
4013	5
4014	2
4015	2
4016	3
4017	1
4018	0
4019	1
4020	0
4021	0
4022	0
4023	0
4024	0
4025	0
4026	1
4027	1
4028	0
4029	0
4030	0
4031	1
4032	1
4033	0
4034	0
4035	0
4036	0
4037	2
4038	0
4039	0
4040	1
4041	1
4042	2
4043	0
4044	3
4045	2
4046	0
4047	0
4048	3
4049	1
4050	0
4051	1
4052	2
4053	0
4054	0
4055	1
4056	0
4057	0
4058	1
4059	0
4060	0
4061	1
4062	1
4063	1
4064	0
4065	3
4066	1
4067	0
4068	0
4069	2
4070	2
4071	1
4072	0
4073	0
4074	1
4075	1
4076	2
4077	1
4078	0
4079	0
4080	1
4081	1
4082	1
4083	0
4084	3
4085	1
4086	0
4087	1
4088	0
4089	1
4090	0
4091	0
4092	0
4093	0
4094	0
4095	0
4096	0
4097	0
4098	1
4099	0
4100	1
4101	2
4102	1
4103	0
4104	2
4105	2
4106	0
4107	1
4108	0
4109	2
4110	0
4111	2
4112	1
4113	1
4114	1
4115	1
4116	0
4117	1
4118	1
4119	0
4120	1
4121	1
4122	0
4123	0
4124	2
4125	2
4126	3
4127	1
4128	0
4129	1
4130	0
4131	0
4132	0
4133	1
4134	1
4135	1
4136	0
4137	0
4138	0
4139	1
4140	1
4141	0
4142	1
4143	1
4144	0
4145	0
4146	2
4147	2
4148	1
4149	4
4150	0
4151	2
4152	0
4153	0
4154	1
4155	0
4156	1
4157	0
4158	0
4159	2
4160	0
4161	0
4162	0
4163	0
4164	2
4165	0
4166	0
4167	0
4168	0
4169	1
4170	0
4171	1
4172	0
4173	1
4174	2
4175	1
4176	0
4177	1
4178	0
4179	0
4180	1
4181	1
4182	2
4183	0
4184	2
4185	3
4186	1
4187	1
4188	2
4189	1
4190	1
4191	2
4192	0
4193	1
4194	0
4195	0
4196	1
4197	1
4198	0
4199	1
4200	0
4201	1
4202	0
4203	0
4204	0
4205	0
4206	0
4207	2
4208	1
4209	1
4210	1
4211	0
4212	0
4213	1
4214	0
4215	1
4216	1
4217	0
4218	0
4219	0
4220	0
4221	1
4222	1
4223	0
4224	0
4225	0
4226	3
4227	0
4228	3
4229	1
4230	0
4231	0
4232	0
4233	0
4234	1
4235	1
4236	1
4237	1
4238	0
4239	0
4240	0
4241	1
4242	0
4243	0
4244	0
4245	0
4246	1
4247	0
4248	0
4249	0
4250	0
4251	0
4252	2
4253	1
4254	0
4255	0
4256	1
4257	0
4258	0
4259	1
4260	0
4261	0
4262	1
4263	0
4264	1
4265	1
4266	0
4267	0
4268	1
4269	0
4270	0
4271	1
4272	0
4273	3
4274	0
4275	0
4276	2
4277	1
4278	1
4279	1
4280	0
4281	2
4282	0
4283	1
4284	0
4285	0
4286	2
4287	0
4288	1
4289	0
4290	0
4291	0
4292	0
4293	2
4294	1
4295	1
4296	1
4297	0
4298	0
4299	0
4300	0
4301	0
4302	0
4303	0
4304	0
4305	0
4306	1
4307	0
4308	0
4309	0
4310	1
4311	0
4312	0
4313	1
4314	0
4315	0
4316	0
4317	0
4318	0
4319	1
4320	0
4321	1
4322	0
4323	0
4324	0
4325	0
4326	0
4327	0
4328	0
4329	0
4330	0
4331	0
4332	1
4333	0
4334	0
4335	0
4336	0
4337	0
4338	0
4339	0
4340	0
4341	1
4342	0
4343	0
4344	0
4345	0
4346	1
4347	1
4348	0
4349	0
4350	1
4351	0
4352	0
4353	1
4354	0
4355	0
4356	0
4357	0
4358	1
4359	0
4360	1
4361	1
4362	0
4363	1
4364	0
4365	0
4366	0
4367	1
4368	0
4369	0
4370	1
4371	0
4372	1
4373	0
4374	0
4375	0
4376	0
4377	1
4378	0
4379	0
4380	0
4381	0
4382	0
4383	0
4384	0
4385	1
4386	0
4387	0
4388	1
4389	2
4390	0
4391	0
4392	0
4393	1
4394	0
4395	2
4396	0
4397	0
4398	0
4399	1
4400	0
4401	0
4402	0
4403	0
4404	1
4405	0
4406	0
4407	1
4408	1
4409	0
4410	0
4411	0
4412	0
4413	0
4414	0
4415	0
4416	0
4417	1
4418	0
4419	1
4420	0
4421	2
4422	0
4423	0
4424	0
4425	0
4426	1
4427	2
4428	1
4429	1
4430	0
4431	0
4432	1
4433	1
4434	0
4435	0
4436	0
4437	0
4438	1
4439	0
4440	0
4441	0
4442	0
4443	0
4444	0
4445	0
4446	0
4447	1
4448	0
4449	0
4450	0
4451	1
4452	0
4453	0
4454	1
4455	0
4456	0
4457	0
4458	0
4459	0
4460	0
4461	0
4462	0
4463	0
4464	0
4465	0
4466	0
4467	0
4468	1
4469	0
4470	0
4471	0
4472	0
4473	0
4474	0
4475	2
4476	1
4477	0
4478	0
4479	0
4480	1
4481	0
4482	0
4483	1
4484	1
4485	2
4486	1
4487	0
4488	2
4489	0
4490	0
4491	0
4492	0
4493	0
4494	0
4495	0
4496	3
4497	1
4498	1
4499	0
4500	2
4501	1
4502	0
4503	0
4504	0
4505	1
4506	0
4507	1
4508	0
4509	0
4510	0
4511	0
4512	0
4513	0
4514	1
4515	0
4516	2
4517	0
4518	1
4519	0
4520	0
4521	2
4522	0
4523	1
4524	1
4525	2
4526	0
4527	1
4528	0
4529	0
4530	0
4531	0
4532	0
4533	1
4534	0
4535	0
4536	0
4537	0
4538	1
4539	0
4540	0
4541	2
4542	2
4543	0
4544	1
4545	0
4546	0
4547	0
4548	0
4549	0
4550	0
4551	0
4552	3
4553	0
4554	1
4555	2
4556	0
4557	0
4558	0
4559	0
4560	0
4561	1
4562	0
4563	0
4564	1
4565	0
4566	2
4567	0
4568	0
4569	0
4570	0
4571	1
4572	1
4573	0
4574	1
4575	0
4576	1
4577	0
4578	1
4579	1
4580	0
4581	0
4582	0
4583	0
4584	0
4585	1
4586	0
4587	0
4588	0
4589	0
4590	1
4591	1
4592	0
4593	0
4594	0
4595	0
4596	0
4597	0
4598	0
4599	0
4600	0
4601	1
4602	0
4603	0
4604	0
4605	0
4606	0
4607	1
4608	0
4609	0
4610	0
4611	0
4612	1
4613	0
4614	0
4615	0
4616	0
4617	0
4618	0
4619	1
4620	0
4621	0
4622	0
4623	0
4624	0
4625	0
4626	1
4627	1
4628	0
4629	1
4630	0
4631	0
4632	0
4633	0
4634	0
4635	0
4636	1
4637	0
4638	0
4639	0
4640	0
4641	1
4642	0
4643	0
4644	0
4645	0
4646	0
4647	0
4648	0
4649	0
4650	0
4651	0
4652	0
4653	0
4654	0
4655	0
4656	1
4657	0
4658	1
4659	1
4660	2
4661	0
4662	0
4663	3
4664	0
4665	2
4666	0
4667	1
4668	1
4669	2
4670	1
4671	0
4672	0
4673	0
4674	0
4675	0
4676	0
4677	0
4678	1
4679	0
4680	1
4681	0
4682	1
4683	0
4684	0
4685	0
4686	1
4687	0
4688	0
4689	0
4690	0
4691	1
4692	0
4693	0
4694	0
4695	0
4696	0
4697	0
4698	0
4699	0
4700	0
4701	1
4702	0
4703	0
4704	0
4705	0
4706	0
4707	0
4708	1
4709	0
4710	0
4711	1
4712	0
4713	1
4714	0
4715	0
4716	1
4717	0
4718	0
4719	0
4720	2
4721	0
4722	1
4723	0
4724	0
4725	0
4726	1
4727	0
4728	0
4729	2
4730	1
4731	1
4732	0
4733	0
4734	0
4735	1
4736	0
4737	1
4738	0
4739	0
4740	0
4741	0
4742	0
4743	0
4744	2
4745	0
4746	0
4747	0
4748	0
4749	0
4750	0
4751	0
4752	0
4753	2
4754	0
4755	0
4756	0
4757	0
4758	1
4759	0
4760	0
4761	1
4762	1
4763	0
4764	1
4765	0
4766	0
4767	0
4768	0
4769	0
4770	1
4771	1
4772	0
4773	1
4774	0
4775	0
4776	0
4777	0
4778	0
4779	1
4780	0
4781	0
4782	1
4783	0
4784	1
4785	1
4786	0
4787	0
4788	0
4789	0
4790	0
4791	0
4792	0
4793	0
4794	0
4795	0
4796	0
4797	1
4798	0
4799	0
4800	0
4801	1
4802	0
4803	0
4804	0
4805	0
4806	0
4807	0
4808	0
4809	0
4810	0
4811	1
4812	0
4813	0
4814	0
4815	0
4816	0
4817	0
4818	0
4819	0
4820	1
4821	1
4822	0
4823	0
4824	0
4825	0
4826	0
4827	0
4828	0
4829	0
4830	1
4831	0
4832	1
4833	0
4834	0
4835	0
4836	0
4837	0
4838	0
4839	0
4840	0
4841	0
4842	0
4843	0
4844	1
4845	0
4846	0
4847	0
4848	0
4849	1
4850	1
4851	0
4852	0
4853	1
4854	0
4855	0
4856	1
4857	0
4858	0
4859	0
4860	0
4861	0
4862	0
4863	0
4864	1
4865	1
4866	0
4867	0
4868	0
4869	0
4870	0
4871	0
4872	0
4873	0
4874	0
4875	1
4876	0
4877	0
4878	0
4879	0
4880	1
4881	0
4882	1
4883	0
4884	0
4885	1
4886	0
4887	1
4888	1
4889	1
4890	0
4891	0
4892	0
4893	0
4894	0
4895	1
4896	1
4897	0
4898	0
4899	0
4900	0
4901	0
4902	1
4903	0
4904	0
4905	0
4906	0
4907	0
4908	0
4909	0
4910	0
4911	0
4912	0
4913	0
4914	1
4915	0
4916	0
4917	0
4918	0
4919	0
4920	1
4921	0
4922	0
4923	0
4924	0
4925	0
4926	0
4927	1
4928	0
4929	1
4930	0
4931	0
4932	0
4933	1
4934	0
4935	1
4936	0
4937	0
4938	0
4939	0
4940	1
4941	0
4942	0
4943	0
4944	0
4945	0
4946	0
4947	0
4948	0
4949	0
4950	0
4951	0
4952	0
4953	0
4954	0
4955	0
4956	0
4957	0
4958	0
4959	1
4960	0
4961	0
4962	1
4963	0
4964	0
4965	0
4966	0
4967	0
4968	0
4969	0
4970	0
4971	0
4972	0
4973	0
4974	0
4975	0
4976	0
4977	0
4978	1
4979	1
4980	0
4981	0
4982	0
4983	1
4984	0
4985	0
4986	0
4987	0
4988	1
4989	1
4990	1
4991	0
4992	0
4993	0
4994	0
4995	0
4996	0
4997	1
4998	0
4999	1
5000	0
5001	0
5002	1
5003	0
5004	0
5005	0
5006	0
5007	0
5008	0
5009	0
5010	0
5011	0
5012	1
5013	0
5014	0
5015	0
5016	0
5017	0
5018	0
5019	1
5020	0
5021	0
5022	0
5023	0
5024	1
5025	0
5026	1
5027	0
5028	0
5029	0
5030	0
5031	0
5032	0
5033	0
5034	0
5035	0
5036	0
5037	1
5038	0
5039	0
5040	0
5041	0
5042	0
5043	0
5044	1
5045	0
5046	0
5047	0
5048	0
5049	0
5050	1
5051	1
5052	0
5053	0
5054	0
5055	0
5056	1
5057	1
5058	0
5059	0
5060	0
5061	0
5062	0
5063	0
5064	0
5065	2
5066	0
5067	1
5068	0
5069	0
5070	0
5071	0
5072	1
5073	1
5074	0
5075	3
5076	0
5077	1
5078	0
5079	0
5080	0
5081	1
5082	0
5083	0
5084	1
5085	0
5086	0
5087	0
5088	0
5089	1
5090	0
5091	0
5092	0
5093	0
5094	0
5095	0
5096	0
5097	0
5098	0
5099	1
5100	0
5101	0
5102	1
5103	0
5104	0
5105	1
5106	1
5107	0
5108	0
5109	1
5110	0
5111	0
5112	0
5113	0
5114	0
5115	0
5116	0
5117	0
5118	0
5119	0
5120	0
5121	0
5122	0
5123	1
5124	0
5125	0
5126	0
5127	0
5128	0
5129	1
5130	0
5131	0
5132	0
5133	0
5134	0
5135	0
5136	0
5137	0
5138	0
5139	0
5140	0
5141	0
5142	0
5143	0
5144	0
5145	0
5146	0
5147	0
5148	2
5149	0
5150	0
5151	0
5152	1
5153	0
5154	0
5155	3
5156	0
5157	0
5158	0
5159	0
5160	0
5161	0
5162	0
5163	0
5164	0
5165	0
5166	0
5167	0
5168	0
5169	0
5170	0
5171	1
5172	0
5173	1
5174	2
5175	0
5176	0
5177	0
5178	0
5179	0
5180	0
5181	1
5182	0
5183	0
5184	1
5185	2
5186	0
5187	0
5188	0
5189	0
5190	0
5191	0
5192	0
5193	0
5194	0
5195	0
5196	0
5197	0
5198	0
5199	0
5200	1
5201	0
5202	0
5203	0
5204	0
5205	0
5206	0
5207	0
5208	1
5209	1
5210	1
5211	0
5212	1
5213	0
5214	0
5215	0
5216	0
5217	0
5218	0
5219	0
5220	0
5221	0
5222	0
5223	0
5224	0
5225	0
5226	0
5227	0
5228	0
5229	0
5230	0
5231	0
5232	1
5233	0
5234	0
5235	0
5236	1
5237	0
5238	0
5239	1
5240	0
5241	0
5242	0
5243	0
5244	0
5245	0
5246	0
5247	0
5248	0
5249	1
5250	0
5251	0
5252	0
5253	0
5254	0
5255	0
5256	0
5257	0
5258	0
5259	0
5260	0
5261	0
5262	0
5263	0
5264	0
5265	0
5266	1
5267	1
5268	1
5269	0
5270	0
5271	0
5272	0
5273	0
5274	0
5275	0
5276	0
5277	0
5278	1
5279	1
5280	0
5281	0
5282	1
5283	0
5284	0
5285	0
5286	0
5287	0
5288	0
5289	0
5290	0
5291	0
5292	0
5293	1
5294	0
5295	1
5296	0
5297	0
5298	0
5299	0
5300	0
5301	0
5302	0
5303	0
5304	0
5305	0
5306	0
5307	0
5308	0
5309	1
5310	0
5311	0
5312	0
5313	0
5314	0
5315	0
5316	1
5317	0
5318	0
5319	0
5320	0
5321	0
5322	0
5323	0
5324	1
5325	0
5326	0
5327	0
5328	0
5329	0
5330	1
5331	0
5332	0
5333	0
5334	0
5335	0
5336	0
5337	0
5338	0
5339	1
5340	0
5341	0
5342	1
5343	0
5344	0
5345	0
5346	0
5347	0
5348	0
5349	1
5350	0
5351	0
5352	0
5353	0
5354	0
5355	0
5356	0
5357	0
5358	1
5359	0
5360	0
5361	0
5362	0
5363	0
5364	0
5365	0
5366	0
5367	0
5368	1
5369	0
5370	0
5371	0
5372	0
5373	0
5374	0
5375	0
5376	0
5377	0
5378	0
5379	0
5380	0
5381	0
5382	0
5383	0
5384	1
5385	0
5386	0
5387	0
5388	0
5389	0
5390	0
5391	0
5392	0
5393	0
5394	0
5395	0
5396	0
5397	0
5398	0
5399	0
5400	0
5401	0
5402	0
5403	0
5404	0
5405	0
5406	0
5407	0
5408	0
5409	0
5410	0
5411	1
5412	0
5413	0
5414	0
5415	0
5416	0
5417	0
5418	0
5419	0
5420	0
5421	0
5422	0
5423	0
5424	0
5425	1
5426	1
5427	1
5428	1
5429	1
5430	0
5431	0
5432	1
5433	0
5434	1
5435	0
5436	1
5437	0
5438	2
5439	0
5440	0
5441	0
5442	1
5443	0
5444	2
5445	0
5446	0
5447	0
5448	1
5449	1
5450	0
5451	0
5452	0
5453	0
5454	0
5455	1
5456	0
5457	0
5458	0
5459	0
5460	2
5461	0
5462	0
5463	0
5464	0
5465	0
5466	2
5467	0
5468	0
5469	0
5470	0
5471	1
5472	0
5473	1
5474	0
5475	0
5476	0
5477	0
5478	0
5479	0
5480	1
5481	0
5482	0
5483	0
5484	0
5485	0
5486	0
5487	0
5488	0
5489	0
5490	0
5491	0
5492	0
5493	0
5494	0
5495	1
5496	0
5497	1
5498	0
5499	0
5500	0
5501	0
5502	0
5503	0
5504	0
5505	0
5506	0
5507	0
5508	0
5509	0
5510	0
5511	0
5512	0
5513	0
5514	1
5515	0
5516	1
5517	0
5518	1
5519	0
5520	0
5521	0
5522	0
5523	0
5524	0
5525	1
5526	0
5527	1
5528	0
5529	0
5530	0
5531	0
5532	0
5533	1
5534	1
5535	1
5536	0
5537	0
5538	0
5539	0
5540	0
5541	1
5542	1
5543	1
5544	0
5545	1
5546	1
5547	1
5548	0
5549	0
5550	1
5551	0
5552	0
5553	0
5554	0
5555	1
5556	1
5557	0
5558	3
5559	0
5560	1
5561	0
5562	1
5563	1
5564	0
5565	0
5566	0
5567	0
5568	0
5569	0
5570	0
5571	0
5572	1
5573	0
5574	0
5575	1
5576	0
5577	0
5578	1
5579	1
5580	0
5581	1
5582	0
5583	1
5584	0
5585	0
5586	0
5587	1
5588	1
5589	0
5590	0
5591	1
5592	0
5593	0
5594	0
5595	0
5596	0
5597	0
5598	1
5599	0
5600	1
5601	0
5602	1
5603	0
5604	0
5605	0
5606	0
5607	0
5608	0
5609	0
5610	0
5611	0
5612	0
5613	1
5614	0
5615	0
5616	0
5617	3
5618	0
5619	0
5620	0
5621	2
5622	0
5623	1
5624	1
5625	0
5626	1
5627	1
5628	0
5629	0
5630	1
5631	1
5632	1
5633	0
5634	1
5635	1
5636	0
5637	0
5638	0
5639	1
5640	0
5641	0
5642	1
5643	0
5644	0
5645	1
5646	0
5647	1
5648	0
5649	0
5650	1
5651	0
5652	1
5653	0
5654	0
5655	0
5656	1
5657	0
5658	1
5659	2
5660	0
5661	0
5662	0
5663	0
5664	0
5665	1
5666	0
5667	1
5668	0
5669	2
5670	1
5671	0
5672	1
5673	0
5674	0
5675	0
5676	1
5677	0
5678	1
5679	0
5680	0
5681	0
5682	0
5683	1
5684	2
5685	0
5686	1
5687	1
5688	2
5689	0
5690	1
5691	0
5692	0
5693	0
5694	1
5695	0
5696	0
5697	0
5698	1
5699	0
5700	2
5701	6
5702	2
5703	3
5704	1
5705	2
5706	1
5707	0
5708	1
5709	2
5710	1
5711	2
5712	2
5713	1
5714	2
5715	2
5716	3
5717	0
5718	3
5719	1
5720	3
5721	0
5722	1
5723	1
5724	1
5725	1
5726	1
5727	4
5728	0
5729	0
5730	2
5731	2
5732	1
5733	2
5734	2
5735	4
5736	1
5737	2
5738	5
5739	3
5740	1
5741	3
5742	1
5743	2
5744	4
5745	2
5746	0
5747	4
5748	4
5749	4
5750	4
5751	9
5752	1
5753	2
5754	1
5755	3
5756	3
5757	2
5758	2
5759	4
5760	6
5761	2
5762	5
5763	4
5764	1
5765	5
5766	1
5767	3
5768	7
5769	4
5770	3
5771	5
5772	5
5773	3
5774	1
5775	5
5776	4
5777	3
5778	3
5779	5
5780	3
5781	5
5782	6
5783	9
5784	5
5785	3
5786	5
5787	9
5788	3
5789	2
5790	3
5791	1
5792	7
5793	7
5794	6
5795	6
5796	6
5797	8
5798	3
5799	6
5800	4
5801	3
5802	7
5803	5
5804	6
5805	4
5806	7
5807	8
5808	8
5809	3
5810	8
5811	7
5812	10
5813	4
5814	9
5815	7
5816	6
5817	7
5818	8
5819	7
5820	5
5821	5
5822	7
5823	10
5824	13
5825	5
5826	9
5827	5
5828	2
5829	5
5830	7
5831	13
5832	9
5833	4
5834	3
5835	14
5836	14
5837	3
5838	6
5839	11
5840	8
5841	7
5842	14
5843	5
5844	13
5845	11
5846	7
5847	12
5848	9
5849	8
5850	7
5851	3
5852	2
5853	7
5854	2
5855	10
5856	12
5857	9
5858	7
5859	5
5860	12
5861	6
5862	8
5863	12
5864	9
5865	17
5866	3
5867	12
5868	5
5869	12
5870	11
5871	10
5872	5
5873	13
5874	11
5875	11
5876	14
5877	15
5878	12
5879	11
5880	16
5881	10
5882	11
5883	10
5884	10
5885	5
5886	8
5887	10
5888	11
5889	14
5890	5
5891	12
5892	13
5893	15
5894	10
5895	12
5896	10
5897	13
5898	16
5899	6
5900	13
5901	5
5902	10
5903	3
5904	13
5905	6
5906	10
5907	9
5908	10
5909	9
5910	12
5911	4
5912	10
5913	11
5914	10
5915	14
5916	9
5917	11
5918	10
5919	5
5920	10
5921	6
5922	8
5923	9
5924	9
5925	7
5926	13
5927	6
5928	9
5929	9
5930	8
5931	13
5932	7
5933	8
5934	6
5935	8
5936	8
5937	6
5938	7
5939	5
5940	5
5941	9
5942	8
5943	7
5944	9
5945	8
5946	7
5947	15
5948	10
5949	8
5950	7
5951	4
5952	5
5953	7
5954	6
5955	4
5956	10
5957	9
5958	4
5959	4
5960	9
5961	4
5962	7
5963	6
5964	8
5965	5
5966	8
5967	6
5968	6
5969	5
5970	4
5971	5
5972	13
5973	3
5974	4
5975	4
5976	5
5977	8
5978	4
5979	6
5980	4
5981	8
5982	3
5983	5
5984	3
5985	4
5986	5
5987	4
5988	2
5989	1
5990	4
5991	3
5992	7
5993	8
5994	6
5995	2
5996	3
5997	4
5998	6
5999	4
6000	7
6001	3
6002	3
6003	2
6004	0
6005	4
6006	1
6007	4
6008	5
6009	1
6010	3
6011	2
6012	2
6013	3
6014	3
6015	1
6016	3
6017	5
6018	3
6019	3
6020	0
6021	2
6022	2
6023	4
6024	5
6025	1
6026	2
6027	3
6028	3
6029	4
6030	3
6031	3
6032	2
6033	1
6034	1
6035	4
6036	4
6037	0
6038	2
6039	1
6040	1
6041	1
6042	0
6043	3
6044	3
6045	3
6046	3
6047	5
6048	0
6049	4
6050	1
6051	0
6052	0
6053	4
6054	3
6055	0
6056	4
6057	1
6058	4
6059	2
6060	1
6061	0
6062	3
6063	4
6064	0
6065	4
6066	2
6067	2
6068	5
6069	1
6070	2
6071	0
6072	2
6073	2
6074	4
6075	1
6076	3
6077	1
6078	4
6079	3
6080	0
6081	0
6082	1
6083	2
6084	0
6085	3
6086	1
6087	1
6088	1
6089	2
6090	0
6091	3
6092	1
6093	3
6094	1
6095	4
6096	1
6097	5
6098	0
6099	2
6100	1
6101	2
6102	3
6103	6
6104	2
6105	4
6106	3
6107	3
6108	2
6109	2
6110	2
6111	4
6112	5
6113	5
6114	1
6115	3
6116	5
6117	4
6118	4
6119	1
6120	4
6121	2
6122	1
6123	2
6124	2
6125	1
6126	2
6127	1
6128	4
6129	3
6130	4
6131	1
6132	0
6133	2
6134	2
6135	2
6136	2
6137	1
6138	3
6139	0
6140	2
6141	6
6142	3
6143	7
6144	6
6145	5
6146	7
6147	39
6148	71
6149	78
6150	82
6151	60
6152	41
6153	29
6154	25
6155	13
6156	11
6157	37
6158	54
6159	22
6160	7
6161	0
6162	0
6163	0
6164	0
6165	0
6166	0
6167	0
6168	0
6169	0
6170	0
6171	0
6172	0
6173	0
6174	0
6175	0
6176	0
6177	0
6178	0
6179	0
6180	0
6181	0
6182	0
6183	0
6184	0
6185	0
6186	0
6187	0
6188	0
6189	0
6190	0
6191	0
6192	0
6193	0
6194	0
6195	0
6196	0
6197	0
6198	0
6199	0
6200	0
6201	0
6202	0
6203	0
6204	0
6205	0
6206	0
6207	0
6208	0
6209	0
6210	0
6211	0
6212	0
6213	0
6214	0
6215	0
6216	0
6217	0
6218	0
6219	0
6220	0
6221	0
6222	0
6223	0
6224	0
6225	0
6226	0
6227	0
6228	0
6229	0
6230	0
6231	0
6232	0
6233	0
6234	0
6235	0
6236	0
6237	0
6238	0
6239	0
6240	0
6241	0
6242	0
6243	0
6244	0
6245	0
6246	0
6247	0
6248	0
6249	0
6250	0
6251	0
6252	0
6253	0
6254	0
6255	0
6256	0
6257	0
6258	0
6259	0
6260	0
6261	0
6262	0
6263	0
6264	0
6265	0
6266	0
6267	0
6268	0
6269	0
6270	0
6271	0
6272	0
6273	0
6274	0
6275	0
6276	0
6277	0
6278	0
6279	0
6280	0
6281	0
6282	0
6283	0
6284	0
6285	0
6286	0
6287	0
6288	0
6289	0
6290	0
6291	0
6292	0
6293	0
6294	0
6295	0
6296	0
6297	0
6298	0
6299	0
6300	0
6301	0
6302	0
6303	0
6304	0
6305	0
6306	0
6307	0
6308	0
6309	0
6310	0
6311	0
6312	0
6313	0
6314	0
6315	0
6316	0
6317	0
6318	0
6319	0
6320	0
6321	0
6322	0
6323	0
6324	0
6325	0
6326	0
6327	0
6328	0
6329	0
6330	0
6331	0
6332	0
6333	0
6334	0
6335	0
6336	0
6337	0
6338	0
6339	0
6340	0
6341	0
6342	0
6343	0
6344	0
6345	0
6346	0
6347	0
6348	0
6349	0
6350	0
6351	0
6352	0
6353	0
6354	0
6355	0
6356	0
6357	0
6358	0
6359	0
6360	0
6361	0
6362	0
6363	0
6364	0
6365	0
6366	0
6367	0
6368	0
6369	0
6370	0
6371	0
6372	0
6373	0
6374	0
6375	0
6376	0
6377	0
6378	0
6379	0
6380	0
6381	0
6382	0
6383	0
6384	0
6385	0
6386	0
6387	0
6388	0
6389	0
6390	0
6391	0
6392	0
6393	0
6394	0
6395	0
6396	0
6397	0
6398	0
6399	0
6400	0
6401	0
6402	0
6403	0
6404	0
6405	0
6406	0
6407	0
6408	0
6409	0
6410	0
6411	0
6412	0
6413	0
6414	0
6415	0
6416	0
6417	0
6418	0
6419	0
6420	0
6421	0
6422	0
6423	0
6424	0
6425	0
6426	0
6427	0
6428	0
6429	0
6430	0
6431	0
6432	0
6433	0
6434	0
6435	0
6436	0
6437	0
6438	0
6439	0
6440	0
6441	0
6442	0
6443	0
6444	0
6445	0
6446	0
6447	0
6448	0
6449	0
6450	0
6451	0
6452	0
6453	0
6454	0
6455	0
6456	0
6457	0
6458	0
6459	0
6460	0
6461	0
6462	0
6463	0
6464	0
6465	0
6466	0
6467	0
6468	0
6469	0
6470	0
6471	0
6472	0
6473	0
6474	0
6475	0
6476	0
6477	0
6478	0
6479	0
6480	0
6481	0
6482	0
6483	0
6484	0
6485	0
6486	0
6487	0
6488	0
6489	0
6490	0
6491	0
6492	0
6493	0
6494	0
6495	0
6496	0
6497	0
6498	0
6499	0
6500	0
6501	0
6502	0
6503	0
6504	0
6505	0
6506	0
6507	0
6508	0
6509	0
6510	0
6511	0
6512	0
6513	0
6514	0
6515	0
6516	0
6517	0
6518	0
6519	0
6520	0
6521	0
6522	0
6523	0
6524	0
6525	0
6526	0
6527	0
6528	0
6529	0
6530	0
6531	0
6532	0
6533	0
6534	0
6535	0
6536	0
6537	0
6538	0
6539	0
6540	0
6541	0
6542	0
6543	0
6544	0
6545	0
6546	0
6547	0
6548	0
6549	0
6550	0
6551	0
6552	0
6553	0
6554	0
6555	0
6556	0
6557	0
6558	0
6559	0
6560	0
6561	0
6562	0
6563	0
6564	0
6565	0
6566	0
6567	0
6568	0
6569	0
6570	0
6571	0
6572	0
6573	0
6574	0
6575	0
6576	0
6577	0
6578	0
6579	0
6580	0
6581	0
6582	0
6583	0
6584	0
6585	0
6586	0
6587	0
6588	0
6589	0
6590	0
6591	0
6592	0
6593	0
6594	0
6595	0
6596	0
6597	0
6598	0
6599	0
6600	0
6601	0
6602	0
6603	0
6604	0
6605	0
6606	0
6607	0
6608	0
6609	0
6610	0
6611	0
6612	0
6613	0
6614	0
6615	0
6616	0
6617	0
6618	0
6619	0
6620	0
6621	0
6622	0
6623	0
6624	0
6625	0
6626	0
6627	0
6628	0
6629	0
6630	0
6631	0
6632	0
6633	0
6634	0
6635	0
6636	0
6637	0
6638	0
6639	0
6640	0
6641	0
6642	0
6643	0
6644	0
6645	0
6646	0
6647	0
6648	0
6649	0
6650	0
6651	0
6652	0
6653	0
6654	0
6655	0
6656	0
6657	0
6658	0
6659	0
6660	0
6661	0
6662	0
6663	0
6664	0
6665	0
6666	0
6667	0
6668	0
6669	0
6670	0
6671	0
6672	0
6673	0
6674	0
6675	0
6676	0
6677	0
6678	0
6679	0
6680	0
6681	0
6682	0
6683	0
6684	0
6685	0
6686	0
6687	0
6688	0
6689	0
6690	0
6691	0
6692	0
6693	0
6694	0
6695	0
6696	0
6697	0
6698	0
6699	0
6700	0
6701	0
6702	0
6703	0
6704	0
6705	0
6706	0
6707	0
6708	0
6709	0
6710	0
6711	0
6712	0
6713	0
6714	0
6715	0
6716	0
6717	0
6718	0
6719	0
6720	0
6721	0
6722	0
6723	0
6724	0
6725	0
6726	0
6727	0
6728	0
6729	0
6730	0
6731	0
6732	0
6733	0
6734	0
6735	0
6736	0
6737	0
6738	0
6739	0
6740	0
6741	0
6742	0
6743	0
6744	0
6745	0
6746	0
6747	0
6748	0
6749	0
6750	0
6751	0
6752	0
6753	0
6754	0
6755	0
6756	0
6757	0
6758	0
6759	0
6760	0
6761	0
6762	0
6763	0
6764	0
6765	0
6766	0
6767	0
6768	0
6769	0
6770	0
6771	0
6772	0
6773	0
6774	0
6775	0
6776	0
6777	0
6778	0
6779	0
6780	0
6781	0
6782	0
6783	0
6784	0
6785	0
6786	0
6787	0
6788	0
6789	0
6790	0
6791	0
6792	0
6793	0
6794	0
6795	0
6796	0
6797	0
6798	0
6799	0
6800	0
6801	0
6802	0
6803	0
6804	0
6805	0
6806	0
6807	0
6808	0
6809	0
6810	0
6811	0
6812	0
6813	0
6814	0
6815	0
6816	0
6817	0
6818	0
6819	0
6820	0
6821	0
6822	0
6823	0
6824	0
6825	0
6826	0
6827	0
6828	0
6829	0
6830	0
6831	0
6832	0
6833	0
6834	0
6835	0
6836	0
6837	0
6838	0
6839	0
6840	0
6841	0
6842	0
6843	0
6844	0
6845	0
6846	0
6847	0
6848	0
6849	0
6850	0
6851	0
6852	0
6853	0
6854	0
6855	0
6856	0
6857	0
6858	0
6859	0
6860	0
6861	0
6862	0
6863	0
6864	0
6865	0
6866	0
6867	0
6868	0
6869	0
6870	0
6871	0
6872	0
6873	0
6874	0
6875	0
6876	0
6877	0
6878	0
6879	0
6880	0
6881	0
6882	0
6883	0
6884	0
6885	0
6886	0
6887	0
6888	0
6889	0
6890	0
6891	0
6892	0
6893	0
6894	0
6895	0
6896	0
6897	0
6898	0
6899	0
6900	0
6901	0
6902	0
6903	0
6904	0
6905	0
6906	0
6907	0
6908	0
6909	0
6910	0
6911	0
6912	0
6913	0
6914	0
6915	0
6916	0
6917	0
6918	0
6919	0
6920	0
6921	0
6922	0
6923	0
6924	0
6925	0
6926	0
6927	0
6928	0
6929	0
6930	0
6931	0
6932	0
6933	0
6934	0
6935	0
6936	0
6937	0
6938	0
6939	0
6940	0
6941	0
6942	0
6943	0
6944	0
6945	0
6946	0
6947	0
6948	0
6949	0
6950	0
6951	0
6952	0
6953	0
6954	0
6955	0
6956	0
6957	0
6958	0
6959	0
6960	0
6961	0
6962	0
6963	0
6964	0
6965	0
6966	0
6967	0
6968	0
6969	0
6970	0
6971	0
6972	0
6973	0
6974	0
6975	0
6976	0
6977	0
6978	0
6979	0
6980	0
6981	0
6982	0
6983	0
6984	0
6985	0
6986	0
6987	0
6988	0
6989	0
6990	0
6991	0
6992	0
6993	0
6994	0
6995	0
6996	0
6997	0
6998	0
6999	0
7000	0
7001	0
7002	0
7003	0
7004	0
7005	0
7006	0
7007	0
7008	0
7009	0
7010	0
7011	0
7012	0
7013	0
7014	0
7015	0
7016	0
7017	0
7018	0
7019	0
7020	0
7021	0
7022	0
7023	0
7024	0
7025	0
7026	0
7027	0
7028	0
7029	0
7030	0
7031	0
7032	0
7033	0
7034	0
7035	0
7036	0
7037	0
7038	0
7039	0
7040	0
7041	0
7042	0
7043	0
7044	0
7045	0
7046	0
7047	0
7048	0
7049	0
7050	0
7051	0
7052	0
7053	0
7054	0
7055	0
7056	0
7057	0
7058	0
7059	0
7060	0
7061	0
7062	0
7063	0
7064	0
7065	0
7066	0
7067	0
7068	0
7069	0
7070	0
7071	0
7072	0
7073	0
7074	0
7075	0
7076	0
7077	0
7078	0
7079	0
7080	0
7081	0
7082	0
7083	0
7084	0
7085	0
7086	0
7087	0
7088	0
7089	0
7090	0
7091	0
7092	0
7093	0
7094	0
7095	0
7096	0
7097	0
7098	0
7099	0
7100	0
7101	0
7102	0
7103	0
7104	0
7105	0
7106	0
7107	0
7108	0
7109	0
7110	0
7111	0
7112	0
7113	0
7114	0
7115	0
7116	0
7117	0
7118	0
7119	0
7120	0
7121	0
7122	0
7123	0
7124	0
7125	0
7126	0
7127	0
7128	0
7129	0
7130	0
7131	0
7132	0
7133	0
7134	0
7135	0
7136	0
7137	0
7138	0
7139	0
7140	0
7141	0
7142	0
7143	0
7144	0
7145	0
7146	0
7147	0
7148	0
7149	0
7150	0
7151	0
7152	0
7153	0
7154	0
7155	0
7156	0
7157	0
7158	0
7159	0
7160	0
7161	0
7162	0
7163	0
7164	0
7165	0
7166	0
7167	0
7168	0
7169	0
7170	0
7171	0
7172	0
7173	0
7174	0
7175	0
7176	0
7177	0
7178	0
7179	0
7180	0
7181	0
7182	0
7183	0
7184	0
7185	0
7186	0
7187	0
7188	0
7189	0
7190	0
7191	0
7192	0
7193	0
7194	0
7195	0
7196	0
7197	0
7198	0
7199	0
7200	0
7201	0
7202	0
7203	0
7204	0
7205	0
7206	0
7207	0
7208	0
7209	0
7210	0
7211	0
7212	0
7213	0
7214	0
7215	0
7216	0
7217	0
7218	0
7219	0
7220	0
7221	0
7222	0
7223	0
7224	0
7225	0
7226	0
7227	0
7228	0
7229	0
7230	0
7231	0
7232	0
7233	0
7234	0
7235	0
7236	0
7237	0
7238	0
7239	0
7240	0
7241	0
7242	0
7243	0
7244	0
7245	0
7246	0
7247	0
7248	0
7249	0
7250	0
7251	0
7252	0
7253	0
7254	0
7255	0
7256	0
7257	0
7258	0
7259	0
7260	0
7261	0
7262	0
7263	0
7264	0
7265	0
7266	0
7267	0
7268	0
7269	0
7270	0
7271	0
7272	0
7273	0
7274	0
7275	0
7276	0
7277	0
7278	0
7279	0
7280	0
7281	0
7282	0
7283	0
7284	0
7285	0
7286	0
7287	0
7288	0
7289	0
7290	0
7291	0
7292	0
7293	0
7294	0
7295	0
7296	0
7297	0
7298	0
7299	0
7300	0
7301	0
7302	0
7303	0
7304	0
7305	0
7306	0
7307	0
7308	0
7309	0
7310	0
7311	0
7312	0
7313	0
7314	0
7315	0
7316	0
7317	0
7318	0
7319	0
7320	0
7321	0
7322	0
7323	0
7324	0
7325	0
7326	0
7327	0
7328	0
7329	0
7330	0
7331	0
7332	0
7333	0
7334	0
7335	0
7336	0
7337	0
7338	0
7339	0
7340	0
7341	0
7342	0
7343	0
7344	0
7345	0
7346	0
7347	0
7348	0
7349	0
7350	0
7351	0
7352	0
7353	0
7354	0
7355	0
7356	0
7357	0
7358	0
7359	0
7360	0
7361	0
7362	0
7363	0
7364	0
7365	0
7366	0
7367	0
7368	0
7369	0
7370	0
7371	0
7372	0
7373	0
7374	0
7375	0
7376	0
7377	0
7378	0
7379	0
7380	0
7381	0
7382	0
7383	0
7384	0
7385	0
7386	0
7387	0
7388	0
7389	0
7390	0
7391	0
7392	0
7393	0
7394	0
7395	0
7396	0
7397	0
7398	0
7399	0
7400	0
7401	0
7402	0
7403	0
7404	0
7405	0
7406	0
7407	0
7408	0
7409	0
7410	0
7411	0
7412	0
7413	0
7414	0
7415	0
7416	0
7417	0
7418	0
7419	0
7420	0
7421	0
7422	0
7423	0
7424	0
7425	0
7426	0
7427	0
7428	0
7429	0
7430	0
7431	0
7432	0
7433	0
7434	0
7435	0
7436	0
7437	0
7438	0
7439	0
7440	0
7441	0
7442	0
7443	0
7444	0
7445	0
7446	0
7447	0
7448	0
7449	0
7450	0
7451	0
7452	0
7453	0
7454	0
7455	0
7456	0
7457	0
7458	0
7459	0
7460	0
7461	0
7462	0
7463	0
7464	0
7465	0
7466	0
7467	0
7468	0
7469	0
7470	0
7471	0
7472	0
7473	0
7474	0
7475	0
7476	0
7477	0
7478	0
7479	0
7480	0
7481	0
7482	0
7483	0
7484	0
7485	0
7486	0
7487	0
7488	0
7489	0
7490	0
7491	0
7492	0
7493	0
7494	0
7495	0
7496	0
7497	0
7498	0
7499	0
7500	0
7501	0
7502	0
7503	0
7504	0
7505	0
7506	0
7507	0
7508	0
7509	0
7510	0
7511	0
7512	0
7513	0
7514	0
7515	0
7516	0
7517	0
7518	0
7519	0
7520	0
7521	0
7522	0
7523	0
7524	0
7525	0
7526	0
7527	0
7528	0
7529	0
7530	0
7531	0
7532	0
7533	0
7534	0
7535	0
7536	0
7537	0
7538	0
7539	0
7540	0
7541	0
7542	0
7543	0
7544	0
7545	0
7546	0
7547	0
7548	0
7549	0
7550	0
7551	0
7552	0
7553	0
7554	0
7555	0
7556	0
7557	0
7558	0
7559	0
7560	0
7561	0
7562	0
7563	0
7564	0
7565	0
7566	0
7567	0
7568	0
7569	0
7570	0
7571	0
7572	0
7573	0
7574	0
7575	0
7576	0
7577	0
7578	0
7579	0
7580	0
7581	0
7582	0
7583	0
7584	0
7585	0
7586	0
7587	0
7588	0
7589	0
7590	0
7591	0
7592	0
7593	0
7594	0
7595	0
7596	0
7597	0
7598	0
7599	0
7600	0
7601	0
7602	0
7603	0
7604	0
7605	0
7606	0
7607	0
7608	0
7609	0
7610	0
7611	0
7612	0
7613	0
7614	0
7615	0
7616	0
7617	0
7618	0
7619	0
7620	0
7621	0
7622	0
7623	0
7624	0
7625	0
7626	0
7627	0
7628	0
7629	0
7630	0
7631	0
7632	0
7633	0
7634	0
7635	0
7636	0
7637	0
7638	0
7639	0
7640	0
7641	0
7642	0
7643	0
7644	0
7645	0
7646	0
7647	0
7648	0
7649	0
7650	0
7651	0
7652	0
7653	0
7654	0
7655	0
7656	0
7657	0
7658	0
7659	0
7660	0
7661	0
7662	0
7663	0
7664	0
7665	0
7666	0
7667	0
7668	0
7669	0
7670	0
7671	0
7672	0
7673	0
7674	0
7675	0
7676	0
7677	0
7678	0
7679	0
7680	0
7681	0
7682	0
7683	0
7684	0
7685	0
7686	0
7687	0
7688	0
7689	0
7690	0
7691	0
7692	0
7693	0
7694	0
7695	0
7696	0
7697	0
7698	0
7699	0
7700	0
7701	0
7702	0
7703	0
7704	0
7705	0
7706	0
7707	0
7708	0
7709	0
7710	0
7711	0
7712	0
7713	0
7714	0
7715	0
7716	0
7717	0
7718	0
7719	0
7720	0
7721	0
7722	0
7723	0
7724	0
7725	0
7726	0
7727	0
7728	0
7729	0
7730	0
7731	0
7732	0
7733	0
7734	0
7735	0
7736	0
7737	0
7738	0
7739	0
7740	0
7741	0
7742	0
7743	0
7744	0
7745	0
7746	0
7747	0
7748	0
7749	0
7750	0
7751	0
7752	0
7753	0
7754	0
7755	0
7756	0
7757	0
7758	0
7759	0
7760	0
7761	0
7762	0
7763	0
7764	0
7765	0
7766	0
7767	0
7768	0
7769	0
7770	0
7771	0
7772	0
7773	0
7774	0
7775	0
7776	0
7777	0
7778	0
7779	0
7780	0
7781	0
7782	0
7783	0
7784	0
7785	0
7786	0
7787	0
7788	0
7789	0
7790	0
7791	0
7792	0
7793	0
7794	0
7795	0
7796	0
7797	0
7798	0
7799	0
7800	0
7801	0
7802	0
7803	0
7804	0
7805	0
7806	0
7807	0
7808	0
7809	0
7810	0
7811	0
7812	0
7813	0
7814	0
7815	0
7816	0
7817	0
7818	0
7819	0
7820	0
7821	0
7822	0
7823	0
7824	0
7825	0
7826	0
7827	0
7828	0
7829	0
7830	0
7831	0
7832	0
7833	0
7834	0
7835	0
7836	0
7837	0
7838	0
7839	0
7840	0
7841	0
7842	0
7843	0
7844	0
7845	0
7846	0
7847	0
7848	0
7849	0
7850	0
7851	0
7852	0
7853	0
7854	0
7855	0
7856	0
7857	0
7858	0
7859	0
7860	0
7861	0
7862	0
7863	0
7864	0
7865	0
7866	0
7867	0
7868	0
7869	0
7870	0
7871	0
7872	0
7873	0
7874	0
7875	0
7876	0
7877	0
7878	0
7879	0
7880	0
7881	0
7882	0
7883	0
7884	0
7885	0
7886	0
7887	0
7888	0
7889	0
7890	0
7891	0
7892	0
7893	0
7894	0
7895	0
7896	0
7897	0
7898	0
7899	0
7900	0
7901	0
7902	0
7903	0
7904	0
7905	0
7906	0
7907	0
7908	0
7909	0
7910	0
7911	0
7912	0
7913	0
7914	0
7915	0
7916	0
7917	0
7918	0
7919	0
7920	0
7921	0
7922	0
7923	0
7924	0
7925	0
7926	0
7927	0
7928	0
7929	0
7930	0
7931	0
7932	0
7933	0
7934	0
7935	0
7936	0
7937	0
7938	0
7939	0
7940	0
7941	0
7942	0
7943	0
7944	0
7945	0
7946	0
7947	0
7948	0
7949	0
7950	0
7951	0
7952	0
7953	0
7954	0
7955	0
7956	0
7957	0
7958	0
7959	0
7960	0
7961	0
7962	0
7963	0
7964	0
7965	0
7966	0
7967	0
7968	0
7969	0
7970	0
7971	0
7972	0
7973	0
7974	0
7975	0
7976	0
7977	0
7978	0
7979	0
7980	0
7981	0
7982	0
7983	0
7984	0
7985	0
7986	0
7987	0
7988	0
7989	0
7990	0
7991	0
7992	0
7993	0
7994	0
7995	0
7996	0
7997	0
7998	0
7999	0
8000	0
8001	0
8002	0
8003	0
8004	0
8005	0
8006	0
8007	0
8008	0
8009	0
8010	0
8011	0
8012	0
8013	0
8014	0
8015	0
8016	0
8017	0
8018	0
8019	0
8020	0
8021	0
8022	0
8023	0
8024	0
8025	0
8026	0
8027	0
8028	0
8029	0
8030	0
8031	0
8032	0
8033	0
8034	0
8035	0
8036	0
8037	0
8038	0
8039	0
8040	0
8041	0
8042	0
8043	0
8044	0
8045	0
8046	0
8047	0
8048	0
8049	0
8050	0
8051	0
8052	0
8053	0
8054	0
8055	0
8056	0
8057	0
8058	0
8059	0
8060	0
8061	0
8062	0
8063	0
8064	0
8065	0
8066	0
8067	0
8068	0
8069	0
8070	0
8071	0
8072	0
8073	0
8074	0
8075	0
8076	0
8077	0
8078	0
8079	0
8080	0
8081	0
8082	0
8083	0
8084	0
8085	0
8086	0
8087	0
8088	0
8089	0
8090	0
8091	0
8092	0
8093	0
8094	0
8095	0
8096	0
8097	0
8098	0
8099	0
8100	0
8101	0
8102	0
8103	0
8104	0
8105	0
8106	0
8107	0
8108	0
8109	0
8110	0
8111	0
8112	0
8113	0
8114	0
8115	0
8116	0
8117	0
8118	0
8119	0
8120	0
8121	0
8122	0
8123	0
8124	0
8125	0
8126	0
8127	0
8128	0
8129	0
8130	0
8131	0
8132	0
8133	0
8134	0
8135	0
8136	0
8137	0
8138	0
8139	0
8140	0
8141	0
8142	0
8143	0
8144	0
8145	0
8146	0
8147	0
8148	0
8149	0
8150	0
8151	0
8152	0
8153	0
8154	0
8155	0
8156	0
8157	0
8158	0
8159	0
8160	0
8161	0
8162	0
8163	0
8164	0
8165	0
8166	0
8167	0
8168	0
8169	0
8170	0
8171	0
8172	0
8173	0
8174	0
8175	0
8176	0
8177	0
8178	0
8179	0
8180	0
8181	0
8182	0
8183	0
8184	0
8185	0
8186	0
8187	0
8188	0
8189	0
8190	0
8191	0
