0	0
1	0
2	0
3	0
4	0
5	0
6	0
7	0
8	0
9	0
10	0
11	0
12	0
13	0
14	0
15	0
16	0
17	0
18	0
19	0
20	0
21	0
22	0
23	0
24	0
25	0
26	0
27	0
28	0
29	0
30	0
31	0
32	0
33	0
34	0
35	0
36	0
37	0
38	0
39	0
40	0
41	0
42	0
43	0
44	0
45	0
46	0
47	0
48	0
49	0
50	0
51	0
52	0
53	0
54	0
55	0
56	0
57	0
58	0
59	0
60	0
61	0
62	0
63	0
64	0
65	0
66	0
67	0
68	0
69	0
70	0
71	0
72	0
73	0
74	0
75	0
76	0
77	0
78	0
79	0
80	0
81	0
82	0
83	0
84	0
85	0
86	0
87	0
88	0
89	0
90	0
91	0
92	0
93	0
94	0
95	0
96	0
97	0
98	0
99	0
100	0
101	0
102	0
103	0
104	0
105	0
106	0
107	0
108	0
109	0
110	0
111	0
112	0
113	0
114	0
115	0
116	0
117	0
118	0
119	0
120	0
121	0
122	0
123	0
124	0
125	0
126	0
127	0
128	0
129	0
130	0
131	0
132	0
133	0
134	0
135	0
136	0
137	0
138	0
139	0
140	0
141	0
142	0
143	0
144	0
145	0
146	0
147	0
148	0
149	0
150	0
151	0
152	0
153	0
154	0
155	0
156	0
157	0
158	0
159	0
160	0
161	0
162	0
163	0
164	0
165	0
166	0
167	0
168	0
169	0
170	0
171	0
172	0
173	0
174	0
175	0
176	0
177	0
178	0
179	0
180	0
181	0
182	0
183	0
184	0
185	0
186	0
187	0
188	0
189	0
190	0
191	0
192	0
193	0
194	0
195	0
196	0
197	0
198	0
199	0
200	0
201	0
202	0
203	0
204	0
205	0
206	0
207	0
208	0
209	0
210	0
211	0
212	0
213	0
214	0
215	0
216	0
217	0
218	0
219	0
220	0
221	0
222	0
223	0
224	0
225	0
226	0
227	0
228	0
229	0
230	0
231	0
232	0
233	0
234	0
235	0
236	0
237	0
238	0
239	0
240	0
241	0
242	0
243	0
244	0
245	0
246	0
247	0
248	0
249	0
250	0
251	0
252	0
253	0
254	0
255	0
256	0
257	0
258	0
259	0
260	0
261	0
262	0
263	0
264	0
265	0
266	0
267	0
268	0
269	0
270	0
271	0
272	0
273	0
274	0
275	0
276	0
277	0
278	0
279	0
280	0
281	0
282	0
283	0
284	0
285	0
286	0
287	0
288	0
289	0
290	0
291	0
292	0
293	0
294	0
295	0
296	0
297	0
298	0
299	0
300	0
301	0
302	0
303	0
304	0
305	0
306	0
307	0
308	0
309	0
310	0
311	0
312	0
313	0
314	0
315	0
316	0
317	0
318	0
319	0
320	0
321	0
322	0
323	0
324	0
325	0
326	0
327	0
328	0
329	0
330	0
331	0
332	0
333	0
334	0
335	0
336	0
337	0
338	0
339	0
340	0
341	0
342	0
343	0
344	0
345	0
346	0
347	0
348	0
349	0
350	0
351	0
352	0
353	0
354	0
355	0
356	0
357	0
358	0
359	0
360	0
361	0
362	0
363	0
364	0
365	0
366	0
367	0
368	0
369	0
370	0
371	0
372	0
373	0
374	0
375	0
376	0
377	0
378	0
379	0
380	0
381	0
382	0
383	0
384	0
385	0
386	0
387	0
388	0
389	0
390	0
391	0
392	0
393	0
394	0
395	0
396	0
397	0
398	0
399	0
400	0
401	0
402	0
403	0
404	0
405	0
406	0
407	0
408	0
409	0
410	0
411	0
412	0
413	0
414	0
415	0
416	0
417	0
418	0
419	0
420	0
421	0
422	0
423	0
424	0
425	0
426	0
427	0
428	0
429	0
430	0
431	0
432	0
433	0
434	0
435	0
436	0
437	0
438	0
439	0
440	0
441	0
442	0
443	0
444	0
445	0
446	0
447	0
448	0
449	0
450	0
451	0
452	0
453	0
454	0
455	0
456	0
457	0
458	0
459	0
460	0
461	0
462	0
463	0
464	0
465	0
466	0
467	0
468	0
469	0
470	0
471	0
472	0
473	0
474	0
475	0
476	0
477	0
478	0
479	0
480	0
481	0
482	0
483	0
484	0
485	0
486	0
487	0
488	0
489	0
490	0
491	0
492	0
493	0
494	0
495	0
496	0
497	0
498	0
499	0
500	0
501	0
502	0
503	0
504	0
505	0
506	0
507	0
508	0
509	0
510	0
511	0
512	0
513	0
514	0
515	0
516	0
517	0
518	0
519	0
520	0
521	0
522	0
523	0
524	0
525	0
526	0
527	0
528	0
529	0
530	0
531	0
532	0
533	0
534	0
535	0
536	0
537	0
538	0
539	0
540	0
541	0
542	1
543	10
544	17
545	25
546	36
547	29
548	48
549	28
550	38
551	25
552	33
553	29
554	31
555	29
556	30
557	35
558	35
559	21
560	29
561	25
562	32
563	28
564	30
565	24
566	35
567	26
568	33
569	36
570	31
571	17
572	26
573	35
574	17
575	20
576	28
577	21
578	30
579	27
580	21
581	23
582	28
583	38
584	29
585	24
586	21
587	32
588	28
589	22
590	18
591	28
592	23
593	26
594	21
595	19
596	25
597	29
598	21
599	33
600	34
601	25
602	24
603	32
604	25
605	28
606	25
607	26
608	32
609	35
610	30
611	23
612	14
613	29
614	27
615	31
616	18
617	19
618	20
619	25
620	19
621	29
622	25
623	24
624	33
625	17
626	16
627	21
628	15
629	21
630	16
631	28
632	24
633	24
634	31
635	26
636	26
637	31
638	32
639	18
640	28
641	36
642	30
643	20
644	18
645	19
646	17
647	31
648	22
649	27
650	25
651	21
652	32
653	28
654	25
655	18
656	24
657	16
658	16
659	23
660	26
661	22
662	22
663	18
664	35
665	26
666	25
667	18
668	21
669	16
670	21
671	23
672	23
673	14
674	26
675	26
676	19
677	18
678	18
679	32
680	26
681	28
682	32
683	25
684	23
685	21
686	18
687	22
688	29
689	22
690	21
691	18
692	33
693	30
694	29
695	20
696	23
697	23
698	15
699	16
700	14
701	14
702	25
703	17
704	21
705	16
706	28
707	39
708	22
709	16
710	20
711	24
712	29
713	25
714	14
715	32
716	28
717	27
718	23
719	19
720	32
721	29
722	25
723	21
724	19
725	25
726	23
727	27
728	35
729	19
730	25
731	15
732	21
733	20
734	28
735	24
736	11
737	23
738	22
739	20
740	21
741	30
742	26
743	18
744	22
745	27
746	23
747	28
748	22
749	23
750	20
751	17
752	23
753	27
754	20
755	25
756	18
757	25
758	26
759	27
760	19
761	17
762	32
763	32
764	18
765	24
766	24
767	17
768	34
769	28
770	19
771	17
772	30
773	28
774	21
775	20
776	22
777	20
778	21
779	16
780	16
781	21
782	23
783	21
784	21
785	19
786	24
787	25
788	24
789	30
790	30
791	23
792	15
793	25
794	18
795	29
796	18
797	18
798	28
799	21
800	28
801	23
802	28
803	25
804	17
805	21
806	23
807	16
808	19
809	23
810	26
811	27
812	19
813	22
814	29
815	22
816	24
817	31
818	24
819	13
820	24
821	21
822	22
823	15
824	22
825	22
826	13
827	21
828	26
829	28
830	23
831	25
832	28
833	22
834	27
835	28
836	28
837	27
838	11
839	16
840	25
841	28
842	22
843	28
844	23
845	22
846	26
847	18
848	30
849	29
850	27
851	27
852	22
853	20
854	20
855	15
856	19
857	17
858	21
859	23
860	29
861	29
862	22
863	20
864	23
865	32
866	19
867	22
868	24
869	20
870	25
871	24
872	18
873	26
874	20
875	24
876	25
877	30
878	27
879	25
880	16
881	26
882	21
883	16
884	22
885	26
886	18
887	25
888	22
889	15
890	20
891	23
892	21
893	24
894	20
895	15
896	18
897	28
898	24
899	26
900	15
901	18
902	13
903	19
904	25
905	28
906	16
907	31
908	27
909	25
910	23
911	18
912	13
913	22
914	25
915	28
916	22
917	24
918	21
919	30
920	20
921	16
922	31
923	28
924	22
925	19
926	32
927	28
928	28
929	27
930	22
931	25
932	8
933	21
934	20
935	19
936	26
937	16
938	33
939	27
940	22
941	32
942	36
943	25
944	20
945	14
946	24
947	23
948	31
949	18
950	29
951	24
952	23
953	24
954	19
955	20
956	18
957	13
958	22
959	21
960	17
961	24
962	28
963	20
964	21
965	22
966	25
967	18
968	19
969	13
970	19
971	26
972	23
973	24
974	26
975	23
976	28
977	23
978	18
979	28
980	17
981	15
982	20
983	21
984	20
985	13
986	22
987	22
988	18
989	19
990	19
991	24
992	26
993	28
994	23
995	22
996	30
997	13
998	31
999	21
1000	21
1001	29
1002	15
1003	31
1004	30
1005	21
1006	18
1007	26
1008	26
1009	22
1010	16
1011	19
1012	22
1013	18
1014	25
1015	14
1016	26
1017	23
1018	29
1019	20
1020	31
1021	14
1022	17
1023	19
1024	25
1025	18
1026	21
1027	26
1028	18
1029	32
1030	16
1031	20
1032	32
1033	20
1034	18
1035	14
1036	21
1037	23
1038	31
1039	29
1040	30
1041	15
1042	27
1043	18
1044	19
1045	23
1046	20
1047	17
1048	21
1049	25
1050	26
1051	23
1052	29
1053	30
1054	32
1055	18
1056	20
1057	28
1058	25
1059	30
1060	24
1061	22
1062	27
1063	18
1064	22
1065	26
1066	21
1067	19
1068	19
1069	29
1070	14
1071	16
1072	25
1073	37
1074	22
1075	21
1076	30
1077	27
1078	17
1079	31
1080	17
1081	25
1082	24
1083	23
1084	22
1085	19
1086	18
1087	26
1088	22
1089	31
1090	11
1091	21
1092	21
1093	29
1094	26
1095	24
1096	25
1097	36
1098	21
1099	18
1100	21
1101	20
1102	27
1103	22
1104	22
1105	21
1106	26
1107	28
1108	31
1109	20
1110	18
1111	33
1112	21
1113	28
1114	26
1115	29
1116	21
1117	20
1118	23
1119	21
1120	26
1121	25
1122	24
1123	23
1124	21
1125	24
1126	15
1127	21
1128	30
1129	21
1130	16
1131	21
1132	27
1133	28
1134	26
1135	27
1136	27
1137	28
1138	24
1139	21
1140	18
1141	20
1142	20
1143	21
1144	15
1145	27
1146	25
1147	20
1148	26
1149	21
1150	19
1151	21
1152	25
1153	25
1154	28
1155	12
1156	22
1157	27
1158	21
1159	21
1160	28
1161	15
1162	23
1163	24
1164	17
1165	29
1166	26
1167	28
1168	23
1169	25
1170	12
1171	29
1172	24
1173	28
1174	21
1175	20
1176	25
1177	26
1178	24
1179	27
1180	15
1181	24
1182	16
1183	24
1184	18
1185	34
1186	22
1187	26
1188	32
1189	27
1190	22
1191	15
1192	20
1193	30
1194	25
1195	24
1196	24
1197	24
1198	22
1199	20
1200	29
1201	31
1202	19
1203	26
1204	19
1205	25
1206	17
1207	24
1208	27
1209	21
1210	27
1211	27
1212	27
1213	33
1214	21
1215	26
1216	32
1217	26
1218	20
1219	20
1220	21
1221	28
1222	21
1223	29
1224	20
1225	28
1226	29
1227	21
1228	19
1229	16
1230	30
1231	25
1232	24
1233	25
1234	28
1235	34
1236	24
1237	22
1238	24
1239	20
1240	25
1241	11
1242	18
1243	31
1244	30
1245	26
1246	26
1247	25
1248	26
1249	17
1250	36
1251	30
1252	18
1253	31
1254	21
1255	37
1256	34
1257	29
1258	35
1259	20
1260	24
1261	28
1262	17
1263	31
1264	28
1265	34
1266	23
1267	16
1268	24
1269	26
1270	27
1271	27
1272	33
1273	33
1274	18
1275	21
1276	22
1277	13
1278	21
1279	29
1280	24
1281	21
1282	19
1283	20
1284	29
1285	29
1286	21
1287	25
1288	30
1289	26
1290	25
1291	21
1292	20
1293	23
1294	22
1295	23
1296	18
1297	24
1298	20
1299	29
1300	22
1301	21
1302	17
1303	19
1304	21
1305	25
1306	24
1307	21
1308	23
1309	14
1310	17
1311	15
1312	29
1313	21
1314	15
1315	26
1316	19
1317	19
1318	19
1319	20
1320	13
1321	17
1322	17
1323	20
1324	19
1325	28
1326	24
1327	31
1328	26
1329	27
1330	29
1331	21
1332	18
1333	21
1334	23
1335	32
1336	29
1337	31
1338	24
1339	28
1340	15
1341	18
1342	24
1343	16
1344	28
1345	24
1346	24
1347	20
1348	21
1349	26
1350	36
1351	14
1352	23
1353	26
1354	25
1355	29
1356	21
1357	18
1358	23
1359	23
1360	25
1361	14
1362	26
1363	18
1364	21
1365	23
1366	28
1367	21
1368	17
1369	22
1370	21
1371	23
1372	26
1373	31
1374	27
1375	19
1376	23
1377	23
1378	26
1379	23
1380	17
1381	24
1382	28
1383	26
1384	17
1385	26
1386	18
1387	31
1388	21
1389	23
1390	23
1391	22
1392	19
1393	29
1394	19
1395	17
1396	25
1397	28
1398	27
1399	26
1400	16
1401	22
1402	28
1403	22
1404	31
1405	21
1406	20
1407	16
1408	18
1409	32
1410	28
1411	17
1412	17
1413	31
1414	24
1415	27
1416	21
1417	18
1418	28
1419	22
1420	18
1421	20
1422	28
1423	28
1424	13
1425	22
1426	22
1427	28
1428	19
1429	28
1430	24
1431	25
1432	20
1433	27
1434	21
1435	17
1436	26
1437	22
1438	18
1439	22
1440	23
1441	26
1442	30
1443	21
1444	27
1445	22
1446	22
1447	21
1448	18
1449	17
1450	36
1451	19
1452	30
1453	22
1454	23
1455	27
1456	23
1457	29
1458	22
1459	23
1460	29
1461	25
1462	21
1463	21
1464	19
1465	31
1466	22
1467	23
1468	26
1469	22
1470	23
1471	19
1472	19
1473	25
1474	20
1475	26
1476	22
1477	22
1478	22
1479	28
1480	23
1481	25
1482	22
1483	22
1484	25
1485	26
1486	30
1487	28
1488	22
1489	20
1490	17
1491	22
1492	30
1493	17
1494	19
1495	24
1496	23
1497	24
1498	24
1499	19
1500	28
1501	28
1502	31
1503	23
1504	38
1505	21
1506	30
1507	25
1508	27
1509	27
1510	24
1511	32
1512	21
1513	15
1514	31
1515	28
1516	18
1517	21
1518	23
1519	25
1520	16
1521	23
1522	26
1523	18
1524	22
1525	24
1526	18
1527	17
1528	25
1529	20
1530	22
1531	19
1532	16
1533	23
1534	28
1535	28
1536	15
1537	20
1538	19
1539	17
1540	24
1541	28
1542	26
1543	28
1544	28
1545	28
1546	17
1547	23
1548	33
1549	23
1550	19
1551	27
1552	17
1553	21
1554	12
1555	28
1556	29
1557	28
1558	25
1559	19
1560	25
1561	23
1562	14
1563	16
1564	34
1565	21
1566	19
1567	21
1568	17
1569	25
1570	25
1571	23
1572	24
1573	23
1574	21
1575	26
1576	29
1577	25
1578	22
1579	24
1580	21
1581	28
1582	17
1583	25
1584	18
1585	25
1586	18
1587	26
1588	24
1589	21
1590	22
1591	19
1592	31
1593	27
1594	24
1595	28
1596	21
1597	26
1598	19
1599	17
1600	24
1601	22
1602	24
1603	23
1604	26
1605	25
1606	28
1607	19
1608	23
1609	29
1610	23
1611	26
1612	18
1613	26
1614	23
1615	20
1616	20
1617	24
1618	18
1619	18
1620	19
1621	29
1622	20
1623	27
1624	27
1625	22
1626	23
1627	28
1628	29
1629	27
1630	27
1631	25
1632	24
1633	18
1634	26
1635	21
1636	27
1637	21
1638	28
1639	24
1640	17
1641	20
1642	18
1643	24
1644	25
1645	25
1646	28
1647	24
1648	26
1649	25
1650	26
1651	23
1652	26
1653	19
1654	36
1655	30
1656	23
1657	23
1658	19
1659	15
1660	20
1661	31
1662	31
1663	21
1664	14
1665	29
1666	29
1667	26
1668	33
1669	29
1670	20
1671	14
1672	28
1673	22
1674	20
1675	29
1676	25
1677	23
1678	29
1679	18
1680	27
1681	26
1682	23
1683	18
1684	25
1685	25
1686	28
1687	20
1688	19
1689	22
1690	19
1691	28
1692	24
1693	29
1694	22
1695	22
1696	31
1697	20
1698	24
1699	28
1700	21
1701	25
1702	22
1703	25
1704	28
1705	27
1706	18
1707	15
1708	19
1709	22
1710	30
1711	25
1712	16
1713	20
1714	23
1715	20
1716	18
1717	22
1718	26
1719	21
1720	15
1721	27
1722	26
1723	21
1724	16
1725	28
1726	29
1727	27
1728	19
1729	29
1730	22
1731	27
1732	32
1733	33
1734	14
1735	27
1736	17
1737	27
1738	31
1739	21
1740	20
1741	19
1742	24
1743	37
1744	24
1745	15
1746	22
1747	33
1748	28
1749	24
1750	23
1751	21
1752	21
1753	22
1754	21
1755	19
1756	27
1757	23
1758	21
1759	29
1760	21
1761	29
1762	18
1763	22
1764	15
1765	23
1766	16
1767	22
1768	19
1769	25
1770	19
1771	30
1772	22
1773	22
1774	21
1775	19
1776	21
1777	24
1778	26
1779	18
1780	29
1781	23
1782	22
1783	28
1784	26
1785	26
1786	24
1787	23
1788	15
1789	31
1790	19
1791	26
1792	31
1793	24
1794	15
1795	20
1796	21
1797	17
1798	21
1799	28
1800	25
1801	23
1802	19
1803	21
1804	28
1805	21
1806	28
1807	22
1808	22
1809	25
1810	30
1811	28
1812	22
1813	24
1814	23
1815	18
1816	14
1817	29
1818	22
1819	25
1820	28
1821	28
1822	31
1823	19
1824	25
1825	19
1826	16
1827	23
1828	23
1829	26
1830	25
1831	24
1832	24
1833	14
1834	22
1835	19
1836	26
1837	22
1838	26
1839	23
1840	28
1841	22
1842	29
1843	34
1844	33
1845	19
1846	22
1847	26
1848	19
1849	30
1850	34
1851	23
1852	18
1853	28
1854	26
1855	22
1856	22
1857	23
1858	26
1859	29
1860	26
1861	15
1862	34
1863	31
1864	17
1865	29
1866	16
1867	23
1868	24
1869	20
1870	23
1871	25
1872	23
1873	21
1874	21
1875	22
1876	18
1877	24
1878	23
1879	28
1880	33
1881	23
1882	18
1883	27
1884	22
1885	18
1886	22
1887	15
1888	21
1889	23
1890	26
1891	32
1892	27
1893	23
1894	21
1895	21
1896	20
1897	26
1898	24
1899	25
1900	31
1901	19
1902	20
1903	20
1904	25
1905	29
1906	23
1907	28
1908	29
1909	31
1910	28
1911	25
1912	14
1913	31
1914	18
1915	29
1916	22
1917	25
1918	15
1919	19
1920	22
1921	18
1922	27
1923	23
1924	22
1925	20
1926	30
1927	19
1928	27
1929	26
1930	29
1931	18
1932	19
1933	29
1934	26
1935	19
1936	28
1937	23
1938	27
1939	28
1940	27
1941	26
1942	25
1943	19
1944	38
1945	30
1946	33
1947	29
1948	25
1949	23
1950	24
1951	29
1952	23
1953	26
1954	22
1955	16
1956	28
1957	22
1958	24
1959	29
1960	26
1961	25
1962	36
1963	34
1964	28
1965	27
1966	37
1967	28
1968	23
1969	32
1970	21
1971	30
1972	27
1973	31
1974	33
1975	23
1976	24
1977	22
1978	17
1979	32
1980	20
1981	28
1982	23
1983	31
1984	24
1985	16
1986	34
1987	22
1988	30
1989	25
1990	26
1991	35
1992	28
1993	30
1994	26
1995	22
1996	31
1997	27
1998	27
1999	23
2000	37
2001	32
2002	25
2003	29
2004	33
2005	20
2006	26
2007	32
2008	24
2009	30
2010	30
2011	18
2012	22
2013	26
2014	27
2015	35
2016	27
2017	29
2018	37
2019	33
2020	36
2021	31
2022	25
2023	31
2024	28
2025	23
2026	34
2027	42
2028	25
2029	38
2030	37
2031	32
2032	39
2033	35
2034	43
2035	30
2036	37
2037	36
2038	30
2039	35
2040	31
2041	33
2042	37
2043	27
2044	37
2045	32
2046	47
2047	37
2048	36
2049	35
2050	31
2051	35
2052	30
2053	30
2054	37
2055	40
2056	44
2057	31
2058	35
2059	48
2060	37
2061	43
2062	35
2063	43
2064	37
2065	38
2066	33
2067	42
2068	42
2069	59
2070	43
2071	33
2072	43
2073	36
2074	38
2075	51
2076	41
2077	34
2078	45
2079	47
2080	37
2081	41
2082	41
2083	37
2084	47
2085	50
2086	48
2087	43
2088	38
2089	43
2090	45
2091	48
2092	52
2093	52
2094	44
2095	41
2096	39
2097	25
2098	38
2099	43
2100	48
2101	37
2102	55
2103	59
2104	61
2105	53
2106	58
2107	39
2108	41
2109	46
2110	56
2111	56
2112	45
2113	62
2114	56
2115	42
2116	41
2117	47
2118	62
2119	51
2120	58
2121	62
2122	45
2123	53
2124	55
2125	63
2126	36
2127	50
2128	53
2129	52
2130	58
2131	54
2132	58
2133	61
2134	57
2135	62
2136	56
2137	52
2138	48
2139	59
2140	72
2141	41
2142	63
2143	48
2144	61
2145	53
2146	54
2147	52
2148	47
2149	54
2150	54
2151	58
2152	52
2153	51
2154	51
2155	55
2156	56
2157	50
2158	52
2159	52
2160	50
2161	66
2162	48
2163	62
2164	66
2165	57
2166	55
2167	66
2168	65
2169	65
2170	57
2171	67
2172	53
2173	56
2174	54
2175	53
2176	47
2177	60
2178	50
2179	59
2180	43
2181	59
2182	59
2183	61
2184	58
2185	51
2186	56
2187	55
2188	55
2189	43
2190	46
2191	64
2192	60
2193	43
2194	55
2195	52
2196	44
2197	58
2198	52
2199	51
2200	42
2201	58
2202	47
2203	41
2204	54
2205	37
2206	43
2207	57
2208	44
2209	57
2210	42
2211	48
2212	56
2213	44
2214	49
2215	57
2216	42
2217	44
2218	53
2219	54
2220	40
2221	51
2222	49
2223	38
2224	49
2225	53
2226	67
2227	40
2228	51
2229	47
2230	40
2231	43
2232	46
2233	48
2234	40
2235	39
2236	32
2237	54
2238	35
2239	45
2240	41
2241	34
2242	52
2243	47
2244	36
2245	55
2246	49
2247	46
2248	41
2249	39
2250	52
2251	41
2252	39
2253	44
2254	39
2255	46
2256	43
2257	46
2258	37
2259	45
2260	39
2261	44
2262	28
2263	38
2264	49
2265	45
2266	41
2267	36
2268	52
2269	44
2270	39
2271	48
2272	39
2273	32
2274	39
2275	36
2276	39
2277	33
2278	30
2279	44
2280	33
2281	26
2282	41
2283	34
2284	31
2285	30
2286	23
2287	33
2288	40
2289	36
2290	38
2291	37
2292	27
2293	24
2294	41
2295	33
2296	32
2297	26
2298	46
2299	33
2300	34
2301	32
2302	36
2303	43
2304	43
2305	32
2306	35
2307	41
2308	35
2309	32
2310	26
2311	35
2312	43
2313	35
2314	29
2315	28
2316	38
2317	40
2318	48
2319	35
2320	28
2321	32
2322	26
2323	33
2324	33
2325	36
2326	22
2327	29
2328	28
2329	41
2330	26
2331	36
2332	34
2333	25
2334	29
2335	37
2336	28
2337	31
2338	37
2339	31
2340	28
2341	33
2342	28
2343	32
2344	26
2345	25
2346	32
2347	40
2348	34
2349	28
2350	26
2351	36
2352	46
2353	30
2354	31
2355	27
2356	32
2357	29
2358	24
2359	23
2360	26
2361	31
2362	23
2363	39
2364	35
2365	32
2366	35
2367	28
2368	31
2369	38
2370	31
2371	39
2372	31
2373	23
2374	26
2375	30
2376	27
2377	28
2378	33
2379	40
2380	29
2381	32
2382	36
2383	43
2384	25
2385	28
2386	26
2387	42
2388	31
2389	35
2390	25
2391	32
2392	29
2393	32
2394	28
2395	36
2396	26
2397	40
2398	38
2399	26
2400	29
2401	36
2402	33
2403	32
2404	27
2405	28
2406	32
2407	29
2408	34
2409	28
2410	34
2411	22
2412	31
2413	32
2414	38
2415	37
2416	31
2417	28
2418	28
2419	29
2420	20
2421	35
2422	34
2423	25
2424	28
2425	32
2426	30
2427	32
2428	31
2429	36
2430	34
2431	28
2432	40
2433	32
2434	34
2435	30
2436	34
2437	36
2438	32
2439	35
2440	17
2441	43
2442	43
2443	38
2444	34
2445	34
2446	36
2447	33
2448	39
2449	37
2450	33
2451	22
2452	30
2453	39
2454	42
2455	34
2456	36
2457	50
2458	43
2459	31
2460	24
2461	35
2462	26
2463	42
2464	32
2465	34
2466	21
2467	38
2468	25
2469	33
2470	33
2471	32
2472	35
2473	37
2474	38
2475	32
2476	33
2477	39
2478	38
2479	36
2480	38
2481	37
2482	35
2483	36
2484	27
2485	29
2486	31
2487	45
2488	33
2489	33
2490	42
2491	33
2492	34
2493	36
2494	47
2495	32
2496	29
2497	30
2498	35
2499	36
2500	51
2501	42
2502	44
2503	35
2504	42
2505	39
2506	33
2507	46
2508	43
2509	38
2510	36
2511	38
2512	33
2513	38
2514	41
2515	37
2516	39
2517	37
2518	26
2519	47
2520	36
2521	32
2522	40
2523	43
2524	46
2525	41
2526	34
2527	32
2528	35
2529	48
2530	44
2531	48
2532	37
2533	39
2534	41
2535	39
2536	34
2537	53
2538	40
2539	40
2540	58
2541	44
2542	47
2543	44
2544	38
2545	38
2546	54
2547	41
2548	50
2549	31
2550	40
2551	38
2552	48
2553	54
2554	32
2555	41
2556	53
2557	49
2558	51
2559	40
2560	39
2561	39
2562	39
2563	51
2564	55
2565	53
2566	56
2567	45
2568	48
2569	45
2570	60
2571	41
2572	45
2573	55
2574	45
2575	55
2576	62
2577	36
2578	51
2579	44
2580	45
2581	46
2582	47
2583	46
2584	57
2585	50
2586	64
2587	58
2588	53
2589	53
2590	49
2591	70
2592	55
2593	69
2594	70
2595	58
2596	55
2597	47
2598	46
2599	55
2600	60
2601	60
2602	63
2603	51
2604	70
2605	63
2606	59
2607	62
2608	54
2609	68
2610	58
2611	62
2612	56
2613	51
2614	56
2615	77
2616	64
2617	68
2618	70
2619	56
2620	68
2621	69
2622	66
2623	53
2624	76
2625	76
2626	82
2627	62
2628	82
2629	57
2630	82
2631	62
2632	82
2633	72
2634	74
2635	73
2636	80
2637	54
2638	82
2639	87
2640	72
2641	98
2642	73
2643	93
2644	96
2645	68
2646	71
2647	68
2648	64
2649	78
2650	75
2651	76
2652	91
2653	87
2654	83
2655	69
2656	91
2657	85
2658	93
2659	73
2660	95
2661	91
2662	91
2663	99
2664	95
2665	84
2666	105
2667	82
2668	93
2669	67
2670	85
2671	92
2672	104
2673	92
2674	107
2675	81
2676	93
2677	94
2678	118
2679	86
2680	100
2681	108
2682	98
2683	106
2684	106
2685	100
2686	98
2687	98
2688	119
2689	120
2690	92
2691	93
2692	103
2693	108
2694	89
2695	99
2696	91
2697	111
2698	111
2699	115
2700	88
2701	121
2702	94
2703	107
2704	111
2705	103
2706	111
2707	132
2708	99
2709	122
2710	111
2711	112
2712	123
2713	114
2714	114
2715	109
2716	98
2717	125
2718	117
2719	114
2720	115
2721	117
2722	135
2723	127
2724	109
2725	133
2726	116
2727	115
2728	106
2729	133
2730	120
2731	118
2732	129
2733	117
2734	108
2735	123
2736	128
2737	133
2738	127
2739	134
2740	132
2741	145
2742	143
2743	128
2744	153
2745	134
2746	123
2747	123
2748	152
2749	118
2750	146
2751	148
2752	149
2753	128
2754	111
2755	137
2756	133
2757	137
2758	137
2759	136
2760	158
2761	162
2762	135
2763	155
2764	149
2765	146
2766	172
2767	158
2768	150
2769	156
2770	157
2771	179
2772	168
2773	179
2774	165
2775	175
2776	191
2777	174
2778	185
2779	167
2780	183
2781	181
2782	210
2783	187
2784	214
2785	195
2786	194
2787	189
2788	215
2789	204
2790	215
2791	216
2792	205
2793	242
2794	252
2795	249
2796	233
2797	239
2798	222
2799	266
2800	260
2801	230
2802	317
2803	260
2804	270
2805	281
2806	276
2807	287
2808	307
2809	315
2810	321
2811	309
2812	327
2813	372
2814	362
2815	354
2816	381
2817	366
2818	398
2819	377
2820	406
2821	397
2822	399
2823	433
2824	412
2825	459
2826	483
2827	432
2828	460
2829	498
2830	520
2831	503
2832	538
2833	581
2834	583
2835	597
2836	609
2837	568
2838	640
2839	605
2840	656
2841	674
2842	754
2843	728
2844	746
2845	775
2846	781
2847	846
2848	828
2849	897
2850	857
2851	863
2852	900
2853	906
2854	968
2855	913
2856	976
2857	989
2858	1055
2859	997
2860	1032
2861	1056
2862	1146
2863	1177
2864	1212
2865	1257
2866	1265
2867	1328
2868	1313
2869	1340
2870	1343
2871	1450
2872	1460
2873	1532
2874	1449
2875	1532
2876	1611
2877	1637
2878	1728
2879	1696
2880	1755
2881	1795
2882	1832
2883	1820
2884	1943
2885	1878
2886	1939
2887	2053
2888	2086
2889	2146
2890	2230
2891	2158
2892	2298
2893	2302
2894	2379
2895	2347
2896	2478
2897	2462
2898	2584
2899	2576
2900	2645
2901	2741
2902	2825
2903	2748
2904	2779
2905	2913
2906	2945
2907	3119
2908	3096
2909	3133
2910	3198
2911	3231
2912	3177
2913	3387
2914	3480
2915	3490
2916	3529
2917	3510
2918	3536
2919	3887
2920	3775
2921	3856
2922	3880
2923	4039
2924	4001
2925	4072
2926	4153
2927	4260
2928	4362
2929	4354
2930	4480
2931	4550
2932	4612
2933	4604
2934	4696
2935	4783
2936	4787
2937	4854
2938	5066
2939	5166
2940	5196
2941	5174
2942	5281
2943	5287
2944	5382
2945	5469
2946	5381
2947	5600
2948	5512
2949	5753
2950	5776
2951	5839
2952	5820
2953	5905
2954	5925
2955	6097
2956	6136
2957	6186
2958	6121
2959	6485
2960	6456
2961	6560
2962	6367
2963	6467
2964	6575
2965	6614
2966	6642
2967	6764
2968	6850
2969	6713
2970	6899
2971	7009
2972	7022
2973	7059
2974	7195
2975	7297
2976	7211
2977	7172
2978	7300
2979	7293
2980	7375
2981	7563
2982	7534
2983	7454
2984	7696
2985	7524
2986	7818
2987	7738
2988	7876
2989	7818
2990	7835
2991	7702
2992	7903
2993	7823
2994	7803
2995	7996
2996	7927
2997	8077
2998	7898
2999	7981
3000	7993
3001	8200
3002	8023
3003	7984
3004	8155
3005	8088
3006	8255
3007	8085
3008	8159
3009	8138
3010	8172
3011	8132
3012	8233
3013	8139
3014	8086
3015	8148
3016	8124
3017	8055
3018	8272
3019	8171
3020	8219
3021	8204
3022	8282
3023	8074
3024	7934
3025	8032
3026	8031
3027	8040
3028	7978
3029	8091
3030	8038
3031	7901
3032	8083
3033	7776
3034	7857
3035	7748
3036	7699
3037	7691
3038	7765
3039	7793
3040	7753
3041	7587
3042	7587
3043	7492
3044	7494
3045	7343
3046	7292
3047	7366
3048	7374
3049	7349
3050	7320
3051	7117
3052	7084
3053	7065
3054	6961
3055	6848
3056	7034
3057	6982
3058	6859
3059	6757
3060	6559
3061	6635
3062	6498
3063	6364
3064	6301
3065	6418
3066	6310
3067	6232
3068	6218
3069	6148
3070	6091
3071	5983
3072	6089
3073	6024
3074	5782
3075	5670
3076	5852
3077	5586
3078	5487
3079	5456
3080	5404
3081	5436
3082	5266
3083	5346
3084	5143
3085	5190
3086	5014
3087	4994
3088	4846
3089	4763
3090	4916
3091	4776
3092	4630
3093	4628
3094	4648
3095	4483
3096	4384
3097	4283
3098	4160
3099	4259
3100	4262
3101	4087
3102	3942
3103	3877
3104	3782
3105	3866
3106	3643
3107	3619
3108	3583
3109	3485
3110	3627
3111	3403
3112	3448
3113	3367
3114	3265
3115	3198
3116	3232
3117	3088
3118	3119
3119	2984
3120	2927
3121	2853
3122	2909
3123	2830
3124	2698
3125	2698
3126	2746
3127	2606
3128	2633
3129	2467
3130	2480
3131	2455
3132	2416
3133	2213
3134	2248
3135	2253
3136	2234
3137	2044
3138	2103
3139	2081
3140	2031
3141	1939
3142	1980
3143	1873
3144	1819
3145	1761
3146	1727
3147	1693
3148	1675
3149	1698
3150	1614
3151	1576
3152	1599
3153	1575
3154	1574
3155	1463
3156	1393
3157	1463
3158	1405
3159	1434
3160	1427
3161	1353
3162	1307
3163	1321
3164	1277
3165	1271
3166	1283
3167	1192
3168	1163
3169	1226
3170	1123
3171	1123
3172	1125
3173	1131
3174	1011
3175	1075
3176	1047
3177	1056
3178	987
3179	1039
3180	996
3181	998
3182	944
3183	965
3184	888
3185	917
3186	966
3187	896
3188	863
3189	909
3190	863
3191	880
3192	897
3193	857
3194	882
3195	881
3196	838
3197	864
3198	883
3199	897
3200	875
3201	852
3202	798
3203	871
3204	831
3205	833
3206	854
3207	874
3208	766
3209	852
3210	865
3211	866
3212	865
3213	816
3214	831
3215	828
3216	854
3217	824
3218	849
3219	837
3220	843
3221	820
3222	881
3223	822
3224	840
3225	860
3226	896
3227	844
3228	873
3229	881
3230	888
3231	955
3232	851
3233	992
3234	904
3235	923
3236	942
3237	944
3238	953
3239	884
3240	921
3241	1009
3242	949
3243	1022
3244	980
3245	1023
3246	1047
3247	932
3248	990
3249	1006
3250	1004
3251	1014
3252	1031
3253	1065
3254	1022
3255	1053
3256	1071
3257	1079
3258	1008
3259	1094
3260	1048
3261	1139
3262	1092
3263	1059
3264	1165
3265	1145
3266	1090
3267	1088
3268	1136
3269	1145
3270	1150
3271	1167
3272	1166
3273	1173
3274	1116
3275	1142
3276	1223
3277	1234
3278	1213
3279	1165
3280	1154
3281	1168
3282	1267
3283	1180
3284	1221
3285	1202
3286	1228
3287	1162
3288	1199
3289	1201
3290	1169
3291	1221
3292	1251
3293	1239
3294	1178
3295	1234
3296	1311
3297	1186
3298	1272
3299	1187
3300	1138
3301	1237
3302	1261
3303	1195
3304	1210
3305	1209
3306	1237
3307	1182
3308	1217
3309	1254
3310	1230
3311	1261
3312	1235
3313	1176
3314	1215
3315	1207
3316	1234
3317	1193
3318	1198
3319	1232
3320	1203
3321	1166
3322	1175
3323	1205
3324	1123
3325	1180
3326	1146
3327	1195
3328	1179
3329	1133
3330	1167
3331	1198
3332	1080
3333	1119
3334	1145
3335	1131
3336	1134
3337	1096
3338	1112
3339	1073
3340	1085
3341	1091
3342	977
3343	1118
3344	1051
3345	1113
3346	999
3347	1063
3348	1030
3349	961
3350	997
3351	959
3352	995
3353	987
3354	970
3355	967
3356	891
3357	938
3358	881
3359	905
3360	908
3361	932
3362	891
3363	888
3364	878
3365	857
3366	867
3367	819
3368	813
3369	748
3370	842
3371	822
3372	832
3373	791
3374	751
3375	756
3376	755
3377	764
3378	728
3379	729
3380	730
3381	720
3382	685
3383	630
3384	684
3385	709
3386	633
3387	648
3388	628
3389	661
3390	608
3391	637
3392	584
3393	550
3394	591
3395	617
3396	552
3397	509
3398	548
3399	543
3400	531
3401	505
3402	490
3403	478
3404	528
3405	486
3406	500
3407	475
3408	455
3409	483
3410	455
3411	474
3412	412
3413	409
3414	406
3415	399
3416	396
3417	385
3418	388
3419	379
3420	346
3421	380
3422	340
3423	333
3424	331
3425	299
3426	294
3427	305
3428	285
3429	279
3430	275
3431	281
3432	283
3433	271
3434	277
3435	264
3436	266
3437	238
3438	231
3439	246
3440	239
3441	208
3442	215
3443	205
3444	203
3445	230
3446	207
3447	179
3448	193
3449	194
3450	150
3451	166
3452	154
3453	153
3454	153
3455	175
3456	142
3457	127
3458	142
3459	130
3460	141
3461	134
3462	110
3463	126
3464	135
3465	121
3466	118
3467	120
3468	108
3469	102
3470	104
3471	82
3472	98
3473	92
3474	97
3475	72
3476	93
3477	88
3478	77
3479	73
3480	69
3481	86
3482	75
3483	70
3484	68
3485	75
3486	67
3487	49
3488	55
3489	46
3490	51
3491	58
3492	55
3493	46
3494	53
3495	54
3496	50
3497	39
3498	43
3499	49
3500	29
3501	35
3502	39
3503	34
3504	36
3505	34
3506	28
3507	29
3508	32
3509	25
3510	15
3511	18
3512	32
3513	30
3514	15
3515	27
3516	30
3517	33
3518	14
3519	25
3520	22
3521	20
3522	24
3523	19
3524	14
3525	23
3526	20
3527	20
3528	11
3529	11
3530	13
3531	18
3532	13
3533	14
3534	14
3535	14
3536	7
3537	13
3538	10
3539	9
3540	17
3541	6
3542	11
3543	10
3544	8
3545	10
3546	4
3547	13
3548	7
3549	9
3550	11
3551	8
3552	7
3553	5
3554	3
3555	4
3556	5
3557	3
3558	6
3559	4
3560	7
3561	5
3562	3
3563	5
3564	5
3565	6
3566	7
3567	3
3568	4
3569	4
3570	5
3571	1
3572	4
3573	7
3574	3
3575	4
3576	4
3577	4
3578	6
3579	3
3580	2
3581	1
3582	3
3583	0
3584	1
3585	7
3586	2
3587	1
3588	2
3589	2
3590	5
3591	0
3592	4
3593	1
3594	1
3595	1
3596	4
3597	5
3598	4
3599	2
3600	0
3601	2
3602	1
3603	1
3604	0
3605	3
3606	3
3607	0
3608	1
3609	1
3610	1
3611	1
3612	4
3613	0
3614	0
3615	1
3616	1
3617	1
3618	1
3619	1
3620	0
3621	3
3622	0
3623	1
3624	1
3625	1
3626	0
3627	3
3628	2
3629	0
3630	3
3631	0
3632	3
3633	0
3634	0
3635	1
3636	2
3637	0
3638	0
3639	1
3640	1
3641	0
3642	0
3643	2
3644	0
3645	0
3646	0
3647	0
3648	1
3649	0
3650	1
3651	1
3652	2
3653	2
3654	1
3655	0
3656	2
3657	1
3658	3
3659	1
3660	0
3661	3
3662	0
3663	1
3664	0
3665	0
3666	0
3667	1
3668	1
3669	2
3670	1
3671	0
3672	1
3673	2
3674	1
3675	1
3676	1
3677	0
3678	1
3679	2
3680	0
3681	2
3682	2
3683	1
3684	1
3685	1
3686	0
3687	0
3688	1
3689	1
3690	2
3691	1
3692	0
3693	0
3694	3
3695	2
3696	0
3697	0
3698	0
3699	1
3700	2
3701	1
3702	1
3703	1
3704	2
3705	0
3706	1
3707	0
3708	2
3709	0
3710	0
3711	2
3712	1
3713	1
3714	1
3715	0
3716	0
3717	2
3718	0
3719	1
3720	0
3721	0
3722	0
3723	0
3724	1
3725	0
3726	0
3727	1
3728	1
3729	1
3730	0
3731	0
3732	0
3733	1
3734	2
3735	0
3736	2
3737	0
3738	1
3739	2
3740	0
3741	1
3742	0
3743	0
3744	0
3745	0
3746	0
3747	0
3748	0
3749	1
3750	1
3751	0
3752	0
3753	0
3754	1
3755	1
3756	1
3757	0
3758	0
3759	1
3760	0
3761	1
3762	2
3763	2
3764	2
3765	3
3766	1
3767	0
3768	2
3769	0
3770	1
3771	0
3772	2
3773	0
3774	0
3775	0
3776	0
3777	1
3778	1
3779	2
3780	1
3781	1
3782	0
3783	0
3784	0
3785	1
3786	2
3787	1
3788	0
3789	1
3790	2
3791	0
3792	0
3793	2
3794	1
3795	0
3796	0
3797	0
3798	0
3799	1
3800	0
3801	2
3802	0
3803	0
3804	0
3805	0
3806	1
3807	0
3808	0
3809	0
3810	0
3811	0
3812	1
3813	1
3814	0
3815	0
3816	1
3817	1
3818	0
3819	2
3820	2
3821	1
3822	0
3823	0
3824	0
3825	0
3826	1
3827	0
3828	0
3829	0
3830	0
3831	2
3832	1
3833	0
3834	1
3835	0
3836	0
3837	1
3838	0
3839	0
3840	0
3841	0
3842	0
3843	1
3844	1
3845	0
3846	0
3847	1
3848	0
3849	1
3850	1
3851	1
3852	0
3853	0
3854	0
3855	1
3856	0
3857	0
3858	0
3859	0
3860	0
3861	1
3862	0
3863	2
3864	3
3865	0
3866	2
3867	2
3868	0
3869	2
3870	0
3871	0
3872	1
3873	0
3874	0
3875	0
3876	2
3877	0
3878	1
3879	0
3880	0
3881	0
3882	0
3883	2
3884	1
3885	0
3886	0
3887	0
3888	1
3889	0
3890	1
3891	2
3892	1
3893	1
3894	0
3895	0
3896	1
3897	1
3898	1
3899	1
3900	2
3901	0
3902	1
3903	0
3904	0
3905	1
3906	0
3907	0
3908	0
3909	0
3910	0
3911	0
3912	2
3913	2
3914	1
3915	1
3916	0
3917	0
3918	0
3919	2
3920	0
3921	0
3922	0
3923	0
3924	1
3925	0
3926	1
3927	0
3928	0
3929	1
3930	0
3931	1
3932	0
3933	3
3934	0
3935	0
3936	0
3937	1
3938	1
3939	1
3940	0
3941	0
3942	0
3943	0
3944	0
3945	0
3946	1
3947	1
3948	0
3949	2
3950	1
3951	0
3952	0
3953	1
3954	0
3955	1
3956	1
3957	0
3958	1
3959	0
3960	1
3961	1
3962	0
3963	0
3964	1
3965	0
3966	2
3967	1
3968	0
3969	0
3970	0
3971	0
3972	1
3973	0
3974	0
3975	1
3976	1
3977	1
3978	0
3979	0
3980	0
3981	0
3982	0
3983	2
3984	0
3985	1
3986	1
3987	0
3988	0
3989	0
3990	0
3991	0
3992	0
3993	0
3994	1
3995	0
3996	1
3997	1
3998	0
3999	1
4000	0
4001	1
4002	2
4003	0
4004	1
4005	0
4006	0
4007	0
4008	2
4009	0
4010	0
4011	0
4012	0
4013	1
4014	0
4015	1
4016	1
4017	0
4018	1
4019	2
4020	0
4021	1
4022	1
4023	0
4024	1
4025	0
4026	0
4027	0
4028	0
4029	2
4030	1
4031	0
4032	0
4033	2
4034	1
4035	0
4036	0
4037	0
4038	1
4039	1
4040	0
4041	0
4042	0
4043	0
4044	0
4045	0
4046	0
4047	0
4048	0
4049	0
4050	0
4051	0
4052	1
4053	0
4054	1
4055	0
4056	1
4057	0
4058	0
4059	0
4060	0
4061	1
4062	0
4063	0
4064	2
4065	1
4066	0
4067	0
4068	0
4069	0
4070	0
4071	1
4072	0
4073	0
4074	2
4075	0
4076	2
4077	0
4078	0
4079	1
4080	0
4081	3
4082	0
4083	0
4084	0
4085	2
4086	0
4087	1
4088	0
4089	0
4090	0
4091	1
4092	1
4093	0
4094	0
4095	0
4096	0
4097	1
4098	2
4099	0
4100	1
4101	0
4102	0
4103	1
4104	1
4105	0
4106	1
4107	0
4108	0
4109	2
4110	0
4111	0
4112	1
4113	0
4114	0
4115	0
4116	1
4117	0
4118	0
4119	0
4120	0
4121	1
4122	0
4123	0
4124	0
4125	0
4126	0
4127	0
4128	0
4129	0
4130	0
4131	0
4132	0
4133	0
4134	0
4135	0
4136	1
4137	0
4138	1
4139	0
4140	1
4141	1
4142	0
4143	0
4144	1
4145	0
4146	0
4147	0
4148	1
4149	0
4150	0
4151	0
4152	0
4153	0
4154	1
4155	0
4156	0
4157	0
4158	0
4159	0
4160	0
4161	1
4162	0
4163	0
4164	1
4165	0
4166	1
4167	1
4168	1
4169	0
4170	0
4171	1
4172	0
4173	0
4174	1
4175	0
4176	1
4177	1
4178	0
4179	2
4180	1
4181	1
4182	0
4183	0
4184	0
4185	1
4186	0
4187	0
4188	1
4189	0
4190	0
4191	0
4192	2
4193	0
4194	1
4195	0
4196	0
4197	0
4198	0
4199	0
4200	0
4201	0
4202	0
4203	0
4204	0
4205	0
4206	1
4207	0
4208	0
4209	0
4210	1
4211	0
4212	0
4213	0
4214	0
4215	0
4216	1
4217	0
4218	0
4219	0
4220	0
4221	0
4222	0
4223	0
4224	1
4225	0
4226	0
4227	0
4228	0
4229	0
4230	1
4231	1
4232	0
4233	0
4234	0
4235	0
4236	0
4237	0
4238	0
4239	0
4240	0
4241	0
4242	1
4243	1
4244	0
4245	0
4246	0
4247	0
4248	0
4249	0
4250	0
4251	0
4252	0
4253	0
4254	0
4255	0
4256	0
4257	2
4258	0
4259	1
4260	1
4261	0
4262	0
4263	0
4264	0
4265	0
4266	0
4267	0
4268	0
4269	0
4270	1
4271	0
4272	0
4273	0
4274	0
4275	0
4276	0
4277	0
4278	0
4279	1
4280	0
4281	0
4282	1
4283	1
4284	0
4285	0
4286	0
4287	0
4288	0
4289	0
4290	0
4291	0
4292	0
4293	0
4294	0
4295	1
4296	0
4297	1
4298	0
4299	0
4300	1
4301	0
4302	0
4303	0
4304	0
4305	0
4306	0
4307	0
4308	0
4309	0
4310	1
4311	0
4312	1
4313	0
4314	0
4315	0
4316	0
4317	0
4318	2
4319	0
4320	0
4321	0
4322	1
4323	0
4324	0
4325	0
4326	0
4327	0
4328	0
4329	0
4330	0
4331	0
4332	0
4333	0
4334	0
4335	0
4336	0
4337	1
4338	0
4339	0
4340	1
4341	2
4342	0
4343	0
4344	0
4345	0
4346	0
4347	1
4348	0
4349	0
4350	0
4351	1
4352	0
4353	0
4354	0
4355	1
4356	0
4357	0
4358	0
4359	0
4360	0
4361	0
4362	0
4363	0
4364	0
4365	0
4366	0
4367	0
4368	0
4369	1
4370	0
4371	0
4372	0
4373	0
4374	0
4375	1
4376	0
4377	1
4378	1
4379	0
4380	0
4381	0
4382	1
4383	1
4384	0
4385	0
4386	0
4387	1
4388	0
4389	0
4390	0
4391	1
4392	0
4393	1
4394	0
4395	1
4396	0
4397	1
4398	0
4399	0
4400	0
4401	0
4402	0
4403	0
4404	0
4405	0
4406	0
4407	1
4408	0
4409	0
4410	0
4411	0
4412	0
4413	0
4414	0
4415	0
4416	0
4417	0
4418	2
4419	0
4420	1
4421	0
4422	0
4423	1
4424	0
4425	0
4426	0
4427	0
4428	0
4429	0
4430	0
4431	0
4432	1
4433	0
4434	1
4435	1
4436	0
4437	1
4438	0
4439	1
4440	2
4441	0
4442	0
4443	0
4444	1
4445	0
4446	0
4447	0
4448	1
4449	0
4450	0
4451	0
4452	0
4453	0
4454	0
4455	0
4456	0
4457	1
4458	0
4459	0
4460	2
4461	0
4462	0
4463	0
4464	0
4465	0
4466	0
4467	0
4468	0
4469	0
4470	1
4471	0
4472	0
4473	0
4474	0
4475	1
4476	1
4477	0
4478	1
4479	1
4480	2
4481	0
4482	0
4483	1
4484	0
4485	1
4486	0
4487	0
4488	0
4489	1
4490	0
4491	1
4492	0
4493	0
4494	1
4495	0
4496	0
4497	1
4498	0
4499	0
4500	0
4501	1
4502	0
4503	0
4504	0
4505	1
4506	0
4507	0
4508	0
4509	0
4510	0
4511	1
4512	0
4513	1
4514	0
4515	0
4516	0
4517	0
4518	1
4519	0
4520	0
4521	0
4522	0
4523	0
4524	0
4525	0
4526	0
4527	0
4528	0
4529	1
4530	0
4531	0
4532	0
4533	0
4534	0
4535	0
4536	0
4537	0
4538	0
4539	0
4540	0
4541	0
4542	0
4543	0
4544	2
4545	0
4546	0
4547	0
4548	0
4549	1
4550	0
4551	0
4552	0
4553	0
4554	0
4555	1
4556	1
4557	0
4558	0
4559	0
4560	0
4561	1
4562	0
4563	0
4564	0
4565	1
4566	0
4567	0
4568	1
4569	0
4570	0
4571	0
4572	1
4573	1
4574	0
4575	1
4576	0
4577	0
4578	0
4579	0
4580	0
4581	0
4582	0
4583	0
4584	0
4585	2
4586	1
4587	0
4588	0
4589	0
4590	0
4591	0
4592	0
4593	0
4594	0
4595	0
4596	0
4597	0
4598	0
4599	0
4600	0
4601	0
4602	0
4603	0
4604	0
4605	0
4606	0
4607	2
4608	0
4609	0
4610	0
4611	0
4612	0
4613	0
4614	0
4615	0
4616	0
4617	0
4618	0
4619	0
4620	1
4621	0
4622	0
4623	0
4624	1
4625	0
4626	0
4627	0
4628	0
4629	0
4630	0
4631	1
4632	0
4633	1
4634	0
4635	0
4636	0
4637	0
4638	0
4639	0
4640	0
4641	1
4642	0
4643	1
4644	0
4645	0
4646	0
4647	0
4648	0
4649	0
4650	0
4651	0
4652	0
4653	0
4654	0
4655	0
4656	0
4657	1
4658	1
4659	0
4660	0
4661	0
4662	0
4663	1
4664	0
4665	0
4666	0
4667	0
4668	1
4669	1
4670	0
4671	0
4672	0
4673	0
4674	1
4675	0
4676	1
4677	0
4678	0
4679	0
4680	0
4681	0
4682	1
4683	0
4684	1
4685	0
4686	1
4687	0
4688	0
4689	0
4690	0
4691	1
4692	0
4693	0
4694	0
4695	0
4696	0
4697	0
4698	0
4699	0
4700	0
4701	0
4702	0
4703	1
4704	0
4705	0
4706	0
4707	0
4708	0
4709	0
4710	0
4711	0
4712	0
4713	0
4714	0
4715	0
4716	0
4717	0
4718	0
4719	0
4720	0
4721	0
4722	0
4723	0
4724	0
4725	1
4726	0
4727	0
4728	1
4729	0
4730	0
4731	0
4732	1
4733	0
4734	0
4735	0
4736	0
4737	0
4738	0
4739	0
4740	0
4741	0
4742	0
4743	0
4744	0
4745	0
4746	0
4747	1
4748	0
4749	0
4750	1
4751	0
4752	0
4753	0
4754	0
4755	0
4756	0
4757	0
4758	0
4759	0
4760	0
4761	0
4762	0
4763	0
4764	0
4765	0
4766	0
4767	0
4768	0
4769	0
4770	0
4771	0
4772	0
4773	0
4774	1
4775	0
4776	0
4777	0
4778	0
4779	0
4780	0
4781	0
4782	0
4783	1
4784	0
4785	0
4786	1
4787	1
4788	0
4789	0
4790	0
4791	0
4792	1
4793	0
4794	0
4795	0
4796	0
4797	0
4798	0
4799	1
4800	0
4801	1
4802	0
4803	0
4804	0
4805	0
4806	0
4807	0
4808	0
4809	0
4810	0
4811	0
4812	0
4813	1
4814	0
4815	0
4816	0
4817	0
4818	0
4819	0
4820	0
4821	0
4822	0
4823	0
4824	1
4825	0
4826	0
4827	0
4828	0
4829	0
4830	0
4831	0
4832	0
4833	0
4834	0
4835	0
4836	1
4837	0
4838	0
4839	0
4840	0
4841	0
4842	0
4843	0
4844	0
4845	0
4846	0
4847	0
4848	0
4849	0
4850	0
4851	0
4852	1
4853	1
4854	0
4855	0
4856	0
4857	0
4858	2
4859	0
4860	0
4861	0
4862	1
4863	0
4864	0
4865	0
4866	0
4867	0
4868	0
4869	0
4870	0
4871	0
4872	0
4873	0
4874	0
4875	0
4876	0
4877	1
4878	1
4879	0
4880	0
4881	0
4882	1
4883	0
4884	1
4885	0
4886	0
4887	0
4888	0
4889	0
4890	0
4891	0
4892	0
4893	0
4894	0
4895	0
4896	0
4897	0
4898	0
4899	1
4900	0
4901	0
4902	0
4903	1
4904	0
4905	0
4906	0
4907	0
4908	0
4909	0
4910	0
4911	0
4912	0
4913	0
4914	0
4915	0
4916	0
4917	1
4918	0
4919	0
4920	0
4921	0
4922	0
4923	0
4924	0
4925	0
4926	0
4927	0
4928	0
4929	0
4930	0
4931	0
4932	1
4933	0
4934	0
4935	0
4936	0
4937	0
4938	0
4939	0
4940	0
4941	0
4942	0
4943	1
4944	0
4945	0
4946	0
4947	1
4948	0
4949	0
4950	0
4951	0
4952	0
4953	0
4954	0
4955	0
4956	1
4957	0
4958	1
4959	0
4960	0
4961	0
4962	0
4963	0
4964	0
4965	0
4966	1
4967	0
4968	1
4969	0
4970	0
4971	0
4972	1
4973	0
4974	1
4975	0
4976	0
4977	0
4978	0
4979	0
4980	0
4981	0
4982	0
4983	0
4984	1
4985	0
4986	0
4987	0
4988	0
4989	0
4990	0
4991	1
4992	0
4993	0
4994	0
4995	0
4996	0
4997	0
4998	0
4999	0
5000	0
5001	0
5002	0
5003	0
5004	0
5005	0
5006	0
5007	0
5008	0
5009	0
5010	0
5011	0
5012	0
5013	0
5014	0
5015	0
5016	0
5017	0
5018	0
5019	0
5020	0
5021	0
5022	1
5023	0
5024	0
5025	0
5026	1
5027	0
5028	0
5029	0
5030	0
5031	1
5032	0
5033	0
5034	1
5035	0
5036	0
5037	0
5038	0
5039	0
5040	0
5041	0
5042	0
5043	0
5044	0
5045	0
5046	0
5047	0
5048	0
5049	1
5050	0
5051	0
5052	0
5053	0
5054	0
5055	0
5056	0
5057	0
5058	0
5059	0
5060	0
5061	0
5062	1
5063	1
5064	0
5065	0
5066	0
5067	0
5068	0
5069	0
5070	1
5071	0
5072	0
5073	0
5074	0
5075	0
5076	0
5077	0
5078	0
5079	0
5080	0
5081	0
5082	0
5083	1
5084	0
5085	0
5086	1
5087	0
5088	0
5089	0
5090	0
5091	0
5092	0
5093	0
5094	0
5095	1
5096	0
5097	0
5098	0
5099	0
5100	2
5101	0
5102	0
5103	0
5104	0
5105	0
5106	0
5107	0
5108	0
5109	0
5110	1
5111	0
5112	0
5113	0
5114	0
5115	0
5116	0
5117	0
5118	0
5119	1
5120	0
5121	0
5122	0
5123	0
5124	0
5125	0
5126	0
5127	0
5128	0
5129	0
5130	0
5131	1
5132	1
5133	0
5134	1
5135	0
5136	0
5137	0
5138	0
5139	0
5140	1
5141	0
5142	0
5143	0
5144	0
5145	0
5146	0
5147	0
5148	0
5149	2
5150	0
5151	0
5152	0
5153	0
5154	0
5155	0
5156	0
5157	0
5158	0
5159	0
5160	0
5161	0
5162	0
5163	1
5164	0
5165	0
5166	0
5167	0
5168	0
5169	1
5170	0
5171	1
5172	1
5173	0
5174	0
5175	0
5176	1
5177	0
5178	0
5179	0
5180	0
5181	0
5182	0
5183	0
5184	0
5185	0
5186	0
5187	1
5188	0
5189	0
5190	1
5191	0
5192	0
5193	0
5194	0
5195	0
5196	0
5197	0
5198	0
5199	0
5200	0
5201	0
5202	1
5203	0
5204	0
5205	0
5206	0
5207	0
5208	0
5209	0
5210	0
5211	0
5212	0
5213	0
5214	0
5215	0
5216	0
5217	0
5218	0
5219	0
5220	0
5221	0
5222	0
5223	0
5224	0
5225	0
5226	0
5227	1
5228	1
5229	0
5230	0
5231	0
5232	0
5233	0
5234	0
5235	0
5236	0
5237	0
5238	0
5239	0
5240	0
5241	0
5242	0
5243	0
5244	0
5245	1
5246	1
5247	0
5248	0
5249	0
5250	0
5251	0
5252	0
5253	0
5254	0
5255	0
5256	0
5257	0
5258	1
5259	0
5260	0
5261	0
5262	0
5263	0
5264	1
5265	0
5266	0
5267	0
5268	0
5269	0
5270	0
5271	0
5272	2
5273	0
5274	0
5275	0
5276	0
5277	0
5278	0
5279	0
5280	0
5281	0
5282	0
5283	0
5284	0
5285	0
5286	1
5287	0
5288	0
5289	0
5290	0
5291	0
5292	0
5293	0
5294	0
5295	0
5296	0
5297	0
5298	0
5299	0
5300	0
5301	0
5302	1
5303	0
5304	0
5305	0
5306	0
5307	0
5308	1
5309	1
5310	0
5311	0
5312	0
5313	0
5314	0
5315	1
5316	0
5317	0
5318	0
5319	0
5320	1
5321	0
5322	0
5323	0
5324	0
5325	0
5326	0
5327	0
5328	1
5329	0
5330	0
5331	0
5332	0
5333	0
5334	0
5335	0
5336	0
5337	0
5338	0
5339	1
5340	0
5341	0
5342	0
5343	0
5344	0
5345	0
5346	0
5347	1
5348	0
5349	0
5350	0
5351	0
5352	0
5353	0
5354	0
5355	0
5356	0
5357	0
5358	0
5359	0
5360	0
5361	0
5362	0
5363	0
5364	0
5365	0
5366	0
5367	0
5368	0
5369	0
5370	0
5371	0
5372	0
5373	0
5374	0
5375	0
5376	0
5377	0
5378	0
5379	0
5380	0
5381	0
5382	0
5383	0
5384	0
5385	0
5386	0
5387	0
5388	1
5389	0
5390	0
5391	0
5392	0
5393	0
5394	0
5395	0
5396	0
5397	0
5398	0
5399	0
5400	0
5401	0
5402	0
5403	0
5404	0
5405	0
5406	0
5407	0
5408	0
5409	0
5410	0
5411	0
5412	0
5413	0
5414	0
5415	0
5416	0
5417	0
5418	0
5419	0
5420	1
5421	0
5422	0
5423	0
5424	0
5425	0
5426	0
5427	0
5428	0
5429	0
5430	0
5431	0
5432	1
5433	0
5434	0
5435	0
5436	0
5437	0
5438	0
5439	0
5440	0
5441	0
5442	0
5443	0
5444	0
5445	0
5446	0
5447	0
5448	0
5449	0
5450	0
5451	0
5452	0
5453	0
5454	0
5455	0
5456	0
5457	0
5458	1
5459	0
5460	0
5461	0
5462	0
5463	0
5464	0
5465	0
5466	0
5467	0
5468	1
5469	0
5470	2
5471	0
5472	0
5473	0
5474	0
5475	0
5476	0
5477	0
5478	0
5479	1
5480	0
5481	0
5482	1
5483	0
5484	0
5485	1
5486	0
5487	0
5488	0
5489	1
5490	1
5491	1
5492	0
5493	0
5494	1
5495	0
5496	0
5497	0
5498	0
5499	0
5500	0
5501	0
5502	0
5503	1
5504	0
5505	0
5506	0
5507	0
5508	0
5509	0
5510	0
5511	0
5512	0
5513	0
5514	0
5515	0
5516	0
5517	1
5518	0
5519	0
5520	0
5521	0
5522	1
5523	0
5524	0
5525	0
5526	1
5527	0
5528	0
5529	0
5530	0
5531	0
5532	0
5533	0
5534	0
5535	0
5536	0
5537	0
5538	0
5539	0
5540	0
5541	0
5542	0
5543	1
5544	0
5545	0
5546	0
5547	0
5548	0
5549	0
5550	0
5551	0
5552	0
5553	0
5554	1
5555	0
5556	0
5557	0
5558	0
5559	1
5560	1
5561	0
5562	0
5563	1
5564	0
5565	0
5566	1
5567	0
5568	0
5569	0
5570	0
5571	1
5572	0
5573	0
5574	0
5575	0
5576	0
5577	0
5578	0
5579	0
5580	0
5581	0
5582	0
5583	0
5584	1
5585	0
5586	0
5587	0
5588	0
5589	0
5590	0
5591	0
5592	0
5593	0
5594	0
5595	1
5596	0
5597	0
5598	0
5599	0
5600	0
5601	0
5602	0
5603	0
5604	0
5605	0
5606	1
5607	1
5608	0
5609	0
5610	0
5611	1
5612	0
5613	0
5614	1
5615	0
5616	0
5617	0
5618	0
5619	0
5620	0
5621	1
5622	0
5623	0
5624	0
5625	0
5626	0
5627	0
5628	0
5629	0
5630	0
5631	1
5632	1
5633	0
5634	0
5635	0
5636	0
5637	0
5638	1
5639	1
5640	1
5641	1
5642	0
5643	0
5644	0
5645	0
5646	2
5647	0
5648	1
5649	0
5650	0
5651	0
5652	0
5653	0
5654	0
5655	1
5656	0
5657	0
5658	0
5659	0
5660	0
5661	0
5662	0
5663	1
5664	0
5665	0
5666	0
5667	0
5668	0
5669	0
5670	1
5671	0
5672	0
5673	0
5674	0
5675	1
5676	0
5677	0
5678	1
5679	1
5680	1
5681	1
5682	0
5683	0
5684	0
5685	1
5686	0
5687	0
5688	0
5689	0
5690	0
5691	1
5692	0
5693	1
5694	0
5695	0
5696	0
5697	2
5698	0
5699	0
5700	0
5701	0
5702	0
5703	0
5704	1
5705	1
5706	0
5707	1
5708	0
5709	0
5710	3
5711	1
5712	1
5713	1
5714	0
5715	0
5716	1
5717	0
5718	1
5719	2
5720	0
5721	1
5722	1
5723	0
5724	0
5725	1
5726	0
5727	1
5728	1
5729	0
5730	3
5731	0
5732	1
5733	0
5734	1
5735	1
5736	1
5737	2
5738	1
5739	0
5740	1
5741	1
5742	0
5743	0
5744	1
5745	1
5746	1
5747	1
5748	3
5749	0
5750	1
5751	0
5752	3
5753	1
5754	3
5755	1
5756	0
5757	1
5758	3
5759	2
5760	2
5761	1
5762	1
5763	3
5764	0
5765	1
5766	2
5767	0
5768	1
5769	0
5770	1
5771	3
5772	1
5773	3
5774	2
5775	5
5776	2
5777	1
5778	2
5779	1
5780	2
5781	2
5782	3
5783	3
5784	2
5785	1
5786	4
5787	2
5788	2
5789	2
5790	1
5791	3
5792	2
5793	1
5794	2
5795	6
5796	3
5797	2
5798	0
5799	1
5800	2
5801	0
5802	7
5803	3
5804	4
5805	0
5806	1
5807	2
5808	4
5809	3
5810	3
5811	2
5812	5
5813	1
5814	1
5815	2
5816	3
5817	1
5818	5
5819	4
5820	4
5821	1
5822	6
5823	9
5824	1
5825	3
5826	7
5827	3
5828	3
5829	4
5830	1
5831	6
5832	6
5833	9
5834	3
5835	5
5836	3
5837	6
5838	4
5839	4
5840	1
5841	2
5842	6
5843	4
5844	6
5845	1
5846	2
5847	6
5848	4
5849	4
5850	6
5851	5
5852	3
5853	7
5854	6
5855	8
5856	3
5857	2
5858	1
5859	6
5860	3
5861	4
5862	8
5863	4
5864	4
5865	4
5866	7
5867	4
5868	8
5869	6
5870	5
5871	3
5872	2
5873	8
5874	9
5875	6
5876	6
5877	3
5878	6
5879	3
5880	3
5881	5
5882	3
5883	7
5884	5
5885	5
5886	8
5887	5
5888	5
5889	3
5890	7
5891	3
5892	9
5893	10
5894	3
5895	5
5896	3
5897	5
5898	2
5899	4
5900	8
5901	5
5902	8
5903	4
5904	7
5905	7
5906	1
5907	6
5908	5
5909	5
5910	5
5911	5
5912	8
5913	9
5914	3
5915	6
5916	6
5917	4
5918	7
5919	3
5920	5
5921	5
5922	7
5923	4
5924	4
5925	2
5926	5
5927	4
5928	2
5929	6
5930	3
5931	4
5932	6
5933	5
5934	3
5935	5
5936	6
5937	4
5938	4
5939	2
5940	5
5941	4
5942	5
5943	3
5944	5
5945	1
5946	6
5947	4
5948	5
5949	5
5950	2
5951	3
5952	2
5953	4
5954	4
5955	1
5956	1
5957	4
5958	1
5959	2
5960	2
5961	2
5962	3
5963	1
5964	3
5965	4
5966	2
5967	1
5968	2
5969	3
5970	4
5971	1
5972	3
5973	1
5974	1
5975	5
5976	3
5977	2
5978	3
5979	1
5980	2
5981	0
5982	2
5983	3
5984	3
5985	1
5986	0
5987	1
5988	3
5989	2
5990	4
5991	2
5992	1
5993	2
5994	3
5995	6
5996	3
5997	3
5998	6
5999	1
6000	1
6001	4
6002	0
6003	0
6004	2
6005	5
6006	0
6007	1
6008	1
6009	2
6010	3
6011	2
6012	1
6013	2
6014	3
6015	2
6016	1
6017	0
6018	4
6019	2
6020	1
6021	3
6022	1
6023	1
6024	0
6025	1
6026	1
6027	4
6028	2
6029	1
6030	2
6031	0
6032	0
6033	0
6034	2
6035	0
6036	1
6037	0
6038	1
6039	0
6040	1
6041	3
6042	0
6043	0
6044	0
6045	1
6046	1
6047	3
6048	1
6049	3
6050	0
6051	1
6052	0
6053	3
6054	1
6055	2
6056	3
6057	0
6058	0
6059	2
6060	2
6061	0
6062	0
6063	1
6064	1
6065	2
6066	3
6067	1
6068	3
6069	1
6070	2
6071	1
6072	0
6073	0
6074	0
6075	1
6076	0
6077	2
6078	2
6079	2
6080	2
6081	0
6082	1
6083	1
6084	2
6085	3
6086	4
6087	3
6088	0
6089	0
6090	3
6091	3
6092	0
6093	2
6094	1
6095	1
6096	0
6097	4
6098	0
6099	1
6100	0
6101	1
6102	1
6103	2
6104	3
6105	1
6106	4
6107	0
6108	1
6109	1
6110	0
6111	0
6112	3
6113	0
6114	1
6115	1
6116	2
6117	3
6118	0
6119	2
6120	2
6121	1
6122	1
6123	1
6124	1
6125	2
6126	3
6127	0
6128	2
6129	1
6130	0
6131	0
6132	0
6133	3
6134	1
6135	1
6136	2
6137	0
6138	7
6139	2
6140	4
6141	1
6142	0
6143	3
6144	4
6145	9
6146	15
6147	32
6148	41
6149	34
6150	31
6151	23
6152	16
6153	12
6154	9
6155	12
6156	32
6157	25
6158	9
6159	3
6160	0
6161	0
6162	0
6163	0
6164	0
6165	0
6166	0
6167	0
6168	0
6169	0
6170	0
6171	0
6172	0
6173	0
6174	0
6175	0
6176	0
6177	0
6178	0
6179	0
6180	0
6181	0
6182	0
6183	0
6184	0
6185	0
6186	0
6187	0
6188	0
6189	0
6190	0
6191	0
6192	0
6193	0
6194	0
6195	0
6196	0
6197	0
6198	0
6199	0
6200	0
6201	0
6202	0
6203	0
6204	0
6205	0
6206	0
6207	0
6208	0
6209	0
6210	0
6211	0
6212	0
6213	0
6214	0
6215	0
6216	0
6217	0
6218	0
6219	0
6220	0
6221	0
6222	0
6223	0
6224	0
6225	0
6226	0
6227	0
6228	0
6229	0
6230	0
6231	0
6232	0
6233	0
6234	0
6235	0
6236	0
6237	0
6238	0
6239	0
6240	0
6241	0
6242	0
6243	0
6244	0
6245	0
6246	0
6247	0
6248	0
6249	0
6250	0
6251	0
6252	0
6253	0
6254	0
6255	0
6256	0
6257	0
6258	0
6259	0
6260	0
6261	0
6262	0
6263	0
6264	0
6265	0
6266	0
6267	0
6268	0
6269	0
6270	0
6271	0
6272	0
6273	0
6274	0
6275	0
6276	0
6277	0
6278	0
6279	0
6280	0
6281	0
6282	0
6283	0
6284	0
6285	0
6286	0
6287	0
6288	0
6289	0
6290	0
6291	0
6292	0
6293	0
6294	0
6295	0
6296	0
6297	0
6298	0
6299	0
6300	0
6301	0
6302	0
6303	0
6304	0
6305	0
6306	0
6307	0
6308	0
6309	0
6310	0
6311	0
6312	0
6313	0
6314	0
6315	0
6316	0
6317	0
6318	0
6319	0
6320	0
6321	0
6322	0
6323	0
6324	0
6325	0
6326	0
6327	0
6328	0
6329	0
6330	0
6331	0
6332	0
6333	0
6334	0
6335	0
6336	0
6337	0
6338	0
6339	0
6340	0
6341	0
6342	0
6343	0
6344	0
6345	0
6346	0
6347	0
6348	0
6349	0
6350	0
6351	0
6352	0
6353	0
6354	0
6355	0
6356	0
6357	0
6358	0
6359	0
6360	0
6361	0
6362	0
6363	0
6364	0
6365	0
6366	0
6367	0
6368	0
6369	0
6370	0
6371	0
6372	0
6373	0
6374	0
6375	0
6376	0
6377	0
6378	0
6379	0
6380	0
6381	0
6382	0
6383	0
6384	0
6385	0
6386	0
6387	0
6388	0
6389	0
6390	0
6391	0
6392	0
6393	0
6394	0
6395	0
6396	0
6397	0
6398	0
6399	0
6400	0
6401	0
6402	0
6403	0
6404	0
6405	0
6406	0
6407	0
6408	0
6409	0
6410	0
6411	0
6412	0
6413	0
6414	0
6415	0
6416	0
6417	0
6418	0
6419	0
6420	0
6421	0
6422	0
6423	0
6424	0
6425	0
6426	0
6427	0
6428	0
6429	0
6430	0
6431	0
6432	0
6433	0
6434	0
6435	0
6436	0
6437	0
6438	0
6439	0
6440	0
6441	0
6442	0
6443	0
6444	0
6445	0
6446	0
6447	0
6448	0
6449	0
6450	0
6451	0
6452	0
6453	0
6454	0
6455	0
6456	0
6457	0
6458	0
6459	0
6460	0
6461	0
6462	0
6463	0
6464	0
6465	0
6466	0
6467	0
6468	0
6469	0
6470	0
6471	0
6472	0
6473	0
6474	0
6475	0
6476	0
6477	0
6478	0
6479	0
6480	0
6481	0
6482	0
6483	0
6484	0
6485	0
6486	0
6487	0
6488	0
6489	0
6490	0
6491	0
6492	0
6493	0
6494	0
6495	0
6496	0
6497	0
6498	0
6499	0
6500	0
6501	0
6502	0
6503	0
6504	0
6505	0
6506	0
6507	0
6508	0
6509	0
6510	0
6511	0
6512	0
6513	0
6514	0
6515	0
6516	0
6517	0
6518	0
6519	0
6520	0
6521	0
6522	0
6523	0
6524	0
6525	0
6526	0
6527	0
6528	0
6529	0
6530	0
6531	0
6532	0
6533	0
6534	0
6535	0
6536	0
6537	0
6538	0
6539	0
6540	0
6541	0
6542	0
6543	0
6544	0
6545	0
6546	0
6547	0
6548	0
6549	0
6550	0
6551	0
6552	0
6553	0
6554	0
6555	0
6556	0
6557	0
6558	0
6559	0
6560	0
6561	0
6562	0
6563	0
6564	0
6565	0
6566	0
6567	0
6568	0
6569	0
6570	0
6571	0
6572	0
6573	0
6574	0
6575	0
6576	0
6577	0
6578	0
6579	0
6580	0
6581	0
6582	0
6583	0
6584	0
6585	0
6586	0
6587	0
6588	0
6589	0
6590	0
6591	0
6592	0
6593	0
6594	0
6595	0
6596	0
6597	0
6598	0
6599	0
6600	0
6601	0
6602	0
6603	0
6604	0
6605	0
6606	0
6607	0
6608	0
6609	0
6610	0
6611	0
6612	0
6613	0
6614	0
6615	0
6616	0
6617	0
6618	0
6619	0
6620	0
6621	0
6622	0
6623	0
6624	0
6625	0
6626	0
6627	0
6628	0
6629	0
6630	0
6631	0
6632	0
6633	0
6634	0
6635	0
6636	0
6637	0
6638	0
6639	0
6640	0
6641	0
6642	0
6643	0
6644	0
6645	0
6646	0
6647	0
6648	0
6649	0
6650	0
6651	0
6652	0
6653	0
6654	0
6655	0
6656	0
6657	0
6658	0
6659	0
6660	0
6661	0
6662	0
6663	0
6664	0
6665	0
6666	0
6667	0
6668	0
6669	0
6670	0
6671	0
6672	0
6673	0
6674	0
6675	0
6676	0
6677	0
6678	0
6679	0
6680	0
6681	0
6682	0
6683	0
6684	0
6685	0
6686	0
6687	0
6688	0
6689	0
6690	0
6691	0
6692	0
6693	0
6694	0
6695	0
6696	0
6697	0
6698	0
6699	0
6700	0
6701	0
6702	0
6703	0
6704	0
6705	0
6706	0
6707	0
6708	0
6709	0
6710	0
6711	0
6712	0
6713	0
6714	0
6715	0
6716	0
6717	0
6718	0
6719	0
6720	0
6721	0
6722	0
6723	0
6724	0
6725	0
6726	0
6727	0
6728	0
6729	0
6730	0
6731	0
6732	0
6733	0
6734	0
6735	0
6736	0
6737	0
6738	0
6739	0
6740	0
6741	0
6742	0
6743	0
6744	0
6745	0
6746	0
6747	0
6748	0
6749	0
6750	0
6751	0
6752	0
6753	0
6754	0
6755	0
6756	0
6757	0
6758	0
6759	0
6760	0
6761	0
6762	0
6763	0
6764	0
6765	0
6766	0
6767	0
6768	0
6769	0
6770	0
6771	0
6772	0
6773	0
6774	0
6775	0
6776	0
6777	0
6778	0
6779	0
6780	0
6781	0
6782	0
6783	0
6784	0
6785	0
6786	0
6787	0
6788	0
6789	0
6790	0
6791	0
6792	0
6793	0
6794	0
6795	0
6796	0
6797	0
6798	0
6799	0
6800	0
6801	0
6802	0
6803	0
6804	0
6805	0
6806	0
6807	0
6808	0
6809	0
6810	0
6811	0
6812	0
6813	0
6814	0
6815	0
6816	0
6817	0
6818	0
6819	0
6820	0
6821	0
6822	0
6823	0
6824	0
6825	0
6826	0
6827	0
6828	0
6829	0
6830	0
6831	0
6832	0
6833	0
6834	0
6835	0
6836	0
6837	0
6838	0
6839	0
6840	0
6841	0
6842	0
6843	0
6844	0
6845	0
6846	0
6847	0
6848	0
6849	0
6850	0
6851	0
6852	0
6853	0
6854	0
6855	0
6856	0
6857	0
6858	0
6859	0
6860	0
6861	0
6862	0
6863	0
6864	0
6865	0
6866	0
6867	0
6868	0
6869	0
6870	0
6871	0
6872	0
6873	0
6874	0
6875	0
6876	0
6877	0
6878	0
6879	0
6880	0
6881	0
6882	0
6883	0
6884	0
6885	0
6886	0
6887	0
6888	0
6889	0
6890	0
6891	0
6892	0
6893	0
6894	0
6895	0
6896	0
6897	0
6898	0
6899	0
6900	0
6901	0
6902	0
6903	0
6904	0
6905	0
6906	0
6907	0
6908	0
6909	0
6910	0
6911	0
6912	0
6913	0
6914	0
6915	0
6916	0
6917	0
6918	0
6919	0
6920	0
6921	0
6922	0
6923	0
6924	0
6925	0
6926	0
6927	0
6928	0
6929	0
6930	0
6931	0
6932	0
6933	0
6934	0
6935	0
6936	0
6937	0
6938	0
6939	0
6940	0
6941	0
6942	0
6943	0
6944	0
6945	0
6946	0
6947	0
6948	0
6949	0
6950	0
6951	0
6952	0
6953	0
6954	0
6955	0
6956	0
6957	0
6958	0
6959	0
6960	0
6961	0
6962	0
6963	0
6964	0
6965	0
6966	0
6967	0
6968	0
6969	0
6970	0
6971	0
6972	0
6973	0
6974	0
6975	0
6976	0
6977	0
6978	0
6979	0
6980	0
6981	0
6982	0
6983	0
6984	0
6985	0
6986	0
6987	0
6988	0
6989	0
6990	0
6991	0
6992	0
6993	0
6994	0
6995	0
6996	0
6997	0
6998	0
6999	0
7000	0
7001	0
7002	0
7003	0
7004	0
7005	0
7006	0
7007	0
7008	0
7009	0
7010	0
7011	0
7012	0
7013	0
7014	0
7015	0
7016	0
7017	0
7018	0
7019	0
7020	0
7021	0
7022	0
7023	0
7024	0
7025	0
7026	0
7027	0
7028	0
7029	0
7030	0
7031	0
7032	0
7033	0
7034	0
7035	0
7036	0
7037	0
7038	0
7039	0
7040	0
7041	0
7042	0
7043	0
7044	0
7045	0
7046	0
7047	0
7048	0
7049	0
7050	0
7051	0
7052	0
7053	0
7054	0
7055	0
7056	0
7057	0
7058	0
7059	0
7060	0
7061	0
7062	0
7063	0
7064	0
7065	0
7066	0
7067	0
7068	0
7069	0
7070	0
7071	0
7072	0
7073	0
7074	0
7075	0
7076	0
7077	0
7078	0
7079	0
7080	0
7081	0
7082	0
7083	0
7084	0
7085	0
7086	0
7087	0
7088	0
7089	0
7090	0
7091	0
7092	0
7093	0
7094	0
7095	0
7096	0
7097	0
7098	0
7099	0
7100	0
7101	0
7102	0
7103	0
7104	0
7105	0
7106	0
7107	0
7108	0
7109	0
7110	0
7111	0
7112	0
7113	0
7114	0
7115	0
7116	0
7117	0
7118	0
7119	0
7120	0
7121	0
7122	0
7123	0
7124	0
7125	0
7126	0
7127	0
7128	0
7129	0
7130	0
7131	0
7132	0
7133	0
7134	0
7135	0
7136	0
7137	0
7138	0
7139	0
7140	0
7141	0
7142	0
7143	0
7144	0
7145	0
7146	0
7147	0
7148	0
7149	0
7150	0
7151	0
7152	0
7153	0
7154	0
7155	0
7156	0
7157	0
7158	0
7159	0
7160	0
7161	0
7162	0
7163	0
7164	0
7165	0
7166	0
7167	0
7168	0
7169	0
7170	0
7171	0
7172	0
7173	0
7174	0
7175	0
7176	0
7177	0
7178	0
7179	0
7180	0
7181	0
7182	0
7183	0
7184	0
7185	0
7186	0
7187	0
7188	0
7189	0
7190	0
7191	0
7192	0
7193	0
7194	0
7195	0
7196	0
7197	0
7198	0
7199	0
7200	0
7201	0
7202	0
7203	0
7204	0
7205	0
7206	0
7207	0
7208	0
7209	0
7210	0
7211	0
7212	0
7213	0
7214	0
7215	0
7216	0
7217	0
7218	0
7219	0
7220	0
7221	0
7222	0
7223	0
7224	0
7225	0
7226	0
7227	0
7228	0
7229	0
7230	0
7231	0
7232	0
7233	0
7234	0
7235	0
7236	0
7237	0
7238	0
7239	0
7240	0
7241	0
7242	0
7243	0
7244	0
7245	0
7246	0
7247	0
7248	0
7249	0
7250	0
7251	0
7252	0
7253	0
7254	0
7255	0
7256	0
7257	0
7258	0
7259	0
7260	0
7261	0
7262	0
7263	0
7264	0
7265	0
7266	0
7267	0
7268	0
7269	0
7270	0
7271	0
7272	0
7273	0
7274	0
7275	0
7276	0
7277	0
7278	0
7279	0
7280	0
7281	0
7282	0
7283	0
7284	0
7285	0
7286	0
7287	0
7288	0
7289	0
7290	0
7291	0
7292	0
7293	0
7294	0
7295	0
7296	0
7297	0
7298	0
7299	0
7300	0
7301	0
7302	0
7303	0
7304	0
7305	0
7306	0
7307	0
7308	0
7309	0
7310	0
7311	0
7312	0
7313	0
7314	0
7315	0
7316	0
7317	0
7318	0
7319	0
7320	0
7321	0
7322	0
7323	0
7324	0
7325	0
7326	0
7327	0
7328	0
7329	0
7330	0
7331	0
7332	0
7333	0
7334	0
7335	0
7336	0
7337	0
7338	0
7339	0
7340	0
7341	0
7342	0
7343	0
7344	0
7345	0
7346	0
7347	0
7348	0
7349	0
7350	0
7351	0
7352	0
7353	0
7354	0
7355	0
7356	0
7357	0
7358	0
7359	0
7360	0
7361	0
7362	0
7363	0
7364	0
7365	0
7366	0
7367	0
7368	0
7369	0
7370	0
7371	0
7372	0
7373	0
7374	0
7375	0
7376	0
7377	0
7378	0
7379	0
7380	0
7381	0
7382	0
7383	0
7384	0
7385	0
7386	0
7387	0
7388	0
7389	0
7390	0
7391	0
7392	0
7393	0
7394	0
7395	0
7396	0
7397	0
7398	0
7399	0
7400	0
7401	0
7402	0
7403	0
7404	0
7405	0
7406	0
7407	0
7408	0
7409	0
7410	0
7411	0
7412	0
7413	0
7414	0
7415	0
7416	0
7417	0
7418	0
7419	0
7420	0
7421	0
7422	0
7423	0
7424	0
7425	0
7426	0
7427	0
7428	0
7429	0
7430	0
7431	0
7432	0
7433	0
7434	0
7435	0
7436	0
7437	0
7438	0
7439	0
7440	0
7441	0
7442	0
7443	0
7444	0
7445	0
7446	0
7447	0
7448	0
7449	0
7450	0
7451	0
7452	0
7453	0
7454	0
7455	0
7456	0
7457	0
7458	0
7459	0
7460	0
7461	0
7462	0
7463	0
7464	0
7465	0
7466	0
7467	0
7468	0
7469	0
7470	0
7471	0
7472	0
7473	0
7474	0
7475	0
7476	0
7477	0
7478	0
7479	0
7480	0
7481	0
7482	0
7483	0
7484	0
7485	0
7486	0
7487	0
7488	0
7489	0
7490	0
7491	0
7492	0
7493	0
7494	0
7495	0
7496	0
7497	0
7498	0
7499	0
7500	0
7501	0
7502	0
7503	0
7504	0
7505	0
7506	0
7507	0
7508	0
7509	0
7510	0
7511	0
7512	0
7513	0
7514	0
7515	0
7516	0
7517	0
7518	0
7519	0
7520	0
7521	0
7522	0
7523	0
7524	0
7525	0
7526	0
7527	0
7528	0
7529	0
7530	0
7531	0
7532	0
7533	0
7534	0
7535	0
7536	0
7537	0
7538	0
7539	0
7540	0
7541	0
7542	0
7543	0
7544	0
7545	0
7546	0
7547	0
7548	0
7549	0
7550	0
7551	0
7552	0
7553	0
7554	0
7555	0
7556	0
7557	0
7558	0
7559	0
7560	0
7561	0
7562	0
7563	0
7564	0
7565	0
7566	0
7567	0
7568	0
7569	0
7570	0
7571	0
7572	0
7573	0
7574	0
7575	0
7576	0
7577	0
7578	0
7579	0
7580	0
7581	0
7582	0
7583	0
7584	0
7585	0
7586	0
7587	0
7588	0
7589	0
7590	0
7591	0
7592	0
7593	0
7594	0
7595	0
7596	0
7597	0
7598	0
7599	0
7600	0
7601	0
7602	0
7603	0
7604	0
7605	0
7606	0
7607	0
7608	0
7609	0
7610	0
7611	0
7612	0
7613	0
7614	0
7615	0
7616	0
7617	0
7618	0
7619	0
7620	0
7621	0
7622	0
7623	0
7624	0
7625	0
7626	0
7627	0
7628	0
7629	0
7630	0
7631	0
7632	0
7633	0
7634	0
7635	0
7636	0
7637	0
7638	0
7639	0
7640	0
7641	0
7642	0
7643	0
7644	0
7645	0
7646	0
7647	0
7648	0
7649	0
7650	0
7651	0
7652	0
7653	0
7654	0
7655	0
7656	0
7657	0
7658	0
7659	0
7660	0
7661	0
7662	0
7663	0
7664	0
7665	0
7666	0
7667	0
7668	0
7669	0
7670	0
7671	0
7672	0
7673	0
7674	0
7675	0
7676	0
7677	0
7678	0
7679	0
7680	0
7681	0
7682	0
7683	0
7684	0
7685	0
7686	0
7687	0
7688	0
7689	0
7690	0
7691	0
7692	0
7693	0
7694	0
7695	0
7696	0
7697	0
7698	0
7699	0
7700	0
7701	0
7702	0
7703	0
7704	0
7705	0
7706	0
7707	0
7708	0
7709	0
7710	0
7711	0
7712	0
7713	0
7714	0
7715	0
7716	0
7717	0
7718	0
7719	0
7720	0
7721	0
7722	0
7723	0
7724	0
7725	0
7726	0
7727	0
7728	0
7729	0
7730	0
7731	0
7732	0
7733	0
7734	0
7735	0
7736	0
7737	0
7738	0
7739	0
7740	0
7741	0
7742	0
7743	0
7744	0
7745	0
7746	0
7747	0
7748	0
7749	0
7750	0
7751	0
7752	0
7753	0
7754	0
7755	0
7756	0
7757	0
7758	0
7759	0
7760	0
7761	0
7762	0
7763	0
7764	0
7765	0
7766	0
7767	0
7768	0
7769	0
7770	0
7771	0
7772	0
7773	0
7774	0
7775	0
7776	0
7777	0
7778	0
7779	0
7780	0
7781	0
7782	0
7783	0
7784	0
7785	0
7786	0
7787	0
7788	0
7789	0
7790	0
7791	0
7792	0
7793	0
7794	0
7795	0
7796	0
7797	0
7798	0
7799	0
7800	0
7801	0
7802	0
7803	0
7804	0
7805	0
7806	0
7807	0
7808	0
7809	0
7810	0
7811	0
7812	0
7813	0
7814	0
7815	0
7816	0
7817	0
7818	0
7819	0
7820	0
7821	0
7822	0
7823	0
7824	0
7825	0
7826	0
7827	0
7828	0
7829	0
7830	0
7831	0
7832	0
7833	0
7834	0
7835	0
7836	0
7837	0
7838	0
7839	0
7840	0
7841	0
7842	0
7843	0
7844	0
7845	0
7846	0
7847	0
7848	0
7849	0
7850	0
7851	0
7852	0
7853	0
7854	0
7855	0
7856	0
7857	0
7858	0
7859	0
7860	0
7861	0
7862	0
7863	0
7864	0
7865	0
7866	0
7867	0
7868	0
7869	0
7870	0
7871	0
7872	0
7873	0
7874	0
7875	0
7876	0
7877	0
7878	0
7879	0
7880	0
7881	0
7882	0
7883	0
7884	0
7885	0
7886	0
7887	0
7888	0
7889	0
7890	0
7891	0
7892	0
7893	0
7894	0
7895	0
7896	0
7897	0
7898	0
7899	0
7900	0
7901	0
7902	0
7903	0
7904	0
7905	0
7906	0
7907	0
7908	0
7909	0
7910	0
7911	0
7912	0
7913	0
7914	0
7915	0
7916	0
7917	0
7918	0
7919	0
7920	0
7921	0
7922	0
7923	0
7924	0
7925	0
7926	0
7927	0
7928	0
7929	0
7930	0
7931	0
7932	0
7933	0
7934	0
7935	0
7936	0
7937	0
7938	0
7939	0
7940	0
7941	0
7942	0
7943	0
7944	0
7945	0
7946	0
7947	0
7948	0
7949	0
7950	0
7951	0
7952	0
7953	0
7954	0
7955	0
7956	0
7957	0
7958	0
7959	0
7960	0
7961	0
7962	0
7963	0
7964	0
7965	0
7966	0
7967	0
7968	0
7969	0
7970	0
7971	0
7972	0
7973	0
7974	0
7975	0
7976	0
7977	0
7978	0
7979	0
7980	0
7981	0
7982	0
7983	0
7984	0
7985	0
7986	0
7987	0
7988	0
7989	0
7990	0
7991	0
7992	0
7993	0
7994	0
7995	0
7996	0
7997	0
7998	0
7999	0
8000	0
8001	0
8002	0
8003	0
8004	0
8005	0
8006	0
8007	0
8008	0
8009	0
8010	0
8011	0
8012	0
8013	0
8014	0
8015	0
8016	0
8017	0
8018	0
8019	0
8020	0
8021	0
8022	0
8023	0
8024	0
8025	0
8026	0
8027	0
8028	0
8029	0
8030	0
8031	0
8032	0
8033	0
8034	0
8035	0
8036	0
8037	0
8038	0
8039	0
8040	0
8041	0
8042	0
8043	0
8044	0
8045	0
8046	0
8047	0
8048	0
8049	0
8050	0
8051	0
8052	0
8053	0
8054	0
8055	0
8056	0
8057	0
8058	0
8059	0
8060	0
8061	0
8062	0
8063	0
8064	0
8065	0
8066	0
8067	0
8068	0
8069	0
8070	0
8071	0
8072	0
8073	0
8074	0
8075	0
8076	0
8077	0
8078	0
8079	0
8080	0
8081	0
8082	0
8083	0
8084	0
8085	0
8086	0
8087	0
8088	0
8089	0
8090	0
8091	0
8092	0
8093	0
8094	0
8095	0
8096	0
8097	0
8098	0
8099	0
8100	0
8101	0
8102	0
8103	0
8104	0
8105	0
8106	0
8107	0
8108	0
8109	0
8110	0
8111	0
8112	0
8113	0
8114	0
8115	0
8116	0
8117	0
8118	0
8119	0
8120	0
8121	0
8122	0
8123	0
8124	0
8125	0
8126	0
8127	0
8128	0
8129	0
8130	0
8131	0
8132	0
8133	0
8134	0
8135	0
8136	0
8137	0
8138	0
8139	0
8140	0
8141	0
8142	0
8143	0
8144	0
8145	0
8146	0
8147	0
8148	0
8149	0
8150	0
8151	0
8152	0
8153	0
8154	0
8155	0
8156	0
8157	0
8158	0
8159	0
8160	0
8161	0
8162	0
8163	0
8164	0
8165	0
8166	0
8167	0
8168	0
8169	0
8170	0
8171	0
8172	0
8173	0
8174	0
8175	0
8176	0
8177	0
8178	0
8179	0
8180	0
8181	0
8182	0
8183	0
8184	0
8185	0
8186	0
8187	0
8188	0
8189	0
8190	0
8191	0
