0	0
1	0
2	0
3	0
4	0
5	0
6	0
7	0
8	0
9	0
10	0
11	0
12	0
13	0
14	0
15	0
16	0
17	0
18	0
19	0
20	0
21	0
22	0
23	0
24	0
25	0
26	0
27	0
28	0
29	0
30	0
31	0
32	0
33	0
34	0
35	0
36	0
37	0
38	0
39	0
40	0
41	0
42	0
43	0
44	0
45	0
46	0
47	0
48	0
49	0
50	0
51	0
52	0
53	0
54	0
55	0
56	0
57	0
58	0
59	0
60	0
61	0
62	0
63	0
64	0
65	0
66	0
67	0
68	0
69	0
70	0
71	0
72	0
73	0
74	0
75	0
76	0
77	0
78	0
79	0
80	0
81	0
82	0
83	0
84	0
85	0
86	0
87	0
88	0
89	0
90	0
91	0
92	0
93	0
94	0
95	0
96	0
97	0
98	0
99	0
100	0
101	0
102	0
103	0
104	0
105	0
106	0
107	0
108	0
109	0
110	0
111	0
112	0
113	0
114	0
115	0
116	0
117	0
118	0
119	0
120	0
121	0
122	0
123	0
124	0
125	0
126	0
127	0
128	0
129	0
130	0
131	0
132	0
133	0
134	0
135	0
136	0
137	0
138	0
139	0
140	0
141	0
142	0
143	0
144	0
145	0
146	0
147	0
148	0
149	0
150	0
151	0
152	0
153	0
154	0
155	0
156	0
157	0
158	0
159	0
160	0
161	0
162	0
163	0
164	0
165	0
166	0
167	0
168	0
169	0
170	0
171	0
172	0
173	0
174	0
175	0
176	0
177	0
178	0
179	0
180	0
181	0
182	0
183	0
184	0
185	0
186	0
187	0
188	0
189	0
190	0
191	0
192	0
193	0
194	0
195	0
196	0
197	0
198	0
199	0
200	0
201	0
202	0
203	0
204	0
205	0
206	0
207	0
208	0
209	0
210	0
211	0
212	0
213	0
214	0
215	0
216	0
217	0
218	0
219	0
220	0
221	0
222	0
223	0
224	0
225	0
226	0
227	0
228	0
229	0
230	0
231	0
232	0
233	0
234	0
235	0
236	0
237	0
238	0
239	0
240	0
241	0
242	0
243	0
244	0
245	0
246	0
247	0
248	0
249	0
250	0
251	0
252	0
253	0
254	0
255	0
256	0
257	0
258	0
259	0
260	0
261	0
262	0
263	0
264	0
265	0
266	0
267	0
268	0
269	0
270	0
271	0
272	0
273	0
274	0
275	0
276	0
277	0
278	0
279	0
280	0
281	0
282	0
283	0
284	0
285	0
286	0
287	0
288	0
289	0
290	0
291	0
292	0
293	0
294	0
295	0
296	0
297	0
298	0
299	0
300	0
301	0
302	0
303	0
304	0
305	0
306	0
307	0
308	0
309	0
310	0
311	0
312	0
313	0
314	0
315	0
316	0
317	0
318	0
319	0
320	0
321	0
322	0
323	0
324	0
325	0
326	0
327	0
328	0
329	0
330	0
331	0
332	0
333	0
334	0
335	0
336	0
337	0
338	0
339	0
340	0
341	0
342	0
343	0
344	0
345	0
346	0
347	0
348	0
349	0
350	0
351	0
352	0
353	0
354	0
355	0
356	0
357	0
358	0
359	0
360	0
361	0
362	0
363	0
364	0
365	0
366	0
367	0
368	0
369	0
370	0
371	0
372	0
373	0
374	0
375	0
376	0
377	0
378	0
379	0
380	0
381	0
382	0
383	0
384	0
385	0
386	0
387	0
388	0
389	0
390	0
391	0
392	0
393	0
394	0
395	0
396	0
397	0
398	0
399	0
400	0
401	0
402	0
403	0
404	0
405	0
406	0
407	0
408	0
409	0
410	0
411	0
412	0
413	0
414	0
415	0
416	0
417	0
418	0
419	0
420	0
421	0
422	0
423	0
424	0
425	0
426	0
427	0
428	0
429	0
430	0
431	0
432	0
433	0
434	0
435	0
436	0
437	0
438	0
439	0
440	0
441	0
442	0
443	0
444	0
445	0
446	0
447	0
448	0
449	0
450	0
451	0
452	0
453	0
454	0
455	0
456	0
457	0
458	0
459	0
460	0
461	0
462	0
463	0
464	0
465	0
466	0
467	0
468	0
469	0
470	0
471	0
472	0
473	0
474	0
475	0
476	0
477	0
478	0
479	0
480	0
481	0
482	0
483	0
484	0
485	0
486	0
487	0
488	0
489	0
490	0
491	0
492	0
493	0
494	0
495	0
496	0
497	0
498	0
499	0
500	0
501	0
502	0
503	0
504	0
505	0
506	0
507	0
508	0
509	0
510	0
511	0
512	0
513	0
514	0
515	0
516	0
517	0
518	0
519	0
520	0
521	0
522	0
523	0
524	0
525	0
526	0
527	0
528	0
529	0
530	0
531	0
532	0
533	0
534	0
535	0
536	0
537	0
538	0
539	0
540	0
541	0
542	4
543	16
544	56
545	57
546	49
547	50
548	41
549	55
550	49
551	50
552	51
553	47
554	42
555	44
556	53
557	59
558	57
559	55
560	59
561	54
562	54
563	51
564	52
565	57
566	57
567	54
568	54
569	51
570	52
571	64
572	50
573	57
574	70
575	41
576	40
577	57
578	53
579	45
580	59
581	61
582	55
583	51
584	50
585	45
586	53
587	60
588	59
589	48
590	54
591	50
592	49
593	46
594	65
595	58
596	50
597	51
598	49
599	56
600	49
601	56
602	60
603	47
604	46
605	46
606	56
607	45
608	43
609	55
610	43
611	57
612	43
613	59
614	64
615	62
616	46
617	52
618	43
619	46
620	51
621	42
622	79
623	65
624	54
625	54
626	43
627	48
628	48
629	52
630	55
631	52
632	53
633	53
634	43
635	51
636	40
637	53
638	54
639	49
640	55
641	45
642	49
643	42
644	49
645	50
646	55
647	47
648	47
649	42
650	40
651	63
652	53
653	60
654	65
655	58
656	31
657	55
658	49
659	45
660	57
661	44
662	45
663	50
664	53
665	55
666	48
667	52
668	49
669	53
670	54
671	40
672	55
673	57
674	60
675	58
676	50
677	49
678	55
679	46
680	59
681	52
682	51
683	43
684	60
685	43
686	45
687	59
688	43
689	55
690	49
691	46
692	57
693	62
694	46
695	50
696	44
697	51
698	49
699	60
700	40
701	42
702	47
703	62
704	63
705	60
706	55
707	59
708	51
709	55
710	52
711	36
712	52
713	68
714	56
715	46
716	51
717	46
718	49
719	49
720	52
721	52
722	53
723	41
724	51
725	48
726	44
727	51
728	56
729	58
730	48
731	54
732	44
733	48
734	46
735	55
736	58
737	50
738	52
739	49
740	69
741	56
742	52
743	49
744	59
745	52
746	50
747	51
748	53
749	39
750	59
751	61
752	39
753	55
754	47
755	44
756	53
757	56
758	52
759	42
760	49
761	46
762	35
763	52
764	54
765	39
766	37
767	54
768	59
769	41
770	48
771	66
772	46
773	46
774	71
775	45
776	41
777	39
778	42
779	52
780	37
781	40
782	61
783	35
784	39
785	51
786	63
787	45
788	42
789	48
790	37
791	49
792	45
793	51
794	42
795	50
796	67
797	53
798	46
799	55
800	45
801	42
802	45
803	56
804	50
805	51
806	33
807	44
808	48
809	43
810	48
811	47
812	61
813	46
814	63
815	38
816	53
817	52
818	35
819	49
820	52
821	51
822	53
823	61
824	58
825	40
826	46
827	47
828	59
829	44
830	56
831	53
832	53
833	56
834	45
835	53
836	48
837	51
838	50
839	49
840	47
841	37
842	56
843	50
844	60
845	48
846	42
847	59
848	49
849	58
850	54
851	37
852	44
853	41
854	56
855	50
856	46
857	56
858	51
859	50
860	48
861	48
862	48
863	42
864	50
865	40
866	42
867	52
868	55
869	52
870	42
871	61
872	50
873	54
874	47
875	54
876	49
877	37
878	44
879	35
880	41
881	35
882	76
883	47
884	54
885	42
886	46
887	40
888	50
889	48
890	43
891	52
892	55
893	44
894	43
895	38
896	49
897	61
898	47
899	44
900	57
901	60
902	44
903	47
904	47
905	43
906	48
907	49
908	35
909	59
910	51
911	42
912	54
913	46
914	46
915	41
916	45
917	48
918	44
919	45
920	55
921	56
922	59
923	56
924	47
925	55
926	43
927	48
928	43
929	48
930	33
931	47
932	65
933	44
934	50
935	41
936	45
937	49
938	42
939	45
940	37
941	67
942	48
943	39
944	64
945	47
946	52
947	53
948	46
949	52
950	62
951	66
952	45
953	46
954	41
955	53
956	36
957	63
958	57
959	52
960	52
961	51
962	41
963	37
964	48
965	39
966	58
967	44
968	60
969	38
970	47
971	52
972	42
973	39
974	53
975	59
976	48
977	57
978	39
979	42
980	46
981	49
982	44
983	48
984	49
985	48
986	50
987	55
988	62
989	45
990	61
991	54
992	46
993	39
994	46
995	57
996	44
997	64
998	37
999	60
1000	47
1001	45
1002	49
1003	40
1004	54
1005	63
1006	53
1007	45
1008	41
1009	52
1010	50
1011	66
1012	35
1013	49
1014	43
1015	53
1016	54
1017	59
1018	48
1019	67
1020	41
1021	45
1022	46
1023	55
1024	48
1025	58
1026	49
1027	43
1028	55
1029	46
1030	48
1031	52
1032	49
1033	39
1034	57
1035	47
1036	61
1037	53
1038	47
1039	60
1040	41
1041	36
1042	44
1043	54
1044	63
1045	47
1046	43
1047	39
1048	46
1049	43
1050	51
1051	48
1052	48
1053	62
1054	46
1055	53
1056	54
1057	44
1058	43
1059	48
1060	55
1061	49
1062	48
1063	48
1064	64
1065	41
1066	37
1067	61
1068	50
1069	39
1070	38
1071	55
1072	49
1073	40
1074	51
1075	55
1076	42
1077	51
1078	33
1079	53
1080	42
1081	53
1082	65
1083	41
1084	53
1085	51
1086	47
1087	49
1088	46
1089	49
1090	51
1091	54
1092	48
1093	44
1094	42
1095	45
1096	65
1097	59
1098	58
1099	53
1100	42
1101	53
1102	61
1103	54
1104	46
1105	42
1106	48
1107	50
1108	52
1109	47
1110	50
1111	46
1112	55
1113	52
1114	51
1115	66
1116	50
1117	65
1118	47
1119	48
1120	46
1121	56
1122	47
1123	56
1124	53
1125	49
1126	51
1127	56
1128	44
1129	42
1130	49
1131	45
1132	49
1133	60
1134	52
1135	45
1136	50
1137	54
1138	37
1139	31
1140	54
1141	65
1142	49
1143	47
1144	50
1145	51
1146	55
1147	46
1148	68
1149	37
1150	54
1151	50
1152	43
1153	45
1154	53
1155	36
1156	38
1157	49
1158	52
1159	55
1160	44
1161	44
1162	68
1163	51
1164	43
1165	59
1166	52
1167	74
1168	51
1169	59
1170	44
1171	51
1172	52
1173	49
1174	62
1175	46
1176	52
1177	58
1178	49
1179	49
1180	48
1181	45
1182	47
1183	45
1184	54
1185	49
1186	54
1187	47
1188	57
1189	58
1190	61
1191	50
1192	63
1193	41
1194	49
1195	49
1196	58
1197	50
1198	55
1199	42
1200	41
1201	41
1202	46
1203	47
1204	48
1205	53
1206	46
1207	55
1208	58
1209	56
1210	45
1211	50
1212	59
1213	46
1214	48
1215	40
1216	53
1217	52
1218	54
1219	60
1220	50
1221	49
1222	49
1223	58
1224	42
1225	56
1226	50
1227	39
1228	38
1229	46
1230	53
1231	48
1232	58
1233	56
1234	47
1235	43
1236	54
1237	49
1238	44
1239	43
1240	46
1241	55
1242	45
1243	48
1244	55
1245	63
1246	53
1247	43
1248	52
1249	48
1250	47
1251	60
1252	57
1253	59
1254	48
1255	52
1256	40
1257	48
1258	61
1259	47
1260	40
1261	50
1262	53
1263	44
1264	49
1265	49
1266	61
1267	46
1268	48
1269	55
1270	49
1271	49
1272	64
1273	51
1274	66
1275	44
1276	58
1277	50
1278	55
1279	53
1280	44
1281	30
1282	50
1283	74
1284	50
1285	55
1286	50
1287	53
1288	57
1289	49
1290	36
1291	54
1292	54
1293	53
1294	40
1295	56
1296	44
1297	50
1298	43
1299	53
1300	53
1301	61
1302	54
1303	43
1304	45
1305	50
1306	59
1307	59
1308	52
1309	44
1310	51
1311	56
1312	55
1313	49
1314	51
1315	45
1316	52
1317	39
1318	50
1319	46
1320	52
1321	40
1322	56
1323	55
1324	60
1325	51
1326	60
1327	65
1328	57
1329	50
1330	54
1331	56
1332	49
1333	43
1334	55
1335	58
1336	54
1337	63
1338	36
1339	66
1340	50
1341	46
1342	55
1343	41
1344	44
1345	51
1346	50
1347	58
1348	40
1349	55
1350	42
1351	47
1352	50
1353	48
1354	48
1355	46
1356	67
1357	55
1358	45
1359	46
1360	53
1361	55
1362	42
1363	55
1364	52
1365	58
1366	46
1367	47
1368	66
1369	44
1370	45
1371	59
1372	51
1373	64
1374	53
1375	38
1376	45
1377	32
1378	65
1379	66
1380	54
1381	60
1382	41
1383	53
1384	45
1385	60
1386	62
1387	49
1388	57
1389	53
1390	47
1391	45
1392	59
1393	46
1394	49
1395	49
1396	45
1397	49
1398	50
1399	45
1400	48
1401	49
1402	49
1403	59
1404	38
1405	47
1406	53
1407	57
1408	39
1409	48
1410	61
1411	37
1412	53
1413	50
1414	50
1415	55
1416	48
1417	38
1418	66
1419	49
1420	62
1421	35
1422	55
1423	46
1424	42
1425	52
1426	56
1427	60
1428	42
1429	52
1430	46
1431	54
1432	46
1433	47
1434	44
1435	53
1436	45
1437	44
1438	41
1439	44
1440	49
1441	41
1442	50
1443	59
1444	45
1445	48
1446	46
1447	47
1448	63
1449	50
1450	45
1451	55
1452	46
1453	44
1454	43
1455	56
1456	45
1457	51
1458	47
1459	60
1460	64
1461	54
1462	71
1463	63
1464	49
1465	47
1466	53
1467	47
1468	57
1469	47
1470	51
1471	51
1472	54
1473	51
1474	54
1475	42
1476	55
1477	62
1478	62
1479	54
1480	64
1481	57
1482	40
1483	58
1484	37
1485	61
1486	45
1487	45
1488	44
1489	43
1490	53
1491	49
1492	47
1493	38
1494	49
1495	39
1496	50
1497	49
1498	63
1499	54
1500	50
1501	53
1502	54
1503	45
1504	46
1505	44
1506	52
1507	50
1508	69
1509	60
1510	56
1511	59
1512	44
1513	42
1514	49
1515	42
1516	44
1517	48
1518	45
1519	34
1520	40
1521	61
1522	56
1523	47
1524	49
1525	48
1526	42
1527	51
1528	48
1529	43
1530	55
1531	57
1532	48
1533	39
1534	69
1535	43
1536	53
1537	56
1538	34
1539	49
1540	55
1541	48
1542	50
1543	56
1544	51
1545	51
1546	47
1547	58
1548	46
1549	57
1550	64
1551	60
1552	58
1553	44
1554	49
1555	52
1556	54
1557	56
1558	58
1559	53
1560	53
1561	50
1562	46
1563	53
1564	52
1565	55
1566	47
1567	53
1568	65
1569	56
1570	41
1571	58
1572	44
1573	42
1574	51
1575	53
1576	47
1577	42
1578	53
1579	48
1580	45
1581	39
1582	60
1583	41
1584	65
1585	55
1586	48
1587	53
1588	62
1589	50
1590	46
1591	57
1592	46
1593	56
1594	59
1595	49
1596	66
1597	52
1598	63
1599	47
1600	58
1601	61
1602	48
1603	54
1604	58
1605	65
1606	47
1607	63
1608	46
1609	46
1610	48
1611	58
1612	55
1613	53
1614	70
1615	46
1616	50
1617	70
1618	48
1619	61
1620	61
1621	51
1622	65
1623	48
1624	53
1625	51
1626	47
1627	58
1628	50
1629	45
1630	57
1631	55
1632	60
1633	55
1634	52
1635	50
1636	61
1637	36
1638	54
1639	50
1640	57
1641	51
1642	45
1643	41
1644	45
1645	51
1646	47
1647	51
1648	48
1649	48
1650	44
1651	51
1652	55
1653	55
1654	56
1655	37
1656	41
1657	47
1658	63
1659	47
1660	58
1661	55
1662	48
1663	58
1664	51
1665	59
1666	50
1667	44
1668	46
1669	42
1670	52
1671	51
1672	53
1673	47
1674	44
1675	64
1676	37
1677	48
1678	55
1679	49
1680	59
1681	51
1682	48
1683	52
1684	55
1685	53
1686	37
1687	51
1688	57
1689	45
1690	41
1691	55
1692	55
1693	49
1694	46
1695	46
1696	59
1697	52
1698	39
1699	58
1700	44
1701	55
1702	54
1703	49
1704	50
1705	53
1706	44
1707	50
1708	33
1709	43
1710	50
1711	51
1712	54
1713	43
1714	64
1715	50
1716	38
1717	50
1718	55
1719	45
1720	39
1721	59
1722	50
1723	67
1724	50
1725	59
1726	63
1727	59
1728	62
1729	46
1730	41
1731	39
1732	68
1733	46
1734	38
1735	59
1736	53
1737	45
1738	36
1739	40
1740	46
1741	42
1742	42
1743	62
1744	41
1745	53
1746	50
1747	39
1748	39
1749	47
1750	35
1751	50
1752	45
1753	56
1754	61
1755	55
1756	61
1757	63
1758	39
1759	56
1760	55
1761	54
1762	56
1763	55
1764	57
1765	50
1766	43
1767	44
1768	36
1769	55
1770	45
1771	48
1772	40
1773	34
1774	62
1775	50
1776	50
1777	57
1778	50
1779	64
1780	60
1781	45
1782	51
1783	41
1784	47
1785	46
1786	59
1787	38
1788	56
1789	51
1790	56
1791	64
1792	48
1793	54
1794	55
1795	55
1796	49
1797	39
1798	47
1799	40
1800	55
1801	49
1802	62
1803	60
1804	51
1805	48
1806	50
1807	50
1808	47
1809	49
1810	46
1811	41
1812	45
1813	61
1814	49
1815	53
1816	50
1817	50
1818	49
1819	41
1820	47
1821	57
1822	61
1823	48
1824	54
1825	41
1826	35
1827	47
1828	46
1829	45
1830	57
1831	67
1832	56
1833	57
1834	49
1835	58
1836	51
1837	57
1838	36
1839	57
1840	61
1841	57
1842	52
1843	59
1844	61
1845	37
1846	55
1847	52
1848	55
1849	43
1850	53
1851	53
1852	52
1853	44
1854	51
1855	57
1856	56
1857	49
1858	66
1859	49
1860	45
1861	41
1862	60
1863	48
1864	50
1865	63
1866	59
1867	49
1868	43
1869	58
1870	53
1871	61
1872	60
1873	56
1874	48
1875	52
1876	47
1877	58
1878	50
1879	50
1880	53
1881	46
1882	44
1883	47
1884	58
1885	46
1886	53
1887	45
1888	50
1889	48
1890	46
1891	55
1892	54
1893	47
1894	43
1895	58
1896	42
1897	46
1898	43
1899	56
1900	57
1901	53
1902	67
1903	44
1904	54
1905	59
1906	49
1907	60
1908	51
1909	52
1910	55
1911	55
1912	47
1913	65
1914	67
1915	53
1916	56
1917	50
1918	55
1919	51
1920	54
1921	46
1922	55
1923	56
1924	41
1925	60
1926	57
1927	64
1928	48
1929	70
1930	56
1931	54
1932	51
1933	67
1934	59
1935	56
1936	42
1937	49
1938	62
1939	58
1940	60
1941	56
1942	69
1943	38
1944	62
1945	67
1946	58
1947	59
1948	52
1949	60
1950	55
1951	69
1952	57
1953	53
1954	63
1955	57
1956	46
1957	51
1958	53
1959	49
1960	56
1961	61
1962	56
1963	56
1964	73
1965	63
1966	53
1967	46
1968	56
1969	54
1970	41
1971	49
1972	62
1973	60
1974	49
1975	79
1976	52
1977	64
1978	71
1979	50
1980	63
1981	51
1982	69
1983	58
1984	52
1985	61
1986	59
1987	55
1988	50
1989	64
1990	47
1991	62
1992	64
1993	64
1994	72
1995	72
1996	50
1997	55
1998	70
1999	61
2000	57
2001	56
2002	73
2003	67
2004	63
2005	53
2006	63
2007	66
2008	64
2009	64
2010	71
2011	59
2012	60
2013	64
2014	76
2015	67
2016	70
2017	59
2018	52
2019	74
2020	70
2021	69
2022	80
2023	64
2024	91
2025	68
2026	72
2027	78
2028	69
2029	68
2030	73
2031	79
2032	78
2033	77
2034	63
2035	64
2036	74
2037	81
2038	83
2039	81
2040	82
2041	63
2042	61
2043	72
2044	78
2045	71
2046	85
2047	89
2048	91
2049	76
2050	86
2051	85
2052	76
2053	97
2054	90
2055	70
2056	94
2057	104
2058	87
2059	75
2060	76
2061	82
2062	77
2063	97
2064	75
2065	79
2066	64
2067	85
2068	97
2069	89
2070	106
2071	96
2072	93
2073	91
2074	93
2075	101
2076	81
2077	92
2078	87
2079	90
2080	112
2081	113
2082	111
2083	101
2084	97
2085	95
2086	96
2087	126
2088	109
2089	86
2090	94
2091	81
2092	114
2093	110
2094	106
2095	118
2096	100
2097	102
2098	101
2099	112
2100	124
2101	113
2102	120
2103	96
2104	114
2105	87
2106	103
2107	118
2108	128
2109	130
2110	106
2111	117
2112	97
2113	110
2114	117
2115	116
2116	107
2117	128
2118	120
2119	87
2120	114
2121	110
2122	123
2123	125
2124	120
2125	102
2126	120
2127	128
2128	144
2129	113
2130	124
2131	146
2132	115
2133	113
2134	126
2135	121
2136	129
2137	127
2138	127
2139	112
2140	130
2141	100
2142	140
2143	127
2144	127
2145	108
2146	131
2147	124
2148	132
2149	145
2150	122
2151	113
2152	111
2153	101
2154	128
2155	133
2156	124
2157	119
2158	129
2159	134
2160	113
2161	131
2162	106
2163	99
2164	113
2165	126
2166	128
2167	130
2168	142
2169	113
2170	111
2171	127
2172	122
2173	111
2174	119
2175	111
2176	131
2177	136
2178	112
2179	124
2180	114
2181	112
2182	120
2183	104
2184	112
2185	126
2186	143
2187	107
2188	100
2189	126
2190	118
2191	109
2192	102
2193	111
2194	109
2195	107
2196	94
2197	114
2198	102
2199	108
2200	115
2201	118
2202	113
2203	105
2204	102
2205	109
2206	101
2207	118
2208	118
2209	112
2210	113
2211	90
2212	97
2213	114
2214	101
2215	97
2216	98
2217	102
2218	97
2219	110
2220	94
2221	106
2222	107
2223	86
2224	109
2225	105
2226	100
2227	115
2228	80
2229	112
2230	103
2231	104
2232	108
2233	99
2234	102
2235	90
2236	97
2237	88
2238	76
2239	105
2240	88
2241	98
2242	83
2243	96
2244	85
2245	83
2246	78
2247	78
2248	88
2249	99
2250	117
2251	80
2252	86
2253	80
2254	73
2255	69
2256	89
2257	82
2258	91
2259	77
2260	81
2261	86
2262	97
2263	88
2264	79
2265	89
2266	81
2267	82
2268	86
2269	89
2270	69
2271	88
2272	64
2273	78
2274	59
2275	81
2276	78
2277	83
2278	74
2279	70
2280	87
2281	78
2282	81
2283	89
2284	78
2285	70
2286	65
2287	70
2288	97
2289	56
2290	69
2291	84
2292	79
2293	77
2294	74
2295	76
2296	76
2297	60
2298	67
2299	73
2300	67
2301	69
2302	78
2303	55
2304	61
2305	69
2306	67
2307	67
2308	63
2309	59
2310	69
2311	66
2312	59
2313	57
2314	63
2315	66
2316	77
2317	77
2318	64
2319	78
2320	61
2321	71
2322	58
2323	60
2324	78
2325	61
2326	61
2327	61
2328	51
2329	63
2330	54
2331	67
2332	69
2333	62
2334	60
2335	74
2336	66
2337	68
2338	59
2339	59
2340	69
2341	65
2342	54
2343	84
2344	60
2345	56
2346	69
2347	71
2348	64
2349	61
2350	63
2351	63
2352	64
2353	68
2354	74
2355	58
2356	82
2357	64
2358	58
2359	52
2360	52
2361	67
2362	60
2363	53
2364	64
2365	65
2366	59
2367	71
2368	81
2369	57
2370	78
2371	58
2372	58
2373	55
2374	61
2375	82
2376	59
2377	65
2378	62
2379	76
2380	65
2381	81
2382	60
2383	60
2384	80
2385	59
2386	93
2387	76
2388	76
2389	68
2390	54
2391	79
2392	70
2393	75
2394	70
2395	70
2396	86
2397	65
2398	51
2399	64
2400	67
2401	58
2402	83
2403	73
2404	70
2405	62
2406	66
2407	60
2408	77
2409	71
2410	77
2411	63
2412	73
2413	58
2414	72
2415	63
2416	76
2417	75
2418	76
2419	76
2420	75
2421	77
2422	79
2423	57
2424	63
2425	88
2426	77
2427	77
2428	72
2429	65
2430	57
2431	73
2432	88
2433	77
2434	65
2435	65
2436	62
2437	70
2438	71
2439	75
2440	69
2441	78
2442	91
2443	84
2444	76
2445	74
2446	63
2447	62
2448	78
2449	78
2450	66
2451	73
2452	77
2453	77
2454	73
2455	81
2456	77
2457	81
2458	79
2459	78
2460	98
2461	76
2462	78
2463	65
2464	79
2465	68
2466	90
2467	80
2468	69
2469	77
2470	82
2471	76
2472	85
2473	80
2474	81
2475	87
2476	74
2477	78
2478	61
2479	76
2480	80
2481	72
2482	85
2483	84
2484	68
2485	77
2486	80
2487	94
2488	72
2489	88
2490	81
2491	91
2492	71
2493	78
2494	91
2495	89
2496	85
2497	70
2498	85
2499	83
2500	89
2501	75
2502	108
2503	89
2504	75
2505	67
2506	84
2507	68
2508	100
2509	100
2510	84
2511	76
2512	83
2513	86
2514	82
2515	82
2516	79
2517	79
2518	87
2519	84
2520	66
2521	93
2522	101
2523	75
2524	76
2525	85
2526	100
2527	81
2528	93
2529	82
2530	98
2531	97
2532	110
2533	84
2534	82
2535	73
2536	79
2537	99
2538	93
2539	87
2540	110
2541	117
2542	87
2543	83
2544	94
2545	101
2546	100
2547	90
2548	107
2549	77
2550	98
2551	93
2552	110
2553	112
2554	83
2555	113
2556	106
2557	96
2558	113
2559	89
2560	85
2561	99
2562	104
2563	98
2564	95
2565	94
2566	106
2567	95
2568	102
2569	95
2570	101
2571	105
2572	111
2573	108
2574	94
2575	122
2576	104
2577	108
2578	112
2579	115
2580	103
2581	109
2582	110
2583	131
2584	94
2585	118
2586	113
2587	109
2588	121
2589	118
2590	121
2591	130
2592	131
2593	123
2594	128
2595	112
2596	126
2597	127
2598	127
2599	107
2600	135
2601	143
2602	129
2603	123
2604	137
2605	146
2606	141
2607	142
2608	150
2609	138
2610	138
2611	121
2612	146
2613	149
2614	163
2615	151
2616	154
2617	168
2618	130
2619	163
2620	156
2621	142
2622	149
2623	161
2624	154
2625	167
2626	163
2627	145
2628	172
2629	163
2630	156
2631	183
2632	184
2633	147
2634	160
2635	181
2636	204
2637	187
2638	195
2639	177
2640	172
2641	174
2642	175
2643	200
2644	187
2645	174
2646	180
2647	195
2648	200
2649	193
2650	169
2651	193
2652	196
2653	185
2654	185
2655	185
2656	202
2657	180
2658	178
2659	190
2660	201
2661	213
2662	177
2663	195
2664	199
2665	218
2666	209
2667	211
2668	218
2669	204
2670	210
2671	199
2672	216
2673	183
2674	235
2675	197
2676	236
2677	222
2678	221
2679	221
2680	217
2681	223
2682	220
2683	213
2684	217
2685	252
2686	234
2687	231
2688	228
2689	204
2690	255
2691	225
2692	244
2693	253
2694	239
2695	237
2696	217
2697	225
2698	234
2699	260
2700	273
2701	253
2702	250
2703	250
2704	245
2705	269
2706	207
2707	212
2708	276
2709	257
2710	257
2711	268
2712	237
2713	224
2714	265
2715	293
2716	242
2717	237
2718	239
2719	265
2720	263
2721	259
2722	279
2723	257
2724	279
2725	275
2726	288
2727	255
2728	270
2729	269
2730	274
2731	288
2732	273
2733	286
2734	291
2735	292
2736	300
2737	294
2738	265
2739	287
2740	296
2741	290
2742	298
2743	299
2744	283
2745	279
2746	311
2747	308
2748	318
2749	284
2750	342
2751	324
2752	300
2753	337
2754	317
2755	336
2756	303
2757	290
2758	334
2759	352
2760	321
2761	349
2762	375
2763	376
2764	373
2765	351
2766	380
2767	380
2768	359
2769	376
2770	377
2771	364
2772	365
2773	340
2774	392
2775	368
2776	433
2777	388
2778	403
2779	439
2780	417
2781	454
2782	428
2783	438
2784	455
2785	441
2786	505
2787	513
2788	426
2789	512
2790	480
2791	516
2792	524
2793	542
2794	530
2795	506
2796	574
2797	556
2798	584
2799	569
2800	625
2801	597
2802	674
2803	664
2804	643
2805	720
2806	683
2807	756
2808	757
2809	784
2810	736
2811	768
2812	780
2813	786
2814	801
2815	869
2816	820
2817	910
2818	888
2819	969
2820	906
2821	966
2822	1002
2823	1094
2824	1109
2825	1099
2826	1099
2827	1155
2828	1225
2829	1232
2830	1259
2831	1295
2832	1251
2833	1343
2834	1494
2835	1480
2836	1480
2837	1441
2838	1581
2839	1567
2840	1570
2841	1657
2842	1675
2843	1652
2844	1796
2845	1915
2846	1862
2847	2004
2848	2026
2849	2032
2850	2104
2851	2193
2852	2185
2853	2257
2854	2322
2855	2428
2856	2474
2857	2576
2858	2523
2859	2552
2860	2628
2861	2821
2862	2832
2863	2808
2864	3100
2865	2975
2866	3047
2867	3208
2868	3228
2869	3224
2870	3469
2871	3642
2872	3607
2873	3734
2874	3798
2875	3854
2876	4036
2877	4037
2878	4132
2879	4190
2880	4236
2881	4410
2882	4439
2883	4572
2884	4705
2885	4706
2886	4933
2887	4858
2888	5075
2889	5227
2890	5351
2891	5386
2892	5686
2893	5699
2894	5728
2895	5896
2896	5944
2897	6145
2898	6177
2899	6371
2900	6425
2901	6542
2902	6753
2903	6795
2904	7055
2905	7065
2906	7174
2907	7362
2908	7548
2909	7473
2910	7673
2911	7679
2912	7967
2913	8098
2914	8257
2915	8305
2916	8561
2917	8657
2918	8994
2919	8988
2920	8945
2921	9481
2922	9331
2923	9535
2924	9649
2925	9979
2926	10002
2927	9965
2928	10255
2929	10346
2930	10648
2931	10931
2932	10960
2933	11004
2934	11119
2935	11381
2936	11569
2937	11608
2938	11866
2939	11832
2940	11936
2941	12466
2942	12462
2943	12614
2944	12721
2945	12638
2946	12676
2947	13111
2948	13184
2949	13376
2950	13728
2951	13638
2952	13897
2953	14092
2954	13993
2955	14144
2956	14306
2957	14536
2958	14288
2959	14788
2960	14881
2961	14896
2962	15206
2963	15229
2964	15369
2965	15536
2966	15672
2967	15690
2968	15765
2969	15614
2970	16024
2971	16119
2972	16388
2973	16256
2974	16632
2975	16442
2976	16799
2977	16897
2978	16846
2979	16904
2980	16991
2981	16871
2982	17032
2983	17305
2984	17455
2985	17389
2986	17358
2987	17459
2988	17744
2989	17766
2990	17834
2991	17573
2992	17598
2993	17717
2994	18070
2995	18091
2996	18226
2997	17859
2998	17999
2999	18140
3000	18041
3001	18361
3002	18242
3003	18158
3004	18374
3005	17999
3006	18115
3007	18213
3008	18110
3009	17942
3010	18019
3011	18085
3012	18038
3013	18012
3014	18033
3015	18069
3016	17853
3017	18047
3018	18031
3019	17854
3020	17866
3021	17901
3022	17845
3023	17511
3024	17695
3025	17706
3026	17698
3027	17402
3028	17608
3029	17400
3030	17178
3031	17642
3032	17177
3033	16856
3034	16954
3035	16974
3036	16989
3037	16750
3038	16729
3039	16551
3040	16474
3041	16141
3042	16140
3043	16215
3044	16169
3045	15872
3046	15661
3047	15540
3048	15504
3049	15272
3050	15254
3051	15292
3052	14961
3053	14874
3054	14853
3055	14649
3056	14529
3057	14425
3058	14359
3059	14079
3060	14258
3061	13883
3062	13782
3063	13740
3064	13552
3065	13187
3066	13312
3067	13049
3068	12933
3069	12788
3070	12747
3071	12397
3072	12280
3073	12228
3074	11953
3075	11771
3076	11803
3077	11471
3078	11179
3079	11292
3080	11123
3081	11006
3082	10945
3083	10684
3084	10439
3085	10399
3086	10250
3087	10054
3088	9991
3089	9760
3090	9610
3091	9412
3092	9455
3093	9257
3094	9054
3095	9007
3096	8820
3097	8854
3098	8587
3099	8352
3100	8216
3101	7975
3102	8058
3103	8035
3104	7660
3105	7398
3106	7338
3107	7185
3108	7200
3109	7080
3110	6870
3111	6850
3112	6753
3113	6611
3114	6475
3115	6302
3116	6263
3117	6293
3118	6080
3119	5912
3120	5736
3121	5527
3122	5406
3123	5457
3124	5295
3125	5171
3126	5112
3127	5102
3128	5030
3129	4820
3130	4745
3131	4606
3132	4470
3133	4408
3134	4278
3135	4279
3136	4043
3137	4153
3138	4200
3139	3939
3140	3863
3141	4016
3142	3656
3143	3499
3144	3558
3145	3529
3146	3458
3147	3373
3148	3309
3149	3163
3150	3227
3151	3179
3152	3123
3153	3028
3154	2832
3155	2907
3156	2898
3157	2889
3158	2714
3159	2700
3160	2565
3161	2584
3162	2664
3163	2541
3164	2490
3165	2451
3166	2362
3167	2314
3168	2293
3169	2394
3170	2296
3171	2117
3172	2069
3173	2182
3174	2041
3175	2142
3176	2108
3177	2077
3178	1989
3179	2045
3180	1968
3181	1937
3182	1980
3183	1929
3184	1922
3185	1928
3186	1883
3187	1845
3188	1898
3189	1787
3190	1851
3191	1883
3192	1836
3193	1810
3194	1796
3195	1746
3196	1784
3197	1851
3198	1799
3199	1863
3200	1826
3201	1849
3202	1814
3203	1820
3204	1777
3205	1762
3206	1910
3207	1798
3208	1763
3209	1841
3210	1867
3211	1914
3212	1870
3213	1921
3214	1878
3215	1931
3216	1820
3217	1900
3218	1866
3219	1854
3220	1890
3221	1971
3222	2007
3223	1897
3224	1973
3225	1901
3226	2006
3227	1992
3228	1990
3229	2064
3230	2061
3231	1968
3232	2044
3233	1992
3234	2056
3235	2104
3236	2172
3237	2184
3238	2149
3239	2155
3240	2264
3241	2210
3242	2253
3243	2187
3244	2273
3245	2213
3246	2255
3247	2332
3248	2335
3249	2241
3250	2336
3251	2310
3252	2362
3253	2413
3254	2375
3255	2425
3256	2423
3257	2409
3258	2431
3259	2409
3260	2544
3261	2420
3262	2443
3263	2519
3264	2497
3265	2612
3266	2533
3267	2591
3268	2569
3269	2555
3270	2526
3271	2671
3272	2551
3273	2580
3274	2707
3275	2583
3276	2682
3277	2679
3278	2727
3279	2787
3280	2712
3281	2665
3282	2751
3283	2711
3284	2709
3285	2764
3286	2717
3287	2674
3288	2668
3289	2703
3290	2710
3291	2805
3292	2762
3293	2738
3294	2782
3295	2762
3296	2734
3297	2816
3298	2719
3299	2696
3300	2690
3301	2663
3302	2726
3303	2670
3304	2683
3305	2720
3306	2624
3307	2737
3308	2802
3309	2643
3310	2701
3311	2556
3312	2690
3313	2634
3314	2552
3315	2646
3316	2666
3317	2620
3318	2486
3319	2658
3320	2655
3321	2613
3322	2574
3323	2543
3324	2656
3325	2595
3326	2492
3327	2486
3328	2496
3329	2509
3330	2492
3331	2412
3332	2471
3333	2445
3334	2288
3335	2430
3336	2419
3337	2290
3338	2407
3339	2291
3340	2333
3341	2274
3342	2213
3343	2297
3344	2115
3345	2119
3346	2224
3347	2137
3348	2097
3349	2101
3350	2155
3351	2108
3352	2017
3353	2073
3354	1963
3355	1934
3356	1990
3357	1881
3358	1944
3359	1831
3360	1800
3361	1804
3362	1909
3363	1823
3364	1714
3365	1892
3366	1748
3367	1725
3368	1665
3369	1686
3370	1673
3371	1635
3372	1695
3373	1583
3374	1559
3375	1554
3376	1524
3377	1549
3378	1538
3379	1477
3380	1420
3381	1444
3382	1389
3383	1380
3384	1360
3385	1323
3386	1332
3387	1246
3388	1239
3389	1261
3390	1240
3391	1272
3392	1153
3393	1197
3394	1151
3395	1117
3396	1075
3397	1057
3398	1028
3399	1040
3400	1031
3401	958
3402	976
3403	1006
3404	1011
3405	919
3406	937
3407	874
3408	869
3409	854
3410	882
3411	831
3412	851
3413	814
3414	811
3415	725
3416	762
3417	771
3418	699
3419	710
3420	684
3421	679
3422	660
3423	676
3424	591
3425	589
3426	579
3427	562
3428	582
3429	538
3430	585
3431	492
3432	503
3433	502
3434	488
3435	507
3436	468
3437	467
3438	438
3439	454
3440	419
3441	440
3442	388
3443	349
3444	388
3445	367
3446	343
3447	320
3448	335
3449	308
3450	318
3451	331
3452	335
3453	285
3454	277
3455	232
3456	284
3457	252
3458	266
3459	295
3460	258
3461	240
3462	222
3463	232
3464	220
3465	213
3466	188
3467	179
3468	189
3469	162
3470	186
3471	182
3472	170
3473	182
3474	149
3475	158
3476	156
3477	148
3478	136
3479	138
3480	133
3481	132
3482	144
3483	107
3484	106
3485	123
3486	118
3487	100
3488	99
3489	94
3490	99
3491	86
3492	89
3493	97
3494	78
3495	72
3496	68
3497	68
3498	69
3499	64
3500	65
3501	52
3502	53
3503	55
3504	78
3505	48
3506	59
3507	61
3508	47
3509	44
3510	45
3511	48
3512	45
3513	44
3514	37
3515	40
3516	42
3517	32
3518	39
3519	39
3520	34
3521	33
3522	32
3523	19
3524	32
3525	26
3526	35
3527	27
3528	20
3529	24
3530	31
3531	12
3532	15
3533	17
3534	17
3535	19
3536	13
3537	17
3538	10
3539	24
3540	18
3541	19
3542	18
3543	12
3544	13
3545	17
3546	11
3547	12
3548	8
3549	17
3550	13
3551	8
3552	17
3553	10
3554	13
3555	11
3556	5
3557	10
3558	10
3559	8
3560	11
3561	6
3562	7
3563	10
3564	8
3565	3
3566	7
3567	9
3568	7
3569	2
3570	5
3571	8
3572	8
3573	9
3574	3
3575	7
3576	3
3577	2
3578	2
3579	1
3580	5
3581	2
3582	1
3583	5
3584	4
3585	5
3586	2
3587	3
3588	8
3589	5
3590	6
3591	3
3592	2
3593	1
3594	5
3595	3
3596	1
3597	4
3598	1
3599	3
3600	4
3601	6
3602	1
3603	2
3604	2
3605	1
3606	1
3607	3
3608	3
3609	5
3610	4
3611	3
3612	2
3613	3
3614	4
3615	1
3616	3
3617	6
3618	1
3619	5
3620	2
3621	3
3622	3
3623	4
3624	4
3625	3
3626	1
3627	1
3628	1
3629	5
3630	3
3631	2
3632	2
3633	1
3634	3
3635	1
3636	0
3637	1
3638	2
3639	3
3640	2
3641	0
3642	2
3643	1
3644	1
3645	2
3646	1
3647	4
3648	3
3649	4
3650	5
3651	2
3652	2
3653	3
3654	2
3655	5
3656	4
3657	2
3658	1
3659	4
3660	3
3661	1
3662	1
3663	1
3664	0
3665	2
3666	0
3667	2
3668	1
3669	1
3670	1
3671	0
3672	1
3673	2
3674	0
3675	2
3676	1
3677	1
3678	1
3679	1
3680	2
3681	0
3682	0
3683	1
3684	3
3685	1
3686	0
3687	4
3688	2
3689	2
3690	2
3691	0
3692	6
3693	4
3694	0
3695	4
3696	1
3697	0
3698	1
3699	1
3700	1
3701	1
3702	1
3703	0
3704	1
3705	3
3706	2
3707	0
3708	3
3709	1
3710	1
3711	3
3712	1
3713	1
3714	2
3715	1
3716	2
3717	4
3718	4
3719	0
3720	5
3721	1
3722	2
3723	3
3724	1
3725	0
3726	0
3727	1
3728	3
3729	1
3730	1
3731	1
3732	0
3733	4
3734	4
3735	3
3736	2
3737	2
3738	3
3739	0
3740	0
3741	3
3742	1
3743	0
3744	1
3745	0
3746	1
3747	1
3748	1
3749	1
3750	2
3751	2
3752	2
3753	2
3754	1
3755	0
3756	2
3757	0
3758	0
3759	3
3760	2
3761	3
3762	0
3763	0
3764	3
3765	1
3766	1
3767	1
3768	0
3769	2
3770	0
3771	2
3772	0
3773	7
3774	1
3775	2
3776	3
3777	0
3778	1
3779	2
3780	2
3781	2
3782	1
3783	2
3784	4
3785	2
3786	1
3787	1
3788	1
3789	2
3790	5
3791	3
3792	1
3793	1
3794	5
3795	1
3796	0
3797	0
3798	1
3799	1
3800	1
3801	3
3802	0
3803	2
3804	3
3805	3
3806	3
3807	2
3808	3
3809	1
3810	1
3811	2
3812	0
3813	1
3814	2
3815	0
3816	2
3817	0
3818	1
3819	1
3820	1
3821	1
3822	1
3823	1
3824	2
3825	1
3826	2
3827	1
3828	1
3829	1
3830	1
3831	1
3832	1
3833	0
3834	0
3835	0
3836	2
3837	0
3838	0
3839	2
3840	0
3841	0
3842	1
3843	0
3844	0
3845	3
3846	2
3847	1
3848	1
3849	0
3850	0
3851	3
3852	1
3853	1
3854	1
3855	0
3856	0
3857	2
3858	3
3859	4
3860	1
3861	1
3862	3
3863	1
3864	1
3865	1
3866	0
3867	1
3868	1
3869	0
3870	2
3871	0
3872	1
3873	1
3874	0
3875	1
3876	1
3877	0
3878	0
3879	4
3880	1
3881	1
3882	0
3883	1
3884	0
3885	0
3886	0
3887	3
3888	1
3889	1
3890	1
3891	0
3892	0
3893	2
3894	1
3895	0
3896	2
3897	1
3898	1
3899	2
3900	0
3901	1
3902	0
3903	1
3904	0
3905	0
3906	2
3907	1
3908	0
3909	1
3910	1
3911	1
3912	1
3913	1
3914	1
3915	1
3916	3
3917	3
3918	0
3919	0
3920	2
3921	1
3922	2
3923	4
3924	0
3925	3
3926	1
3927	1
3928	1
3929	1
3930	1
3931	0
3932	3
3933	1
3934	1
3935	0
3936	2
3937	3
3938	2
3939	1
3940	1
3941	0
3942	2
3943	1
3944	0
3945	3
3946	1
3947	1
3948	1
3949	1
3950	1
3951	2
3952	1
3953	1
3954	0
3955	1
3956	0
3957	1
3958	2
3959	2
3960	2
3961	3
3962	1
3963	0
3964	1
3965	0
3966	0
3967	0
3968	1
3969	0
3970	3
3971	1
3972	2
3973	2
3974	1
3975	1
3976	3
3977	0
3978	1
3979	1
3980	0
3981	0
3982	0
3983	0
3984	0
3985	1
3986	1
3987	0
3988	2
3989	2
3990	1
3991	0
3992	1
3993	1
3994	0
3995	1
3996	0
3997	0
3998	0
3999	0
4000	1
4001	1
4002	1
4003	1
4004	0
4005	1
4006	1
4007	1
4008	1
4009	1
4010	3
4011	1
4012	1
4013	1
4014	1
4015	1
4016	1
4017	1
4018	1
4019	2
4020	1
4021	0
4022	0
4023	4
4024	0
4025	0
4026	2
4027	2
4028	1
4029	2
4030	3
4031	3
4032	2
4033	0
4034	2
4035	1
4036	1
4037	0
4038	1
4039	1
4040	3
4041	1
4042	3
4043	2
4044	0
4045	2
4046	1
4047	3
4048	1
4049	1
4050	0
4051	0
4052	1
4053	1
4054	0
4055	1
4056	0
4057	0
4058	1
4059	1
4060	0
4061	2
4062	1
4063	0
4064	3
4065	0
4066	1
4067	1
4068	1
4069	2
4070	1
4071	2
4072	0
4073	0
4074	0
4075	0
4076	0
4077	0
4078	0
4079	1
4080	1
4081	0
4082	3
4083	1
4084	0
4085	1
4086	2
4087	2
4088	0
4089	3
4090	1
4091	2
4092	2
4093	1
4094	0
4095	0
4096	0
4097	2
4098	0
4099	0
4100	2
4101	2
4102	0
4103	3
4104	1
4105	1
4106	1
4107	0
4108	0
4109	0
4110	0
4111	0
4112	0
4113	1
4114	0
4115	2
4116	0
4117	2
4118	0
4119	0
4120	1
4121	0
4122	0
4123	1
4124	1
4125	0
4126	1
4127	0
4128	1
4129	1
4130	1
4131	1
4132	2
4133	0
4134	0
4135	1
4136	2
4137	1
4138	2
4139	0
4140	1
4141	4
4142	0
4143	0
4144	2
4145	0
4146	0
4147	0
4148	0
4149	1
4150	0
4151	1
4152	0
4153	0
4154	0
4155	1
4156	1
4157	2
4158	2
4159	1
4160	1
4161	0
4162	0
4163	0
4164	2
4165	0
4166	3
4167	0
4168	0
4169	0
4170	0
4171	2
4172	1
4173	1
4174	0
4175	0
4176	0
4177	1
4178	0
4179	0
4180	1
4181	0
4182	0
4183	1
4184	1
4185	1
4186	2
4187	1
4188	0
4189	0
4190	1
4191	0
4192	0
4193	0
4194	0
4195	1
4196	1
4197	0
4198	1
4199	0
4200	1
4201	2
4202	1
4203	1
4204	1
4205	1
4206	0
4207	3
4208	1
4209	0
4210	1
4211	1
4212	0
4213	1
4214	0
4215	0
4216	2
4217	0
4218	1
4219	0
4220	0
4221	1
4222	0
4223	0
4224	2
4225	0
4226	0
4227	1
4228	2
4229	1
4230	0
4231	1
4232	3
4233	0
4234	1
4235	2
4236	0
4237	1
4238	0
4239	1
4240	0
4241	0
4242	0
4243	0
4244	0
4245	1
4246	2
4247	0
4248	2
4249	1
4250	1
4251	0
4252	1
4253	0
4254	1
4255	1
4256	0
4257	0
4258	1
4259	1
4260	0
4261	0
4262	0
4263	0
4264	0
4265	0
4266	0
4267	1
4268	0
4269	0
4270	0
4271	1
4272	0
4273	0
4274	0
4275	0
4276	1
4277	1
4278	1
4279	0
4280	0
4281	1
4282	0
4283	0
4284	1
4285	0
4286	1
4287	0
4288	0
4289	0
4290	0
4291	1
4292	0
4293	0
4294	0
4295	0
4296	1
4297	0
4298	1
4299	0
4300	0
4301	1
4302	1
4303	0
4304	0
4305	0
4306	1
4307	0
4308	0
4309	0
4310	0
4311	0
4312	0
4313	0
4314	1
4315	0
4316	2
4317	1
4318	0
4319	0
4320	1
4321	0
4322	0
4323	0
4324	1
4325	2
4326	0
4327	0
4328	1
4329	0
4330	0
4331	0
4332	1
4333	0
4334	0
4335	1
4336	0
4337	0
4338	0
4339	2
4340	0
4341	0
4342	0
4343	0
4344	2
4345	1
4346	2
4347	0
4348	2
4349	0
4350	1
4351	0
4352	1
4353	0
4354	0
4355	1
4356	3
4357	1
4358	0
4359	1
4360	0
4361	0
4362	0
4363	1
4364	1
4365	0
4366	0
4367	0
4368	0
4369	0
4370	0
4371	0
4372	0
4373	0
4374	0
4375	0
4376	0
4377	0
4378	0
4379	1
4380	0
4381	0
4382	1
4383	1
4384	0
4385	0
4386	1
4387	1
4388	0
4389	1
4390	1
4391	1
4392	0
4393	0
4394	0
4395	1
4396	1
4397	0
4398	1
4399	1
4400	2
4401	0
4402	0
4403	1
4404	1
4405	0
4406	1
4407	1
4408	1
4409	1
4410	1
4411	1
4412	0
4413	1
4414	2
4415	0
4416	2
4417	1
4418	0
4419	0
4420	0
4421	1
4422	1
4423	0
4424	0
4425	1
4426	1
4427	1
4428	0
4429	1
4430	0
4431	2
4432	0
4433	0
4434	3
4435	0
4436	0
4437	2
4438	1
4439	1
4440	0
4441	1
4442	3
4443	1
4444	0
4445	0
4446	0
4447	0
4448	0
4449	0
4450	0
4451	0
4452	0
4453	0
4454	0
4455	2
4456	0
4457	0
4458	0
4459	2
4460	0
4461	0
4462	0
4463	0
4464	0
4465	1
4466	0
4467	0
4468	0
4469	0
4470	0
4471	1
4472	0
4473	1
4474	0
4475	0
4476	1
4477	1
4478	0
4479	0
4480	0
4481	0
4482	0
4483	0
4484	0
4485	1
4486	0
4487	0
4488	0
4489	0
4490	1
4491	0
4492	1
4493	0
4494	0
4495	0
4496	0
4497	2
4498	1
4499	0
4500	0
4501	0
4502	1
4503	0
4504	1
4505	1
4506	0
4507	0
4508	0
4509	2
4510	0
4511	0
4512	0
4513	0
4514	0
4515	0
4516	2
4517	0
4518	0
4519	0
4520	0
4521	0
4522	1
4523	1
4524	1
4525	0
4526	0
4527	1
4528	1
4529	2
4530	1
4531	1
4532	0
4533	0
4534	1
4535	0
4536	0
4537	0
4538	0
4539	0
4540	0
4541	1
4542	0
4543	1
4544	2
4545	0
4546	1
4547	0
4548	1
4549	0
4550	0
4551	0
4552	2
4553	0
4554	0
4555	0
4556	1
4557	1
4558	1
4559	0
4560	0
4561	0
4562	0
4563	0
4564	0
4565	1
4566	0
4567	1
4568	0
4569	0
4570	1
4571	0
4572	0
4573	1
4574	0
4575	1
4576	0
4577	0
4578	0
4579	0
4580	0
4581	0
4582	1
4583	0
4584	1
4585	0
4586	0
4587	0
4588	0
4589	1
4590	1
4591	1
4592	1
4593	0
4594	0
4595	1
4596	0
4597	1
4598	0
4599	0
4600	1
4601	0
4602	0
4603	1
4604	1
4605	0
4606	0
4607	0
4608	0
4609	0
4610	0
4611	1
4612	0
4613	1
4614	1
4615	0
4616	0
4617	0
4618	0
4619	0
4620	1
4621	0
4622	0
4623	0
4624	1
4625	0
4626	0
4627	0
4628	0
4629	0
4630	0
4631	2
4632	0
4633	0
4634	0
4635	1
4636	0
4637	0
4638	0
4639	0
4640	0
4641	0
4642	0
4643	0
4644	0
4645	0
4646	0
4647	2
4648	2
4649	1
4650	0
4651	1
4652	0
4653	0
4654	1
4655	0
4656	0
4657	1
4658	3
4659	0
4660	0
4661	0
4662	0
4663	0
4664	0
4665	0
4666	1
4667	0
4668	0
4669	1
4670	2
4671	0
4672	2
4673	0
4674	1
4675	1
4676	0
4677	0
4678	0
4679	0
4680	1
4681	0
4682	1
4683	0
4684	1
4685	2
4686	0
4687	1
4688	0
4689	0
4690	1
4691	1
4692	0
4693	0
4694	1
4695	0
4696	0
4697	1
4698	1
4699	0
4700	0
4701	1
4702	1
4703	0
4704	1
4705	1
4706	1
4707	1
4708	0
4709	0
4710	0
4711	0
4712	0
4713	0
4714	0
4715	1
4716	0
4717	0
4718	1
4719	0
4720	0
4721	0
4722	1
4723	0
4724	1
4725	0
4726	0
4727	0
4728	0
4729	0
4730	0
4731	0
4732	0
4733	0
4734	0
4735	0
4736	1
4737	0
4738	0
4739	0
4740	2
4741	0
4742	1
4743	0
4744	0
4745	0
4746	0
4747	0
4748	1
4749	1
4750	0
4751	0
4752	0
4753	0
4754	2
4755	0
4756	0
4757	1
4758	0
4759	0
4760	1
4761	0
4762	0
4763	0
4764	0
4765	1
4766	1
4767	1
4768	1
4769	1
4770	0
4771	0
4772	0
4773	0
4774	0
4775	0
4776	0
4777	0
4778	0
4779	0
4780	0
4781	0
4782	1
4783	0
4784	0
4785	0
4786	0
4787	0
4788	0
4789	0
4790	0
4791	1
4792	0
4793	0
4794	0
4795	1
4796	0
4797	0
4798	0
4799	0
4800	0
4801	0
4802	1
4803	0
4804	0
4805	0
4806	1
4807	0
4808	0
4809	1
4810	0
4811	0
4812	0
4813	0
4814	0
4815	0
4816	1
4817	2
4818	0
4819	0
4820	1
4821	1
4822	1
4823	0
4824	0
4825	0
4826	0
4827	0
4828	1
4829	3
4830	1
4831	0
4832	0
4833	1
4834	2
4835	0
4836	0
4837	0
4838	1
4839	0
4840	1
4841	0
4842	0
4843	0
4844	0
4845	0
4846	1
4847	0
4848	1
4849	0
4850	0
4851	0
4852	0
4853	2
4854	1
4855	2
4856	1
4857	1
4858	0
4859	0
4860	0
4861	0
4862	0
4863	0
4864	0
4865	0
4866	0
4867	0
4868	0
4869	0
4870	0
4871	0
4872	2
4873	0
4874	0
4875	0
4876	0
4877	0
4878	0
4879	0
4880	0
4881	0
4882	0
4883	0
4884	0
4885	0
4886	0
4887	0
4888	0
4889	0
4890	0
4891	0
4892	0
4893	0
4894	0
4895	0
4896	0
4897	0
4898	0
4899	0
4900	1
4901	0
4902	1
4903	0
4904	0
4905	0
4906	0
4907	0
4908	1
4909	0
4910	1
4911	0
4912	2
4913	2
4914	0
4915	0
4916	0
4917	0
4918	0
4919	0
4920	1
4921	1
4922	0
4923	0
4924	0
4925	0
4926	0
4927	0
4928	0
4929	0
4930	0
4931	0
4932	0
4933	0
4934	0
4935	0
4936	0
4937	1
4938	0
4939	1
4940	0
4941	0
4942	1
4943	0
4944	0
4945	0
4946	0
4947	1
4948	1
4949	0
4950	1
4951	0
4952	0
4953	0
4954	0
4955	1
4956	0
4957	1
4958	0
4959	0
4960	0
4961	0
4962	0
4963	0
4964	0
4965	0
4966	2
4967	1
4968	1
4969	0
4970	0
4971	0
4972	0
4973	0
4974	0
4975	0
4976	0
4977	0
4978	0
4979	1
4980	1
4981	0
4982	0
4983	1
4984	1
4985	0
4986	0
4987	0
4988	1
4989	0
4990	2
4991	0
4992	2
4993	1
4994	1
4995	0
4996	0
4997	0
4998	0
4999	0
5000	0
5001	0
5002	1
5003	1
5004	0
5005	0
5006	1
5007	0
5008	0
5009	1
5010	0
5011	0
5012	1
5013	0
5014	0
5015	0
5016	0
5017	0
5018	2
5019	0
5020	0
5021	0
5022	1
5023	0
5024	0
5025	1
5026	0
5027	0
5028	0
5029	1
5030	0
5031	0
5032	0
5033	0
5034	0
5035	0
5036	1
5037	0
5038	1
5039	1
5040	0
5041	0
5042	0
5043	0
5044	0
5045	1
5046	0
5047	1
5048	0
5049	0
5050	0
5051	0
5052	1
5053	0
5054	1
5055	0
5056	0
5057	0
5058	0
5059	0
5060	0
5061	0
5062	0
5063	0
5064	0
5065	0
5066	0
5067	0
5068	0
5069	2
5070	1
5071	0
5072	0
5073	0
5074	2
5075	0
5076	0
5077	0
5078	1
5079	0
5080	0
5081	1
5082	0
5083	0
5084	0
5085	0
5086	1
5087	0
5088	0
5089	0
5090	0
5091	1
5092	0
5093	0
5094	0
5095	0
5096	1
5097	0
5098	0
5099	0
5100	1
5101	0
5102	0
5103	1
5104	0
5105	1
5106	0
5107	1
5108	2
5109	0
5110	2
5111	0
5112	0
5113	0
5114	0
5115	0
5116	0
5117	1
5118	0
5119	0
5120	1
5121	0
5122	1
5123	0
5124	0
5125	0
5126	0
5127	0
5128	0
5129	1
5130	0
5131	0
5132	0
5133	0
5134	0
5135	0
5136	0
5137	0
5138	1
5139	0
5140	1
5141	0
5142	0
5143	0
5144	1
5145	0
5146	0
5147	1
5148	0
5149	0
5150	2
5151	0
5152	0
5153	0
5154	0
5155	1
5156	0
5157	0
5158	0
5159	0
5160	0
5161	0
5162	1
5163	0
5164	0
5165	1
5166	0
5167	1
5168	0
5169	0
5170	4
5171	0
5172	1
5173	0
5174	0
5175	0
5176	0
5177	1
5178	0
5179	1
5180	1
5181	0
5182	0
5183	0
5184	0
5185	1
5186	0
5187	0
5188	1
5189	1
5190	0
5191	0
5192	0
5193	0
5194	0
5195	0
5196	1
5197	0
5198	0
5199	1
5200	0
5201	0
5202	0
5203	0
5204	1
5205	0
5206	0
5207	1
5208	0
5209	0
5210	1
5211	0
5212	0
5213	0
5214	0
5215	1
5216	1
5217	0
5218	0
5219	0
5220	0
5221	0
5222	1
5223	0
5224	0
5225	0
5226	1
5227	1
5228	1
5229	0
5230	0
5231	0
5232	0
5233	0
5234	0
5235	0
5236	1
5237	0
5238	1
5239	0
5240	0
5241	0
5242	0
5243	0
5244	0
5245	0
5246	0
5247	0
5248	0
5249	0
5250	0
5251	0
5252	0
5253	0
5254	0
5255	1
5256	2
5257	0
5258	0
5259	0
5260	1
5261	0
5262	1
5263	0
5264	0
5265	0
5266	1
5267	1
5268	1
5269	0
5270	0
5271	0
5272	0
5273	0
5274	0
5275	1
5276	0
5277	2
5278	1
5279	1
5280	0
5281	0
5282	1
5283	0
5284	0
5285	0
5286	1
5287	0
5288	0
5289	0
5290	0
5291	1
5292	0
5293	0
5294	0
5295	0
5296	0
5297	0
5298	0
5299	0
5300	0
5301	0
5302	0
5303	0
5304	0
5305	0
5306	0
5307	0
5308	1
5309	1
5310	0
5311	0
5312	0
5313	1
5314	0
5315	0
5316	0
5317	0
5318	0
5319	1
5320	2
5321	0
5322	0
5323	0
5324	1
5325	0
5326	0
5327	0
5328	0
5329	0
5330	0
5331	0
5332	1
5333	1
5334	0
5335	2
5336	1
5337	0
5338	0
5339	0
5340	0
5341	0
5342	0
5343	0
5344	1
5345	0
5346	0
5347	0
5348	0
5349	0
5350	1
5351	1
5352	0
5353	0
5354	0
5355	1
5356	2
5357	0
5358	1
5359	0
5360	1
5361	0
5362	0
5363	0
5364	0
5365	1
5366	0
5367	2
5368	0
5369	0
5370	0
5371	1
5372	0
5373	0
5374	1
5375	2
5376	0
5377	0
5378	0
5379	1
5380	0
5381	1
5382	0
5383	0
5384	0
5385	0
5386	0
5387	0
5388	0
5389	0
5390	1
5391	0
5392	0
5393	1
5394	0
5395	0
5396	0
5397	0
5398	0
5399	1
5400	0
5401	0
5402	0
5403	1
5404	0
5405	0
5406	0
5407	1
5408	2
5409	1
5410	0
5411	0
5412	0
5413	0
5414	1
5415	1
5416	0
5417	0
5418	0
5419	0
5420	1
5421	0
5422	0
5423	1
5424	0
5425	0
5426	0
5427	0
5428	0
5429	0
5430	0
5431	0
5432	0
5433	0
5434	0
5435	0
5436	0
5437	0
5438	1
5439	0
5440	2
5441	0
5442	0
5443	0
5444	1
5445	0
5446	0
5447	0
5448	0
5449	0
5450	0
5451	0
5452	1
5453	1
5454	0
5455	0
5456	0
5457	1
5458	0
5459	0
5460	0
5461	0
5462	0
5463	0
5464	0
5465	0
5466	1
5467	0
5468	0
5469	1
5470	0
5471	0
5472	0
5473	0
5474	0
5475	1
5476	0
5477	1
5478	0
5479	0
5480	0
5481	0
5482	0
5483	1
5484	0
5485	0
5486	1
5487	0
5488	0
5489	0
5490	0
5491	0
5492	0
5493	0
5494	0
5495	2
5496	0
5497	1
5498	1
5499	0
5500	0
5501	0
5502	0
5503	0
5504	1
5505	0
5506	0
5507	0
5508	1
5509	0
5510	0
5511	0
5512	0
5513	0
5514	0
5515	0
5516	1
5517	0
5518	1
5519	0
5520	2
5521	0
5522	1
5523	1
5524	2
5525	0
5526	0
5527	1
5528	0
5529	1
5530	0
5531	0
5532	1
5533	0
5534	0
5535	0
5536	1
5537	1
5538	0
5539	0
5540	0
5541	1
5542	1
5543	0
5544	0
5545	1
5546	0
5547	1
5548	0
5549	0
5550	0
5551	1
5552	0
5553	0
5554	0
5555	0
5556	0
5557	0
5558	0
5559	0
5560	0
5561	0
5562	0
5563	0
5564	1
5565	0
5566	0
5567	0
5568	0
5569	0
5570	0
5571	0
5572	0
5573	0
5574	1
5575	0
5576	1
5577	0
5578	2
5579	1
5580	0
5581	0
5582	2
5583	0
5584	1
5585	0
5586	0
5587	0
5588	0
5589	0
5590	1
5591	0
5592	0
5593	0
5594	1
5595	2
5596	0
5597	0
5598	2
5599	1
5600	1
5601	0
5602	1
5603	0
5604	0
5605	1
5606	0
5607	0
5608	0
5609	2
5610	0
5611	0
5612	0
5613	1
5614	1
5615	2
5616	2
5617	0
5618	0
5619	1
5620	2
5621	2
5622	0
5623	1
5624	1
5625	0
5626	1
5627	0
5628	0
5629	1
5630	0
5631	0
5632	0
5633	1
5634	1
5635	1
5636	0
5637	1
5638	1
5639	1
5640	0
5641	0
5642	0
5643	1
5644	1
5645	0
5646	0
5647	1
5648	0
5649	1
5650	0
5651	0
5652	1
5653	1
5654	1
5655	0
5656	0
5657	1
5658	1
5659	0
5660	1
5661	1
5662	1
5663	1
5664	0
5665	2
5666	1
5667	0
5668	1
5669	1
5670	3
5671	0
5672	1
5673	0
5674	1
5675	1
5676	1
5677	1
5678	0
5679	0
5680	1
5681	2
5682	2
5683	0
5684	1
5685	2
5686	4
5687	0
5688	1
5689	1
5690	0
5691	0
5692	0
5693	1
5694	1
5695	0
5696	0
5697	2
5698	1
5699	4
5700	1
5701	0
5702	3
5703	0
5704	2
5705	2
5706	1
5707	1
5708	1
5709	3
5710	4
5711	2
5712	1
5713	1
5714	1
5715	2
5716	1
5717	1
5718	1
5719	2
5720	0
5721	2
5722	3
5723	4
5724	2
5725	1
5726	0
5727	0
5728	2
5729	3
5730	2
5731	4
5732	3
5733	4
5734	3
5735	1
5736	2
5737	5
5738	1
5739	5
5740	0
5741	5
5742	2
5743	7
5744	2
5745	3
5746	3
5747	3
5748	2
5749	7
5750	3
5751	3
5752	2
5753	2
5754	7
5755	6
5756	4
5757	3
5758	5
5759	4
5760	6
5761	2
5762	4
5763	7
5764	4
5765	3
5766	5
5767	5
5768	3
5769	6
5770	5
5771	8
5772	2
5773	5
5774	4
5775	5
5776	6
5777	3
5778	7
5779	4
5780	2
5781	2
5782	7
5783	5
5784	4
5785	6
5786	2
5787	5
5788	5
5789	9
5790	7
5791	4
5792	7
5793	6
5794	7
5795	7
5796	12
5797	11
5798	6
5799	8
5800	6
5801	5
5802	10
5803	7
5804	13
5805	12
5806	6
5807	13
5808	4
5809	9
5810	15
5811	11
5812	6
5813	8
5814	13
5815	5
5816	6
5817	10
5818	10
5819	10
5820	8
5821	5
5822	10
5823	7
5824	11
5825	17
5826	10
5827	16
5828	9
5829	10
5830	14
5831	9
5832	8
5833	11
5834	9
5835	6
5836	11
5837	10
5838	9
5839	14
5840	10
5841	14
5842	17
5843	14
5844	9
5845	11
5846	10
5847	9
5848	6
5849	10
5850	9
5851	9
5852	7
5853	6
5854	12
5855	14
5856	15
5857	17
5858	18
5859	10
5860	15
5861	23
5862	18
5863	15
5864	11
5865	15
5866	16
5867	10
5868	16
5869	10
5870	15
5871	12
5872	12
5873	21
5874	13
5875	19
5876	5
5877	10
5878	13
5879	10
5880	8
5881	13
5882	6
5883	12
5884	8
5885	14
5886	9
5887	11
5888	13
5889	15
5890	8
5891	13
5892	8
5893	12
5894	8
5895	10
5896	12
5897	13
5898	11
5899	11
5900	10
5901	12
5902	13
5903	15
5904	9
5905	10
5906	12
5907	8
5908	8
5909	8
5910	12
5911	8
5912	7
5913	12
5914	12
5915	17
5916	14
5917	14
5918	11
5919	13
5920	15
5921	13
5922	11
5923	4
5924	9
5925	9
5926	14
5927	12
5928	10
5929	8
5930	11
5931	11
5932	9
5933	9
5934	5
5935	6
5936	5
5937	6
5938	9
5939	8
5940	11
5941	13
5942	9
5943	13
5944	6
5945	13
5946	7
5947	6
5948	8
5949	12
5950	4
5951	15
5952	9
5953	5
5954	5
5955	4
5956	2
5957	11
5958	6
5959	5
5960	7
5961	6
5962	7
5963	4
5964	3
5965	10
5966	8
5967	6
5968	10
5969	7
5970	8
5971	4
5972	5
5973	5
5974	6
5975	7
5976	13
5977	6
5978	3
5979	5
5980	7
5981	8
5982	7
5983	8
5984	6
5985	7
5986	5
5987	2
5988	10
5989	4
5990	10
5991	8
5992	2
5993	4
5994	3
5995	2
5996	3
5997	2
5998	3
5999	7
6000	4
6001	6
6002	5
6003	5
6004	5
6005	4
6006	6
6007	6
6008	0
6009	2
6010	7
6011	4
6012	2
6013	3
6014	3
6015	2
6016	4
6017	2
6018	2
6019	5
6020	3
6021	5
6022	3
6023	3
6024	4
6025	4
6026	5
6027	5
6028	5
6029	3
6030	3
6031	6
6032	3
6033	2
6034	4
6035	0
6036	3
6037	3
6038	3
6039	2
6040	4
6041	2
6042	3
6043	3
6044	2
6045	1
6046	3
6047	2
6048	3
6049	3
6050	2
6051	1
6052	2
6053	2
6054	2
6055	1
6056	2
6057	3
6058	3
6059	3
6060	0
6061	5
6062	2
6063	5
6064	2
6065	2
6066	1
6067	1
6068	4
6069	4
6070	4
6071	3
6072	1
6073	4
6074	4
6075	4
6076	2
6077	5
6078	3
6079	1
6080	3
6081	1
6082	6
6083	2
6084	2
6085	2
6086	4
6087	1
6088	1
6089	4
6090	3
6091	2
6092	2
6093	4
6094	1
6095	6
6096	4
6097	0
6098	1
6099	4
6100	1
6101	3
6102	3
6103	4
6104	5
6105	2
6106	4
6107	4
6108	0
6109	3
6110	2
6111	3
6112	1
6113	6
6114	1
6115	4
6116	6
6117	7
6118	2
6119	5
6120	1
6121	5
6122	4
6123	3
6124	4
6125	4
6126	3
6127	5
6128	4
6129	3
6130	4
6131	2
6132	4
6133	3
6134	1
6135	3
6136	1
6137	3
6138	4
6139	3
6140	3
6141	5
6142	8
6143	8
6144	7
6145	7
6146	52
6147	88
6148	104
6149	94
6150	65
6151	48
6152	30
6153	16
6154	9
6155	30
6156	55
6157	56
6158	20
6159	6
6160	3
6161	0
6162	0
6163	0
6164	0
6165	0
6166	0
6167	0
6168	0
6169	0
6170	0
6171	0
6172	0
6173	0
6174	0
6175	0
6176	0
6177	0
6178	0
6179	0
6180	0
6181	0
6182	0
6183	0
6184	0
6185	0
6186	0
6187	0
6188	0
6189	0
6190	0
6191	0
6192	0
6193	0
6194	0
6195	0
6196	0
6197	0
6198	0
6199	0
6200	0
6201	0
6202	0
6203	0
6204	0
6205	0
6206	0
6207	0
6208	0
6209	0
6210	0
6211	0
6212	0
6213	0
6214	0
6215	0
6216	0
6217	0
6218	0
6219	0
6220	0
6221	0
6222	0
6223	0
6224	0
6225	0
6226	0
6227	0
6228	0
6229	0
6230	0
6231	0
6232	0
6233	0
6234	0
6235	0
6236	0
6237	0
6238	0
6239	0
6240	0
6241	0
6242	0
6243	0
6244	0
6245	0
6246	0
6247	0
6248	0
6249	0
6250	0
6251	0
6252	0
6253	0
6254	0
6255	0
6256	0
6257	0
6258	0
6259	0
6260	0
6261	0
6262	0
6263	0
6264	0
6265	0
6266	0
6267	0
6268	0
6269	0
6270	0
6271	0
6272	0
6273	0
6274	0
6275	0
6276	0
6277	0
6278	0
6279	0
6280	0
6281	0
6282	0
6283	0
6284	0
6285	0
6286	0
6287	0
6288	0
6289	0
6290	0
6291	0
6292	0
6293	0
6294	0
6295	0
6296	0
6297	0
6298	0
6299	0
6300	0
6301	0
6302	0
6303	0
6304	0
6305	0
6306	0
6307	0
6308	0
6309	0
6310	0
6311	0
6312	0
6313	0
6314	0
6315	0
6316	0
6317	0
6318	0
6319	0
6320	0
6321	0
6322	0
6323	0
6324	0
6325	0
6326	0
6327	0
6328	0
6329	0
6330	0
6331	0
6332	0
6333	0
6334	0
6335	0
6336	0
6337	0
6338	0
6339	0
6340	0
6341	0
6342	0
6343	0
6344	0
6345	0
6346	0
6347	0
6348	0
6349	0
6350	0
6351	0
6352	0
6353	0
6354	0
6355	0
6356	0
6357	0
6358	0
6359	0
6360	0
6361	0
6362	0
6363	0
6364	0
6365	0
6366	0
6367	0
6368	0
6369	0
6370	0
6371	0
6372	0
6373	0
6374	0
6375	0
6376	0
6377	0
6378	0
6379	0
6380	0
6381	0
6382	0
6383	0
6384	0
6385	0
6386	0
6387	0
6388	0
6389	0
6390	0
6391	0
6392	0
6393	0
6394	0
6395	0
6396	0
6397	0
6398	0
6399	0
6400	0
6401	0
6402	0
6403	0
6404	0
6405	0
6406	0
6407	0
6408	0
6409	0
6410	0
6411	0
6412	0
6413	0
6414	0
6415	0
6416	0
6417	0
6418	0
6419	0
6420	0
6421	0
6422	0
6423	0
6424	0
6425	0
6426	0
6427	0
6428	0
6429	0
6430	0
6431	0
6432	0
6433	0
6434	0
6435	0
6436	0
6437	0
6438	0
6439	0
6440	0
6441	0
6442	0
6443	0
6444	0
6445	0
6446	0
6447	0
6448	0
6449	0
6450	0
6451	0
6452	0
6453	0
6454	0
6455	0
6456	0
6457	0
6458	0
6459	0
6460	0
6461	0
6462	0
6463	0
6464	0
6465	0
6466	0
6467	0
6468	0
6469	0
6470	0
6471	0
6472	0
6473	0
6474	0
6475	0
6476	0
6477	0
6478	0
6479	0
6480	0
6481	0
6482	0
6483	0
6484	0
6485	0
6486	0
6487	0
6488	0
6489	0
6490	0
6491	0
6492	0
6493	0
6494	0
6495	0
6496	0
6497	0
6498	0
6499	0
6500	0
6501	0
6502	0
6503	0
6504	0
6505	0
6506	0
6507	0
6508	0
6509	0
6510	0
6511	0
6512	0
6513	0
6514	0
6515	0
6516	0
6517	0
6518	0
6519	0
6520	0
6521	0
6522	0
6523	0
6524	0
6525	0
6526	0
6527	0
6528	0
6529	0
6530	0
6531	0
6532	0
6533	0
6534	0
6535	0
6536	0
6537	0
6538	0
6539	0
6540	0
6541	0
6542	0
6543	0
6544	0
6545	0
6546	0
6547	0
6548	0
6549	0
6550	0
6551	0
6552	0
6553	0
6554	0
6555	0
6556	0
6557	0
6558	0
6559	0
6560	0
6561	0
6562	0
6563	0
6564	0
6565	0
6566	0
6567	0
6568	0
6569	0
6570	0
6571	0
6572	0
6573	0
6574	0
6575	0
6576	0
6577	0
6578	0
6579	0
6580	0
6581	0
6582	0
6583	0
6584	0
6585	0
6586	0
6587	0
6588	0
6589	0
6590	0
6591	0
6592	0
6593	0
6594	0
6595	0
6596	0
6597	0
6598	0
6599	0
6600	0
6601	0
6602	0
6603	0
6604	0
6605	0
6606	0
6607	0
6608	0
6609	0
6610	0
6611	0
6612	0
6613	0
6614	0
6615	0
6616	0
6617	0
6618	0
6619	0
6620	0
6621	0
6622	0
6623	0
6624	0
6625	0
6626	0
6627	0
6628	0
6629	0
6630	0
6631	0
6632	0
6633	0
6634	0
6635	0
6636	0
6637	0
6638	0
6639	0
6640	0
6641	0
6642	0
6643	0
6644	0
6645	0
6646	0
6647	0
6648	0
6649	0
6650	0
6651	0
6652	0
6653	0
6654	0
6655	0
6656	0
6657	0
6658	0
6659	0
6660	0
6661	0
6662	0
6663	0
6664	0
6665	0
6666	0
6667	0
6668	0
6669	0
6670	0
6671	0
6672	0
6673	0
6674	0
6675	0
6676	0
6677	0
6678	0
6679	0
6680	0
6681	0
6682	0
6683	0
6684	0
6685	0
6686	0
6687	0
6688	0
6689	0
6690	0
6691	0
6692	0
6693	0
6694	0
6695	0
6696	0
6697	0
6698	0
6699	0
6700	0
6701	0
6702	0
6703	0
6704	0
6705	0
6706	0
6707	0
6708	0
6709	0
6710	0
6711	0
6712	0
6713	0
6714	0
6715	0
6716	0
6717	0
6718	0
6719	0
6720	0
6721	0
6722	0
6723	0
6724	0
6725	0
6726	0
6727	0
6728	0
6729	0
6730	0
6731	0
6732	0
6733	0
6734	0
6735	0
6736	0
6737	0
6738	0
6739	0
6740	0
6741	0
6742	0
6743	0
6744	0
6745	0
6746	0
6747	0
6748	0
6749	0
6750	0
6751	0
6752	0
6753	0
6754	0
6755	0
6756	0
6757	0
6758	0
6759	0
6760	0
6761	0
6762	0
6763	0
6764	0
6765	0
6766	0
6767	0
6768	0
6769	0
6770	0
6771	0
6772	0
6773	0
6774	0
6775	0
6776	0
6777	0
6778	0
6779	0
6780	0
6781	0
6782	0
6783	0
6784	0
6785	0
6786	0
6787	0
6788	0
6789	0
6790	0
6791	0
6792	0
6793	0
6794	0
6795	0
6796	0
6797	0
6798	0
6799	0
6800	0
6801	0
6802	0
6803	0
6804	0
6805	0
6806	0
6807	0
6808	0
6809	0
6810	0
6811	0
6812	0
6813	0
6814	0
6815	0
6816	0
6817	0
6818	0
6819	0
6820	0
6821	0
6822	0
6823	0
6824	0
6825	0
6826	0
6827	0
6828	0
6829	0
6830	0
6831	0
6832	0
6833	0
6834	0
6835	0
6836	0
6837	0
6838	0
6839	0
6840	0
6841	0
6842	0
6843	0
6844	0
6845	0
6846	0
6847	0
6848	0
6849	0
6850	0
6851	0
6852	0
6853	0
6854	0
6855	0
6856	0
6857	0
6858	0
6859	0
6860	0
6861	0
6862	0
6863	0
6864	0
6865	0
6866	0
6867	0
6868	0
6869	0
6870	0
6871	0
6872	0
6873	0
6874	0
6875	0
6876	0
6877	0
6878	0
6879	0
6880	0
6881	0
6882	0
6883	0
6884	0
6885	0
6886	0
6887	0
6888	0
6889	0
6890	0
6891	0
6892	0
6893	0
6894	0
6895	0
6896	0
6897	0
6898	0
6899	0
6900	0
6901	0
6902	0
6903	0
6904	0
6905	0
6906	0
6907	0
6908	0
6909	0
6910	0
6911	0
6912	0
6913	0
6914	0
6915	0
6916	0
6917	0
6918	0
6919	0
6920	0
6921	0
6922	0
6923	0
6924	0
6925	0
6926	0
6927	0
6928	0
6929	0
6930	0
6931	0
6932	0
6933	0
6934	0
6935	0
6936	0
6937	0
6938	0
6939	0
6940	0
6941	0
6942	0
6943	0
6944	0
6945	0
6946	0
6947	0
6948	0
6949	0
6950	0
6951	0
6952	0
6953	0
6954	0
6955	0
6956	0
6957	0
6958	0
6959	0
6960	0
6961	0
6962	0
6963	0
6964	0
6965	0
6966	0
6967	0
6968	0
6969	0
6970	0
6971	0
6972	0
6973	0
6974	0
6975	0
6976	0
6977	0
6978	0
6979	0
6980	0
6981	0
6982	0
6983	0
6984	0
6985	0
6986	0
6987	0
6988	0
6989	0
6990	0
6991	0
6992	0
6993	0
6994	0
6995	0
6996	0
6997	0
6998	0
6999	0
7000	0
7001	0
7002	0
7003	0
7004	0
7005	0
7006	0
7007	0
7008	0
7009	0
7010	0
7011	0
7012	0
7013	0
7014	0
7015	0
7016	0
7017	0
7018	0
7019	0
7020	0
7021	0
7022	0
7023	0
7024	0
7025	0
7026	0
7027	0
7028	0
7029	0
7030	0
7031	0
7032	0
7033	0
7034	0
7035	0
7036	0
7037	0
7038	0
7039	0
7040	0
7041	0
7042	0
7043	0
7044	0
7045	0
7046	0
7047	0
7048	0
7049	0
7050	0
7051	0
7052	0
7053	0
7054	0
7055	0
7056	0
7057	0
7058	0
7059	0
7060	0
7061	0
7062	0
7063	0
7064	0
7065	0
7066	0
7067	0
7068	0
7069	0
7070	0
7071	0
7072	0
7073	0
7074	0
7075	0
7076	0
7077	0
7078	0
7079	0
7080	0
7081	0
7082	0
7083	0
7084	0
7085	0
7086	0
7087	0
7088	0
7089	0
7090	0
7091	0
7092	0
7093	0
7094	0
7095	0
7096	0
7097	0
7098	0
7099	0
7100	0
7101	0
7102	0
7103	0
7104	0
7105	0
7106	0
7107	0
7108	0
7109	0
7110	0
7111	0
7112	0
7113	0
7114	0
7115	0
7116	0
7117	0
7118	0
7119	0
7120	0
7121	0
7122	0
7123	0
7124	0
7125	0
7126	0
7127	0
7128	0
7129	0
7130	0
7131	0
7132	0
7133	0
7134	0
7135	0
7136	0
7137	0
7138	0
7139	0
7140	0
7141	0
7142	0
7143	0
7144	0
7145	0
7146	0
7147	0
7148	0
7149	0
7150	0
7151	0
7152	0
7153	0
7154	0
7155	0
7156	0
7157	0
7158	0
7159	0
7160	0
7161	0
7162	0
7163	0
7164	0
7165	0
7166	0
7167	0
7168	0
7169	0
7170	0
7171	0
7172	0
7173	0
7174	0
7175	0
7176	0
7177	0
7178	0
7179	0
7180	0
7181	0
7182	0
7183	0
7184	0
7185	0
7186	0
7187	0
7188	0
7189	0
7190	0
7191	0
7192	0
7193	0
7194	0
7195	0
7196	0
7197	0
7198	0
7199	0
7200	0
7201	0
7202	0
7203	0
7204	0
7205	0
7206	0
7207	0
7208	0
7209	0
7210	0
7211	0
7212	0
7213	0
7214	0
7215	0
7216	0
7217	0
7218	0
7219	0
7220	0
7221	0
7222	0
7223	0
7224	0
7225	0
7226	0
7227	0
7228	0
7229	0
7230	0
7231	0
7232	0
7233	0
7234	0
7235	0
7236	0
7237	0
7238	0
7239	0
7240	0
7241	0
7242	0
7243	0
7244	0
7245	0
7246	0
7247	0
7248	0
7249	0
7250	0
7251	0
7252	0
7253	0
7254	0
7255	0
7256	0
7257	0
7258	0
7259	0
7260	0
7261	0
7262	0
7263	0
7264	0
7265	0
7266	0
7267	0
7268	0
7269	0
7270	0
7271	0
7272	0
7273	0
7274	0
7275	0
7276	0
7277	0
7278	0
7279	0
7280	0
7281	0
7282	0
7283	0
7284	0
7285	0
7286	0
7287	0
7288	0
7289	0
7290	0
7291	0
7292	0
7293	0
7294	0
7295	0
7296	0
7297	0
7298	0
7299	0
7300	0
7301	0
7302	0
7303	0
7304	0
7305	0
7306	0
7307	0
7308	0
7309	0
7310	0
7311	0
7312	0
7313	0
7314	0
7315	0
7316	0
7317	0
7318	0
7319	0
7320	0
7321	0
7322	0
7323	0
7324	0
7325	0
7326	0
7327	0
7328	0
7329	0
7330	0
7331	0
7332	0
7333	0
7334	0
7335	0
7336	0
7337	0
7338	0
7339	0
7340	0
7341	0
7342	0
7343	0
7344	0
7345	0
7346	0
7347	0
7348	0
7349	0
7350	0
7351	0
7352	0
7353	0
7354	0
7355	0
7356	0
7357	0
7358	0
7359	0
7360	0
7361	0
7362	0
7363	0
7364	0
7365	0
7366	0
7367	0
7368	0
7369	0
7370	0
7371	0
7372	0
7373	0
7374	0
7375	0
7376	0
7377	0
7378	0
7379	0
7380	0
7381	0
7382	0
7383	0
7384	0
7385	0
7386	0
7387	0
7388	0
7389	0
7390	0
7391	0
7392	0
7393	0
7394	0
7395	0
7396	0
7397	0
7398	0
7399	0
7400	0
7401	0
7402	0
7403	0
7404	0
7405	0
7406	0
7407	0
7408	0
7409	0
7410	0
7411	0
7412	0
7413	0
7414	0
7415	0
7416	0
7417	0
7418	0
7419	0
7420	0
7421	0
7422	0
7423	0
7424	0
7425	0
7426	0
7427	0
7428	0
7429	0
7430	0
7431	0
7432	0
7433	0
7434	0
7435	0
7436	0
7437	0
7438	0
7439	0
7440	0
7441	0
7442	0
7443	0
7444	0
7445	0
7446	0
7447	0
7448	0
7449	0
7450	0
7451	0
7452	0
7453	0
7454	0
7455	0
7456	0
7457	0
7458	0
7459	0
7460	0
7461	0
7462	0
7463	0
7464	0
7465	0
7466	0
7467	0
7468	0
7469	0
7470	0
7471	0
7472	0
7473	0
7474	0
7475	0
7476	0
7477	0
7478	0
7479	0
7480	0
7481	0
7482	0
7483	0
7484	0
7485	0
7486	0
7487	0
7488	0
7489	0
7490	0
7491	0
7492	0
7493	0
7494	0
7495	0
7496	0
7497	0
7498	0
7499	0
7500	0
7501	0
7502	0
7503	0
7504	0
7505	0
7506	0
7507	0
7508	0
7509	0
7510	0
7511	0
7512	0
7513	0
7514	0
7515	0
7516	0
7517	0
7518	0
7519	0
7520	0
7521	0
7522	0
7523	0
7524	0
7525	0
7526	0
7527	0
7528	0
7529	0
7530	0
7531	0
7532	0
7533	0
7534	0
7535	0
7536	0
7537	0
7538	0
7539	0
7540	0
7541	0
7542	0
7543	0
7544	0
7545	0
7546	0
7547	0
7548	0
7549	0
7550	0
7551	0
7552	0
7553	0
7554	0
7555	0
7556	0
7557	0
7558	0
7559	0
7560	0
7561	0
7562	0
7563	0
7564	0
7565	0
7566	0
7567	0
7568	0
7569	0
7570	0
7571	0
7572	0
7573	0
7574	0
7575	0
7576	0
7577	0
7578	0
7579	0
7580	0
7581	0
7582	0
7583	0
7584	0
7585	0
7586	0
7587	0
7588	0
7589	0
7590	0
7591	0
7592	0
7593	0
7594	0
7595	0
7596	0
7597	0
7598	0
7599	0
7600	0
7601	0
7602	0
7603	0
7604	0
7605	0
7606	0
7607	0
7608	0
7609	0
7610	0
7611	0
7612	0
7613	0
7614	0
7615	0
7616	0
7617	0
7618	0
7619	0
7620	0
7621	0
7622	0
7623	0
7624	0
7625	0
7626	0
7627	0
7628	0
7629	0
7630	0
7631	0
7632	0
7633	0
7634	0
7635	0
7636	0
7637	0
7638	0
7639	0
7640	0
7641	0
7642	0
7643	0
7644	0
7645	0
7646	0
7647	0
7648	0
7649	0
7650	0
7651	0
7652	0
7653	0
7654	0
7655	0
7656	0
7657	0
7658	0
7659	0
7660	0
7661	0
7662	0
7663	0
7664	0
7665	0
7666	0
7667	0
7668	0
7669	0
7670	0
7671	0
7672	0
7673	0
7674	0
7675	0
7676	0
7677	0
7678	0
7679	0
7680	0
7681	0
7682	0
7683	0
7684	0
7685	0
7686	0
7687	0
7688	0
7689	0
7690	0
7691	0
7692	0
7693	0
7694	0
7695	0
7696	0
7697	0
7698	0
7699	0
7700	0
7701	0
7702	0
7703	0
7704	0
7705	0
7706	0
7707	0
7708	0
7709	0
7710	0
7711	0
7712	0
7713	0
7714	0
7715	0
7716	0
7717	0
7718	0
7719	0
7720	0
7721	0
7722	0
7723	0
7724	0
7725	0
7726	0
7727	0
7728	0
7729	0
7730	0
7731	0
7732	0
7733	0
7734	0
7735	0
7736	0
7737	0
7738	0
7739	0
7740	0
7741	0
7742	0
7743	0
7744	0
7745	0
7746	0
7747	0
7748	0
7749	0
7750	0
7751	0
7752	0
7753	0
7754	0
7755	0
7756	0
7757	0
7758	0
7759	0
7760	0
7761	0
7762	0
7763	0
7764	0
7765	0
7766	0
7767	0
7768	0
7769	0
7770	0
7771	0
7772	0
7773	0
7774	0
7775	0
7776	0
7777	0
7778	0
7779	0
7780	0
7781	0
7782	0
7783	0
7784	0
7785	0
7786	0
7787	0
7788	0
7789	0
7790	0
7791	0
7792	0
7793	0
7794	0
7795	0
7796	0
7797	0
7798	0
7799	0
7800	0
7801	0
7802	0
7803	0
7804	0
7805	0
7806	0
7807	0
7808	0
7809	0
7810	0
7811	0
7812	0
7813	0
7814	0
7815	0
7816	0
7817	0
7818	0
7819	0
7820	0
7821	0
7822	0
7823	0
7824	0
7825	0
7826	0
7827	0
7828	0
7829	0
7830	0
7831	0
7832	0
7833	0
7834	0
7835	0
7836	0
7837	0
7838	0
7839	0
7840	0
7841	0
7842	0
7843	0
7844	0
7845	0
7846	0
7847	0
7848	0
7849	0
7850	0
7851	0
7852	0
7853	0
7854	0
7855	0
7856	0
7857	0
7858	0
7859	0
7860	0
7861	0
7862	0
7863	0
7864	0
7865	0
7866	0
7867	0
7868	0
7869	0
7870	0
7871	0
7872	0
7873	0
7874	0
7875	0
7876	0
7877	0
7878	0
7879	0
7880	0
7881	0
7882	0
7883	0
7884	0
7885	0
7886	0
7887	0
7888	0
7889	0
7890	0
7891	0
7892	0
7893	0
7894	0
7895	0
7896	0
7897	0
7898	0
7899	0
7900	0
7901	0
7902	0
7903	0
7904	0
7905	0
7906	0
7907	0
7908	0
7909	0
7910	0
7911	0
7912	0
7913	0
7914	0
7915	0
7916	0
7917	0
7918	0
7919	0
7920	0
7921	0
7922	0
7923	0
7924	0
7925	0
7926	0
7927	0
7928	0
7929	0
7930	0
7931	0
7932	0
7933	0
7934	0
7935	0
7936	0
7937	0
7938	0
7939	0
7940	0
7941	0
7942	0
7943	0
7944	0
7945	0
7946	0
7947	0
7948	0
7949	0
7950	0
7951	0
7952	0
7953	0
7954	0
7955	0
7956	0
7957	0
7958	0
7959	0
7960	0
7961	0
7962	0
7963	0
7964	0
7965	0
7966	0
7967	0
7968	0
7969	0
7970	0
7971	0
7972	0
7973	0
7974	0
7975	0
7976	0
7977	0
7978	0
7979	0
7980	0
7981	0
7982	0
7983	0
7984	0
7985	0
7986	0
7987	0
7988	0
7989	0
7990	0
7991	0
7992	0
7993	0
7994	0
7995	0
7996	0
7997	0
7998	0
7999	0
8000	0
8001	0
8002	0
8003	0
8004	0
8005	0
8006	0
8007	0
8008	0
8009	0
8010	0
8011	0
8012	0
8013	0
8014	0
8015	0
8016	0
8017	0
8018	0
8019	0
8020	0
8021	0
8022	0
8023	0
8024	0
8025	0
8026	0
8027	0
8028	0
8029	0
8030	0
8031	0
8032	0
8033	0
8034	0
8035	0
8036	0
8037	0
8038	0
8039	0
8040	0
8041	0
8042	0
8043	0
8044	0
8045	0
8046	0
8047	0
8048	0
8049	0
8050	0
8051	0
8052	0
8053	0
8054	0
8055	0
8056	0
8057	0
8058	0
8059	0
8060	0
8061	0
8062	0
8063	0
8064	0
8065	0
8066	0
8067	0
8068	0
8069	0
8070	0
8071	0
8072	0
8073	0
8074	0
8075	0
8076	0
8077	0
8078	0
8079	0
8080	0
8081	0
8082	0
8083	0
8084	0
8085	0
8086	0
8087	0
8088	0
8089	0
8090	0
8091	0
8092	0
8093	0
8094	0
8095	0
8096	0
8097	0
8098	0
8099	0
8100	0
8101	0
8102	0
8103	0
8104	0
8105	0
8106	0
8107	0
8108	0
8109	0
8110	0
8111	0
8112	0
8113	0
8114	0
8115	0
8116	0
8117	0
8118	0
8119	0
8120	0
8121	0
8122	0
8123	0
8124	0
8125	0
8126	0
8127	0
8128	0
8129	0
8130	0
8131	0
8132	0
8133	0
8134	0
8135	0
8136	0
8137	0
8138	0
8139	0
8140	0
8141	0
8142	0
8143	0
8144	0
8145	0
8146	0
8147	0
8148	0
8149	0
8150	0
8151	0
8152	0
8153	0
8154	0
8155	0
8156	0
8157	0
8158	0
8159	0
8160	0
8161	0
8162	0
8163	0
8164	0
8165	0
8166	0
8167	0
8168	0
8169	0
8170	0
8171	0
8172	0
8173	0
8174	0
8175	0
8176	0
8177	0
8178	0
8179	0
8180	0
8181	0
8182	0
8183	0
8184	0
8185	0
8186	0
8187	0
8188	0
8189	0
8190	0
8191	0
