0	0
1	0
2	0
3	0
4	0
5	0
6	0
7	0
8	0
9	0
10	0
11	0
12	0
13	0
14	0
15	0
16	0
17	0
18	0
19	0
20	0
21	0
22	0
23	0
24	0
25	0
26	0
27	0
28	0
29	0
30	0
31	0
32	0
33	0
34	0
35	0
36	0
37	0
38	0
39	0
40	0
41	0
42	0
43	0
44	0
45	0
46	0
47	0
48	0
49	0
50	0
51	0
52	0
53	0
54	0
55	0
56	0
57	0
58	0
59	0
60	0
61	0
62	0
63	0
64	0
65	0
66	0
67	0
68	0
69	0
70	0
71	0
72	0
73	0
74	0
75	0
76	0
77	0
78	0
79	0
80	0
81	0
82	0
83	0
84	0
85	0
86	0
87	0
88	0
89	0
90	0
91	0
92	0
93	0
94	0
95	0
96	0
97	0
98	0
99	0
100	0
101	0
102	0
103	0
104	0
105	0
106	0
107	0
108	0
109	0
110	0
111	0
112	0
113	0
114	0
115	0
116	0
117	0
118	0
119	0
120	0
121	0
122	0
123	0
124	0
125	0
126	0
127	0
128	0
129	0
130	0
131	0
132	0
133	0
134	0
135	0
136	0
137	0
138	0
139	0
140	0
141	0
142	0
143	0
144	0
145	0
146	0
147	0
148	0
149	0
150	0
151	0
152	0
153	0
154	0
155	0
156	0
157	0
158	0
159	0
160	0
161	0
162	0
163	0
164	0
165	0
166	0
167	0
168	0
169	0
170	0
171	0
172	0
173	0
174	0
175	0
176	0
177	0
178	0
179	0
180	0
181	0
182	0
183	0
184	0
185	0
186	0
187	0
188	0
189	0
190	0
191	0
192	0
193	0
194	0
195	0
196	0
197	0
198	0
199	0
200	0
201	0
202	0
203	0
204	0
205	0
206	0
207	0
208	0
209	0
210	0
211	0
212	0
213	0
214	0
215	0
216	0
217	0
218	0
219	0
220	0
221	0
222	0
223	0
224	0
225	0
226	0
227	0
228	0
229	0
230	0
231	0
232	0
233	0
234	0
235	0
236	0
237	0
238	0
239	0
240	0
241	0
242	0
243	0
244	0
245	0
246	0
247	0
248	0
249	0
250	0
251	0
252	0
253	0
254	0
255	0
256	0
257	0
258	0
259	0
260	0
261	0
262	0
263	0
264	0
265	0
266	0
267	0
268	0
269	0
270	0
271	0
272	0
273	0
274	0
275	0
276	0
277	0
278	0
279	0
280	0
281	0
282	0
283	0
284	0
285	0
286	0
287	0
288	0
289	0
290	0
291	0
292	0
293	0
294	0
295	0
296	0
297	0
298	0
299	0
300	0
301	0
302	0
303	0
304	0
305	0
306	0
307	0
308	0
309	0
310	0
311	0
312	0
313	0
314	0
315	0
316	0
317	0
318	0
319	0
320	0
321	0
322	0
323	0
324	0
325	0
326	0
327	0
328	0
329	0
330	0
331	0
332	0
333	0
334	0
335	0
336	0
337	0
338	0
339	0
340	0
341	0
342	0
343	0
344	0
345	0
346	0
347	0
348	0
349	0
350	0
351	0
352	0
353	0
354	0
355	0
356	0
357	0
358	0
359	0
360	0
361	0
362	0
363	0
364	0
365	0
366	0
367	0
368	0
369	0
370	0
371	0
372	0
373	0
374	0
375	0
376	0
377	0
378	0
379	0
380	0
381	0
382	0
383	0
384	0
385	0
386	0
387	0
388	0
389	0
390	0
391	0
392	0
393	0
394	0
395	0
396	0
397	0
398	0
399	0
400	0
401	0
402	0
403	0
404	0
405	0
406	0
407	0
408	0
409	0
410	0
411	0
412	0
413	0
414	0
415	0
416	0
417	0
418	0
419	0
420	0
421	0
422	0
423	0
424	0
425	0
426	0
427	0
428	0
429	0
430	0
431	0
432	0
433	0
434	0
435	0
436	0
437	0
438	0
439	0
440	0
441	0
442	0
443	0
444	0
445	0
446	0
447	0
448	0
449	0
450	0
451	0
452	0
453	0
454	0
455	0
456	0
457	0
458	0
459	0
460	0
461	0
462	0
463	0
464	0
465	0
466	0
467	0
468	0
469	0
470	0
471	0
472	0
473	0
474	0
475	0
476	0
477	0
478	0
479	0
480	0
481	0
482	0
483	0
484	0
485	0
486	0
487	0
488	0
489	0
490	0
491	0
492	0
493	0
494	0
495	0
496	0
497	0
498	0
499	0
500	0
501	0
502	0
503	0
504	0
505	0
506	0
507	0
508	0
509	0
510	0
511	0
512	0
513	0
514	0
515	0
516	0
517	0
518	0
519	0
520	0
521	0
522	0
523	0
524	0
525	0
526	0
527	0
528	0
529	0
530	0
531	0
532	0
533	0
534	0
535	0
536	0
537	0
538	0
539	0
540	0
541	0
542	9
543	25
544	71
545	73
546	76
547	88
548	90
549	81
550	76
551	78
552	91
553	82
554	89
555	80
556	90
557	100
558	89
559	83
560	92
561	80
562	98
563	98
564	71
565	72
566	80
567	96
568	80
569	64
570	77
571	83
572	89
573	70
574	86
575	82
576	69
577	77
578	86
579	66
580	77
581	76
582	86
583	80
584	82
585	75
586	58
587	92
588	70
589	96
590	83
591	82
592	61
593	78
594	57
595	63
596	75
597	77
598	69
599	64
600	74
601	69
602	74
603	71
604	70
605	55
606	75
607	75
608	83
609	85
610	68
611	93
612	78
613	82
614	64
615	80
616	76
617	87
618	75
619	80
620	65
621	76
622	60
623	79
624	76
625	85
626	84
627	68
628	76
629	77
630	67
631	73
632	94
633	62
634	71
635	76
636	72
637	73
638	79
639	62
640	82
641	70
642	84
643	68
644	80
645	69
646	65
647	66
648	80
649	77
650	72
651	81
652	72
653	73
654	71
655	74
656	69
657	83
658	65
659	78
660	78
661	73
662	80
663	65
664	69
665	85
666	60
667	61
668	73
669	77
670	99
671	79
672	64
673	53
674	74
675	64
676	71
677	69
678	73
679	69
680	80
681	53
682	58
683	72
684	70
685	78
686	61
687	82
688	72
689	74
690	78
691	82
692	82
693	77
694	70
695	68
696	68
697	75
698	66
699	79
700	88
701	69
702	70
703	82
704	63
705	77
706	58
707	72
708	56
709	85
710	71
711	85
712	77
713	53
714	80
715	71
716	75
717	71
718	85
719	55
720	64
721	65
722	78
723	63
724	70
725	72
726	70
727	68
728	71
729	78
730	77
731	84
732	68
733	84
734	85
735	58
736	85
737	74
738	69
739	63
740	79
741	72
742	62
743	74
744	75
745	68
746	72
747	76
748	77
749	69
750	82
751	59
752	59
753	74
754	71
755	81
756	58
757	70
758	75
759	87
760	76
761	68
762	67
763	58
764	61
765	72
766	72
767	68
768	82
769	79
770	73
771	61
772	83
773	76
774	81
775	103
776	72
777	65
778	60
779	72
780	65
781	62
782	71
783	76
784	69
785	59
786	60
787	83
788	81
789	94
790	84
791	78
792	91
793	83
794	67
795	64
796	75
797	68
798	83
799	86
800	79
801	76
802	63
803	78
804	56
805	57
806	80
807	60
808	69
809	62
810	86
811	74
812	84
813	66
814	67
815	72
816	73
817	64
818	77
819	65
820	73
821	69
822	52
823	93
824	65
825	74
826	49
827	67
828	75
829	62
830	67
831	91
832	84
833	66
834	80
835	66
836	72
837	67
838	67
839	66
840	67
841	70
842	61
843	84
844	61
845	71
846	76
847	76
848	67
849	68
850	63
851	79
852	64
853	72
854	77
855	88
856	73
857	78
858	63
859	82
860	53
861	75
862	78
863	71
864	66
865	77
866	70
867	58
868	67
869	67
870	76
871	76
872	67
873	62
874	84
875	67
876	74
877	63
878	74
879	66
880	65
881	74
882	68
883	94
884	80
885	66
886	76
887	77
888	72
889	64
890	78
891	57
892	69
893	60
894	71
895	68
896	67
897	64
898	76
899	58
900	56
901	81
902	67
903	96
904	67
905	79
906	63
907	71
908	62
909	73
910	71
911	58
912	59
913	66
914	75
915	75
916	60
917	68
918	65
919	68
920	71
921	60
922	70
923	58
924	70
925	79
926	60
927	72
928	67
929	96
930	73
931	74
932	81
933	79
934	62
935	67
936	70
937	74
938	68
939	80
940	62
941	72
942	55
943	65
944	62
945	62
946	63
947	56
948	60
949	72
950	67
951	65
952	72
953	80
954	63
955	57
956	74
957	62
958	86
959	63
960	80
961	78
962	85
963	65
964	80
965	72
966	81
967	64
968	78
969	72
970	63
971	65
972	83
973	67
974	67
975	76
976	67
977	71
978	68
979	66
980	65
981	83
982	81
983	80
984	80
985	70
986	80
987	70
988	69
989	61
990	69
991	66
992	70
993	80
994	74
995	72
996	88
997	79
998	55
999	70
1000	84
1001	78
1002	73
1003	62
1004	78
1005	77
1006	73
1007	74
1008	84
1009	62
1010	67
1011	80
1012	75
1013	81
1014	75
1015	71
1016	67
1017	83
1018	61
1019	88
1020	78
1021	81
1022	75
1023	64
1024	75
1025	76
1026	85
1027	68
1028	58
1029	70
1030	68
1031	72
1032	68
1033	71
1034	62
1035	83
1036	65
1037	64
1038	88
1039	79
1040	74
1041	78
1042	68
1043	91
1044	71
1045	76
1046	76
1047	70
1048	93
1049	69
1050	78
1051	74
1052	77
1053	85
1054	68
1055	61
1056	59
1057	93
1058	72
1059	74
1060	77
1061	70
1062	84
1063	74
1064	67
1065	82
1066	64
1067	77
1068	76
1069	74
1070	63
1071	72
1072	66
1073	62
1074	69
1075	66
1076	74
1077	82
1078	78
1079	71
1080	70
1081	66
1082	78
1083	70
1084	83
1085	62
1086	77
1087	77
1088	64
1089	71
1090	72
1091	76
1092	62
1093	80
1094	71
1095	70
1096	77
1097	83
1098	60
1099	61
1100	61
1101	69
1102	80
1103	76
1104	71
1105	57
1106	59
1107	62
1108	95
1109	69
1110	81
1111	81
1112	65
1113	59
1114	84
1115	76
1116	76
1117	64
1118	72
1119	63
1120	76
1121	76
1122	80
1123	72
1124	81
1125	90
1126	79
1127	69
1128	54
1129	65
1130	61
1131	64
1132	66
1133	81
1134	58
1135	74
1136	76
1137	69
1138	79
1139	69
1140	84
1141	69
1142	72
1143	66
1144	80
1145	82
1146	77
1147	81
1148	83
1149	66
1150	73
1151	77
1152	76
1153	64
1154	65
1155	73
1156	82
1157	66
1158	74
1159	76
1160	72
1161	86
1162	73
1163	65
1164	79
1165	71
1166	62
1167	73
1168	71
1169	75
1170	73
1171	78
1172	80
1173	79
1174	61
1175	70
1176	70
1177	64
1178	70
1179	93
1180	57
1181	90
1182	81
1183	59
1184	79
1185	72
1186	67
1187	60
1188	76
1189	72
1190	67
1191	78
1192	81
1193	65
1194	93
1195	83
1196	84
1197	56
1198	81
1199	75
1200	65
1201	67
1202	77
1203	68
1204	73
1205	72
1206	72
1207	66
1208	74
1209	71
1210	66
1211	91
1212	77
1213	100
1214	82
1215	63
1216	66
1217	83
1218	74
1219	75
1220	67
1221	90
1222	86
1223	59
1224	67
1225	52
1226	65
1227	73
1228	86
1229	73
1230	68
1231	77
1232	64
1233	82
1234	64
1235	64
1236	61
1237	76
1238	64
1239	67
1240	72
1241	62
1242	63
1243	80
1244	69
1245	76
1246	85
1247	61
1248	67
1249	71
1250	81
1251	83
1252	71
1253	72
1254	80
1255	61
1256	75
1257	75
1258	72
1259	81
1260	78
1261	93
1262	66
1263	61
1264	74
1265	64
1266	73
1267	85
1268	80
1269	78
1270	79
1271	61
1272	83
1273	73
1274	71
1275	70
1276	67
1277	79
1278	68
1279	68
1280	66
1281	65
1282	87
1283	67
1284	90
1285	79
1286	67
1287	80
1288	77
1289	79
1290	63
1291	64
1292	77
1293	81
1294	65
1295	57
1296	72
1297	84
1298	82
1299	81
1300	74
1301	74
1302	83
1303	64
1304	44
1305	80
1306	62
1307	71
1308	87
1309	59
1310	86
1311	68
1312	74
1313	71
1314	95
1315	79
1316	57
1317	76
1318	68
1319	70
1320	75
1321	84
1322	51
1323	82
1324	59
1325	81
1326	89
1327	63
1328	71
1329	72
1330	72
1331	71
1332	73
1333	69
1334	94
1335	79
1336	82
1337	62
1338	80
1339	59
1340	85
1341	69
1342	79
1343	83
1344	85
1345	77
1346	70
1347	73
1348	69
1349	50
1350	75
1351	73
1352	79
1353	60
1354	73
1355	74
1356	57
1357	74
1358	74
1359	65
1360	77
1361	62
1362	65
1363	69
1364	79
1365	59
1366	70
1367	64
1368	75
1369	69
1370	76
1371	58
1372	69
1373	68
1374	67
1375	65
1376	69
1377	72
1378	76
1379	50
1380	64
1381	68
1382	68
1383	75
1384	75
1385	84
1386	60
1387	64
1388	65
1389	72
1390	84
1391	70
1392	73
1393	79
1394	65
1395	65
1396	66
1397	73
1398	73
1399	74
1400	73
1401	66
1402	88
1403	59
1404	75
1405	77
1406	82
1407	70
1408	63
1409	62
1410	84
1411	65
1412	73
1413	85
1414	87
1415	72
1416	74
1417	76
1418	82
1419	66
1420	80
1421	72
1422	80
1423	77
1424	76
1425	71
1426	67
1427	68
1428	59
1429	80
1430	78
1431	70
1432	71
1433	90
1434	87
1435	66
1436	76
1437	66
1438	82
1439	63
1440	89
1441	91
1442	88
1443	69
1444	69
1445	80
1446	76
1447	68
1448	84
1449	73
1450	73
1451	67
1452	77
1453	59
1454	76
1455	68
1456	72
1457	82
1458	73
1459	75
1460	65
1461	66
1462	76
1463	71
1464	77
1465	65
1466	83
1467	74
1468	68
1469	86
1470	103
1471	76
1472	65
1473	79
1474	75
1475	68
1476	74
1477	67
1478	70
1479	96
1480	80
1481	90
1482	83
1483	72
1484	81
1485	76
1486	73
1487	76
1488	82
1489	65
1490	76
1491	60
1492	64
1493	85
1494	82
1495	61
1496	68
1497	82
1498	61
1499	65
1500	60
1501	67
1502	72
1503	68
1504	61
1505	86
1506	77
1507	64
1508	77
1509	69
1510	87
1511	74
1512	72
1513	68
1514	89
1515	77
1516	80
1517	58
1518	65
1519	68
1520	78
1521	68
1522	70
1523	76
1524	79
1525	69
1526	65
1527	71
1528	76
1529	76
1530	75
1531	79
1532	76
1533	97
1534	74
1535	78
1536	85
1537	73
1538	61
1539	75
1540	84
1541	63
1542	65
1543	63
1544	81
1545	77
1546	79
1547	66
1548	71
1549	81
1550	81
1551	74
1552	66
1553	68
1554	75
1555	68
1556	78
1557	76
1558	90
1559	66
1560	82
1561	81
1562	71
1563	73
1564	69
1565	84
1566	72
1567	58
1568	77
1569	62
1570	62
1571	72
1572	63
1573	65
1574	71
1575	67
1576	64
1577	82
1578	73
1579	78
1580	83
1581	77
1582	72
1583	76
1584	73
1585	78
1586	86
1587	75
1588	74
1589	62
1590	79
1591	72
1592	79
1593	81
1594	77
1595	70
1596	65
1597	85
1598	86
1599	85
1600	90
1601	66
1602	66
1603	83
1604	79
1605	84
1606	68
1607	63
1608	71
1609	77
1610	71
1611	65
1612	81
1613	67
1614	81
1615	73
1616	67
1617	69
1618	68
1619	85
1620	86
1621	75
1622	82
1623	80
1624	74
1625	74
1626	80
1627	93
1628	78
1629	87
1630	79
1631	71
1632	88
1633	80
1634	65
1635	74
1636	66
1637	77
1638	93
1639	78
1640	86
1641	64
1642	94
1643	74
1644	89
1645	73
1646	59
1647	74
1648	79
1649	68
1650	75
1651	73
1652	80
1653	68
1654	85
1655	77
1656	59
1657	90
1658	76
1659	69
1660	80
1661	76
1662	62
1663	81
1664	67
1665	68
1666	72
1667	72
1668	61
1669	75
1670	91
1671	67
1672	77
1673	64
1674	75
1675	79
1676	74
1677	93
1678	77
1679	73
1680	65
1681	61
1682	69
1683	69
1684	69
1685	77
1686	80
1687	67
1688	70
1689	67
1690	72
1691	74
1692	63
1693	82
1694	83
1695	77
1696	67
1697	68
1698	71
1699	79
1700	67
1701	65
1702	70
1703	72
1704	74
1705	66
1706	68
1707	78
1708	73
1709	63
1710	63
1711	61
1712	69
1713	74
1714	73
1715	81
1716	70
1717	75
1718	69
1719	62
1720	86
1721	75
1722	74
1723	80
1724	81
1725	72
1726	67
1727	77
1728	86
1729	72
1730	87
1731	67
1732	76
1733	63
1734	55
1735	68
1736	60
1737	67
1738	80
1739	79
1740	62
1741	75
1742	72
1743	73
1744	65
1745	80
1746	68
1747	74
1748	74
1749	57
1750	50
1751	79
1752	90
1753	55
1754	80
1755	66
1756	81
1757	77
1758	63
1759	75
1760	71
1761	74
1762	82
1763	67
1764	54
1765	73
1766	76
1767	90
1768	83
1769	83
1770	83
1771	70
1772	80
1773	78
1774	64
1775	64
1776	84
1777	71
1778	69
1779	64
1780	69
1781	66
1782	65
1783	72
1784	69
1785	81
1786	78
1787	68
1788	73
1789	58
1790	71
1791	87
1792	63
1793	63
1794	81
1795	62
1796	83
1797	71
1798	65
1799	75
1800	62
1801	72
1802	75
1803	61
1804	78
1805	81
1806	82
1807	92
1808	68
1809	75
1810	85
1811	75
1812	78
1813	76
1814	69
1815	86
1816	78
1817	66
1818	66
1819	73
1820	58
1821	77
1822	62
1823	100
1824	74
1825	70
1826	74
1827	79
1828	69
1829	66
1830	60
1831	85
1832	80
1833	77
1834	63
1835	79
1836	67
1837	77
1838	87
1839	74
1840	68
1841	80
1842	71
1843	79
1844	73
1845	76
1846	84
1847	71
1848	65
1849	73
1850	67
1851	81
1852	64
1853	82
1854	66
1855	75
1856	82
1857	78
1858	66
1859	80
1860	76
1861	70
1862	76
1863	76
1864	72
1865	76
1866	65
1867	76
1868	78
1869	86
1870	68
1871	82
1872	85
1873	72
1874	71
1875	82
1876	84
1877	64
1878	81
1879	74
1880	60
1881	81
1882	79
1883	71
1884	85
1885	86
1886	71
1887	75
1888	80
1889	80
1890	68
1891	66
1892	91
1893	82
1894	78
1895	80
1896	77
1897	82
1898	93
1899	98
1900	82
1901	81
1902	77
1903	89
1904	99
1905	79
1906	99
1907	63
1908	66
1909	89
1910	77
1911	59
1912	70
1913	87
1914	86
1915	88
1916	82
1917	82
1918	71
1919	84
1920	75
1921	81
1922	68
1923	75
1924	74
1925	75
1926	82
1927	74
1928	70
1929	77
1930	84
1931	73
1932	82
1933	89
1934	89
1935	82
1936	70
1937	93
1938	85
1939	76
1940	80
1941	61
1942	86
1943	58
1944	87
1945	83
1946	84
1947	93
1948	72
1949	92
1950	73
1951	72
1952	101
1953	89
1954	70
1955	77
1956	92
1957	78
1958	75
1959	81
1960	80
1961	64
1962	90
1963	91
1964	91
1965	90
1966	83
1967	89
1968	95
1969	77
1970	81
1971	76
1972	94
1973	80
1974	83
1975	81
1976	91
1977	91
1978	92
1979	94
1980	83
1981	84
1982	92
1983	81
1984	97
1985	92
1986	83
1987	75
1988	95
1989	93
1990	96
1991	93
1992	81
1993	97
1994	93
1995	75
1996	109
1997	85
1998	83
1999	109
2000	82
2001	98
2002	86
2003	78
2004	90
2005	93
2006	96
2007	95
2008	92
2009	90
2010	99
2011	101
2012	106
2013	95
2014	87
2015	91
2016	109
2017	97
2018	96
2019	88
2020	97
2021	107
2022	108
2023	101
2024	93
2025	100
2026	94
2027	100
2028	94
2029	116
2030	116
2031	97
2032	93
2033	115
2034	114
2035	96
2036	120
2037	94
2038	97
2039	76
2040	103
2041	106
2042	94
2043	125
2044	121
2045	133
2046	126
2047	93
2048	132
2049	103
2050	120
2051	114
2052	115
2053	111
2054	122
2055	137
2056	107
2057	108
2058	110
2059	112
2060	128
2061	136
2062	132
2063	110
2064	142
2065	148
2066	128
2067	137
2068	144
2069	140
2070	136
2071	134
2072	133
2073	143
2074	131
2075	123
2076	165
2077	136
2078	130
2079	153
2080	139
2081	142
2082	146
2083	139
2084	148
2085	171
2086	144
2087	134
2088	157
2089	129
2090	130
2091	132
2092	171
2093	141
2094	141
2095	136
2096	159
2097	136
2098	188
2099	171
2100	175
2101	144
2102	151
2103	171
2104	165
2105	170
2106	140
2107	163
2108	158
2109	175
2110	173
2111	158
2112	155
2113	151
2114	166
2115	153
2116	165
2117	169
2118	161
2119	167
2120	177
2121	170
2122	189
2123	180
2124	150
2125	175
2126	177
2127	151
2128	166
2129	184
2130	167
2131	188
2132	191
2133	181
2134	173
2135	167
2136	168
2137	164
2138	158
2139	176
2140	181
2141	174
2142	194
2143	170
2144	188
2145	170
2146	182
2147	166
2148	165
2149	195
2150	193
2151	175
2152	177
2153	204
2154	190
2155	177
2156	190
2157	171
2158	182
2159	164
2160	183
2161	167
2162	174
2163	177
2164	167
2165	175
2166	163
2167	179
2168	162
2169	175
2170	181
2171	189
2172	176
2173	161
2174	180
2175	200
2176	165
2177	178
2178	172
2179	186
2180	160
2181	166
2182	169
2183	180
2184	181
2185	198
2186	175
2187	183
2188	157
2189	175
2190	161
2191	175
2192	175
2193	156
2194	172
2195	146
2196	167
2197	164
2198	153
2199	155
2200	189
2201	174
2202	177
2203	148
2204	147
2205	137
2206	146
2207	153
2208	170
2209	155
2210	155
2211	147
2212	147
2213	141
2214	158
2215	171
2216	140
2217	146
2218	136
2219	154
2220	139
2221	122
2222	150
2223	158
2224	146
2225	143
2226	128
2227	159
2228	158
2229	144
2230	147
2231	148
2232	136
2233	125
2234	129
2235	131
2236	128
2237	116
2238	134
2239	131
2240	131
2241	121
2242	142
2243	143
2244	114
2245	133
2246	117
2247	138
2248	138
2249	131
2250	136
2251	124
2252	136
2253	118
2254	101
2255	112
2256	114
2257	128
2258	120
2259	102
2260	119
2261	113
2262	133
2263	133
2264	108
2265	119
2266	139
2267	117
2268	110
2269	124
2270	110
2271	137
2272	101
2273	102
2274	106
2275	115
2276	100
2277	107
2278	112
2279	80
2280	112
2281	107
2282	111
2283	105
2284	111
2285	108
2286	89
2287	93
2288	106
2289	97
2290	106
2291	74
2292	94
2293	95
2294	109
2295	96
2296	106
2297	89
2298	99
2299	98
2300	101
2301	92
2302	96
2303	99
2304	93
2305	102
2306	108
2307	95
2308	105
2309	102
2310	99
2311	97
2312	103
2313	81
2314	94
2315	110
2316	90
2317	98
2318	98
2319	103
2320	98
2321	102
2322	100
2323	107
2324	109
2325	91
2326	62
2327	82
2328	95
2329	96
2330	97
2331	89
2332	98
2333	85
2334	92
2335	97
2336	87
2337	92
2338	79
2339	110
2340	87
2341	97
2342	97
2343	79
2344	86
2345	105
2346	106
2347	93
2348	101
2349	85
2350	85
2351	104
2352	104
2353	84
2354	86
2355	92
2356	94
2357	97
2358	95
2359	105
2360	88
2361	105
2362	82
2363	103
2364	90
2365	82
2366	104
2367	91
2368	94
2369	93
2370	91
2371	94
2372	85
2373	90
2374	88
2375	98
2376	111
2377	97
2378	85
2379	91
2380	88
2381	113
2382	102
2383	95
2384	104
2385	110
2386	101
2387	115
2388	69
2389	106
2390	104
2391	93
2392	93
2393	121
2394	116
2395	101
2396	106
2397	104
2398	91
2399	98
2400	118
2401	85
2402	101
2403	99
2404	91
2405	90
2406	106
2407	119
2408	93
2409	104
2410	99
2411	89
2412	101
2413	108
2414	103
2415	124
2416	107
2417	118
2418	99
2419	123
2420	102
2421	105
2422	108
2423	107
2424	116
2425	117
2426	114
2427	112
2428	118
2429	114
2430	106
2431	99
2432	94
2433	114
2434	102
2435	121
2436	113
2437	104
2438	101
2439	90
2440	118
2441	103
2442	110
2443	124
2444	115
2445	108
2446	102
2447	116
2448	109
2449	106
2450	117
2451	94
2452	118
2453	111
2454	77
2455	124
2456	96
2457	94
2458	119
2459	109
2460	114
2461	96
2462	122
2463	110
2464	119
2465	115
2466	119
2467	99
2468	123
2469	115
2470	112
2471	98
2472	104
2473	115
2474	112
2475	124
2476	115
2477	118
2478	112
2479	106
2480	112
2481	106
2482	102
2483	123
2484	120
2485	127
2486	135
2487	110
2488	121
2489	99
2490	109
2491	122
2492	122
2493	112
2494	128
2495	104
2496	119
2497	112
2498	113
2499	127
2500	109
2501	138
2502	113
2503	114
2504	130
2505	123
2506	145
2507	124
2508	119
2509	105
2510	110
2511	137
2512	116
2513	126
2514	122
2515	115
2516	119
2517	125
2518	131
2519	136
2520	137
2521	133
2522	142
2523	124
2524	134
2525	134
2526	142
2527	109
2528	132
2529	143
2530	152
2531	132
2532	128
2533	146
2534	121
2535	113
2536	141
2537	130
2538	131
2539	156
2540	136
2541	135
2542	148
2543	153
2544	141
2545	133
2546	116
2547	148
2548	151
2549	164
2550	148
2551	140
2552	142
2553	150
2554	157
2555	160
2556	155
2557	135
2558	154
2559	143
2560	147
2561	134
2562	137
2563	126
2564	164
2565	159
2566	168
2567	154
2568	152
2569	151
2570	144
2571	133
2572	170
2573	157
2574	153
2575	163
2576	171
2577	172
2578	164
2579	161
2580	158
2581	194
2582	212
2583	156
2584	196
2585	155
2586	182
2587	184
2588	174
2589	164
2590	175
2591	174
2592	191
2593	168
2594	159
2595	175
2596	169
2597	195
2598	204
2599	180
2600	189
2601	181
2602	195
2603	184
2604	169
2605	225
2606	202
2607	199
2608	228
2609	210
2610	200
2611	192
2612	210
2613	224
2614	224
2615	182
2616	211
2617	255
2618	277
2619	221
2620	241
2621	214
2622	215
2623	246
2624	242
2625	253
2626	242
2627	218
2628	244
2629	244
2630	267
2631	254
2632	251
2633	224
2634	243
2635	246
2636	238
2637	256
2638	269
2639	253
2640	237
2641	245
2642	278
2643	262
2644	283
2645	272
2646	222
2647	273
2648	275
2649	252
2650	286
2651	272
2652	293
2653	286
2654	302
2655	308
2656	304
2657	287
2658	298
2659	278
2660	297
2661	303
2662	276
2663	278
2664	285
2665	330
2666	340
2667	309
2668	290
2669	311
2670	332
2671	312
2672	323
2673	336
2674	322
2675	317
2676	319
2677	326
2678	315
2679	312
2680	297
2681	322
2682	336
2683	330
2684	349
2685	357
2686	336
2687	308
2688	351
2689	353
2690	298
2691	366
2692	324
2693	332
2694	345
2695	361
2696	361
2697	402
2698	344
2699	310
2700	357
2701	381
2702	338
2703	364
2704	349
2705	356
2706	391
2707	386
2708	380
2709	376
2710	367
2711	366
2712	343
2713	395
2714	392
2715	361
2716	380
2717	364
2718	370
2719	399
2720	369
2721	379
2722	384
2723	404
2724	408
2725	382
2726	388
2727	375
2728	383
2729	375
2730	426
2731	419
2732	414
2733	418
2734	351
2735	416
2736	374
2737	441
2738	389
2739	420
2740	430
2741	423
2742	446
2743	409
2744	447
2745	441
2746	466
2747	498
2748	447
2749	468
2750	433
2751	435
2752	442
2753	431
2754	478
2755	473
2756	513
2757	483
2758	480
2759	498
2760	481
2761	522
2762	551
2763	560
2764	507
2765	550
2766	528
2767	546
2768	561
2769	558
2770	533
2771	577
2772	616
2773	614
2774	593
2775	584
2776	614
2777	646
2778	632
2779	679
2780	687
2781	647
2782	646
2783	694
2784	722
2785	723
2786	711
2787	725
2788	756
2789	750
2790	789
2791	853
2792	823
2793	873
2794	831
2795	889
2796	866
2797	875
2798	892
2799	933
2800	956
2801	980
2802	1040
2803	1020
2804	1011
2805	1076
2806	1134
2807	1168
2808	1194
2809	1192
2810	1251
2811	1226
2812	1247
2813	1322
2814	1381
2815	1382
2816	1489
2817	1449
2818	1515
2819	1597
2820	1580
2821	1540
2822	1654
2823	1734
2824	1776
2825	1748
2826	1817
2827	1902
2828	1882
2829	1975
2830	1983
2831	2018
2832	2154
2833	2227
2834	2205
2835	2287
2836	2442
2837	2430
2838	2476
2839	2472
2840	2594
2841	2643
2842	2700
2843	2833
2844	2874
2845	2925
2846	3060
2847	3092
2848	3230
2849	3205
2850	3348
2851	3368
2852	3548
2853	3714
2854	3767
2855	3772
2856	3833
2857	4048
2858	4103
2859	4216
2860	4098
2861	4379
2862	4326
2863	4574
2864	4574
2865	4744
2866	4872
2867	4948
2868	5148
2869	5368
2870	5460
2871	5513
2872	5630
2873	5755
2874	6037
2875	6039
2876	6379
2877	6370
2878	6463
2879	6538
2880	6704
2881	6853
2882	7006
2883	7157
2884	7344
2885	7544
2886	7632
2887	7808
2888	7824
2889	8168
2890	8326
2891	8480
2892	8664
2893	8791
2894	8916
2895	9020
2896	9245
2897	9535
2898	9479
2899	9798
2900	9908
2901	10214
2902	10199
2903	10547
2904	10632
2905	11034
2906	11243
2907	11180
2908	11436
2909	11645
2910	11920
2911	11913
2912	12194
2913	12572
2914	12831
2915	12865
2916	13120
2917	13228
2918	13709
2919	13674
2920	13943
2921	14197
2922	14307
2923	14269
2924	14732
2925	14951
2926	15255
2927	15280
2928	15545
2929	15727
2930	16023
2931	16399
2932	16343
2933	16658
2934	16826
2935	17189
2936	17701
2937	17454
2938	17628
2939	17844
2940	18365
2941	18082
2942	18607
2943	18735
2944	19051
2945	19054
2946	19059
2947	19708
2948	19782
2949	19887
2950	20236
2951	20353
2952	20326
2953	20973
2954	20944
2955	21030
2956	21128
2957	21307
2958	21712
2959	21806
2960	21941
2961	22128
2962	22094
2963	22204
2964	22592
2965	22501
2966	22869
2967	23050
2968	23031
2969	23278
2970	23364
2971	23665
2972	23511
2973	23741
2974	23947
2975	24173
2976	24057
2977	24503
2978	24409
2979	24636
2980	25084
2981	24878
2982	24996
2983	24879
2984	25168
2985	25198
2986	25384
2987	25322
2988	25291
2989	25561
2990	25338
2991	25726
2992	25665
2993	25987
2994	25666
2995	25548
2996	25997
2997	26120
2998	26040
2999	25791
3000	25998
3001	25702
3002	25727
3003	25937
3004	25988
3005	25579
3006	25893
3007	25760
3008	25807
3009	25793
3010	25751
3011	25969
3012	25733
3013	25422
3014	25832
3015	25506
3016	25428
3017	25670
3018	25306
3019	25199
3020	25056
3021	25320
3022	24946
3023	24856
3024	25005
3025	24645
3026	24388
3027	24652
3028	24216
3029	24292
3030	24185
3031	23827
3032	23874
3033	23886
3034	23742
3035	23672
3036	23479
3037	23203
3038	23342
3039	22730
3040	22747
3041	22683
3042	22452
3043	22462
3044	22042
3045	21876
3046	21668
3047	21601
3048	21312
3049	21190
3050	20953
3051	20841
3052	20801
3053	20624
3054	20341
3055	20101
3056	19831
3057	19730
3058	19585
3059	19521
3060	19125
3061	18751
3062	18894
3063	18570
3064	18556
3065	18263
3066	17977
3067	17866
3068	17605
3069	17416
3070	16938
3071	16987
3072	16698
3073	16582
3074	16244
3075	16092
3076	15763
3077	15847
3078	15615
3079	15434
3080	14987
3081	14753
3082	14652
3083	14141
3084	14124
3085	14035
3086	13929
3087	13432
3088	13291
3089	13095
3090	12989
3091	12525
3092	12695
3093	12226
3094	12214
3095	12074
3096	11892
3097	11629
3098	11372
3099	11384
3100	11268
3101	10715
3102	10702
3103	10558
3104	10292
3105	10082
3106	9908
3107	9792
3108	9641
3109	9421
3110	9028
3111	9123
3112	8946
3113	8551
3114	8629
3115	8508
3116	8245
3117	8129
3118	7842
3119	7701
3120	7782
3121	7544
3122	7280
3123	7246
3124	7042
3125	6914
3126	6788
3127	6699
3128	6729
3129	6404
3130	6354
3131	6338
3132	5980
3133	5814
3134	5926
3135	5648
3136	5488
3137	5452
3138	5430
3139	5138
3140	5169
3141	5177
3142	5120
3143	4861
3144	4767
3145	4655
3146	4587
3147	4639
3148	4314
3149	4304
3150	4269
3151	4217
3152	3992
3153	4073
3154	3979
3155	3897
3156	3837
3157	3845
3158	3740
3159	3585
3160	3463
3161	3389
3162	3474
3163	3570
3164	3308
3165	3323
3166	3289
3167	3209
3168	3134
3169	3094
3170	3017
3171	3076
3172	3025
3173	2948
3174	2836
3175	2895
3176	2947
3177	2902
3178	2808
3179	2825
3180	2749
3181	2776
3182	2721
3183	2803
3184	2690
3185	2717
3186	2727
3187	2713
3188	2619
3189	2632
3190	2607
3191	2646
3192	2710
3193	2631
3194	2640
3195	2677
3196	2536
3197	2763
3198	2597
3199	2606
3200	2665
3201	2553
3202	2558
3203	2647
3204	2630
3205	2649
3206	2644
3207	2570
3208	2641
3209	2638
3210	2749
3211	2720
3212	2750
3213	2652
3214	2590
3215	2730
3216	2772
3217	2753
3218	2752
3219	2803
3220	2855
3221	2746
3222	2867
3223	2844
3224	2847
3225	2995
3226	2860
3227	2924
3228	2958
3229	2966
3230	2937
3231	3084
3232	3095
3233	3095
3234	3078
3235	3137
3236	3138
3237	3141
3238	3225
3239	3184
3240	3243
3241	3235
3242	3301
3243	3265
3244	3280
3245	3262
3246	3430
3247	3371
3248	3448
3249	3418
3250	3436
3251	3443
3252	3443
3253	3555
3254	3462
3255	3584
3256	3497
3257	3573
3258	3497
3259	3622
3260	3618
3261	3702
3262	3724
3263	3557
3264	3639
3265	3798
3266	3680
3267	3672
3268	3869
3269	3746
3270	3770
3271	3871
3272	3759
3273	3816
3274	3851
3275	3785
3276	3817
3277	3792
3278	3813
3279	3722
3280	3814
3281	3937
3282	3936
3283	3872
3284	3768
3285	3810
3286	3921
3287	3843
3288	3806
3289	3857
3290	3839
3291	3864
3292	3876
3293	3823
3294	3813
3295	3963
3296	3799
3297	3926
3298	3893
3299	3942
3300	3801
3301	3698
3302	3733
3303	3781
3304	3769
3305	3765
3306	3888
3307	3854
3308	3747
3309	3709
3310	3736
3311	3802
3312	3550
3313	3775
3314	3601
3315	3730
3316	3601
3317	3710
3318	3717
3319	3638
3320	3589
3321	3605
3322	3535
3323	3580
3324	3475
3325	3547
3326	3371
3327	3412
3328	3428
3329	3348
3330	3474
3331	3410
3332	3291
3333	3316
3334	3322
3335	3228
3336	3281
3337	3264
3338	3168
3339	3207
3340	3132
3341	3133
3342	3048
3343	3045
3344	3025
3345	3053
3346	3035
3347	2911
3348	2937
3349	2889
3350	2845
3351	2772
3352	2821
3353	2732
3354	2757
3355	2766
3356	2669
3357	2637
3358	2661
3359	2539
3360	2476
3361	2552
3362	2493
3363	2433
3364	2280
3365	2355
3366	2398
3367	2320
3368	2301
3369	2279
3370	2224
3371	2248
3372	2093
3373	2173
3374	2090
3375	2082
3376	1988
3377	2004
3378	2068
3379	1966
3380	1860
3381	1858
3382	1835
3383	1807
3384	1860
3385	1715
3386	1695
3387	1665
3388	1658
3389	1626
3390	1635
3391	1615
3392	1576
3393	1545
3394	1542
3395	1468
3396	1484
3397	1344
3398	1413
3399	1364
3400	1366
3401	1227
3402	1273
3403	1310
3404	1231
3405	1177
3406	1227
3407	1186
3408	1156
3409	1174
3410	1113
3411	1056
3412	1072
3413	1018
3414	975
3415	945
3416	983
3417	920
3418	946
3419	867
3420	889
3421	870
3422	860
3423	796
3424	826
3425	795
3426	816
3427	763
3428	705
3429	788
3430	749
3431	638
3432	606
3433	659
3434	583
3435	624
3436	647
3437	586
3438	576
3439	544
3440	530
3441	512
3442	530
3443	487
3444	506
3445	502
3446	471
3447	442
3448	444
3449	410
3450	413
3451	392
3452	391
3453	393
3454	396
3455	364
3456	386
3457	319
3458	337
3459	298
3460	296
3461	324
3462	299
3463	297
3464	273
3465	265
3466	256
3467	239
3468	213
3469	233
3470	196
3471	229
3472	192
3473	191
3474	200
3475	209
3476	213
3477	220
3478	183
3479	160
3480	159
3481	152
3482	163
3483	140
3484	146
3485	140
3486	142
3487	118
3488	109
3489	118
3490	139
3491	116
3492	121
3493	99
3494	79
3495	97
3496	95
3497	91
3498	79
3499	80
3500	97
3501	86
3502	68
3503	73
3504	64
3505	71
3506	67
3507	65
3508	68
3509	60
3510	66
3511	55
3512	58
3513	49
3514	61
3515	47
3516	50
3517	45
3518	35
3519	38
3520	33
3521	35
3522	32
3523	38
3524	33
3525	26
3526	29
3527	29
3528	31
3529	41
3530	42
3531	26
3532	28
3533	25
3534	25
3535	19
3536	19
3537	19
3538	26
3539	15
3540	21
3541	21
3542	18
3543	24
3544	20
3545	15
3546	15
3547	8
3548	15
3549	18
3550	13
3551	12
3552	16
3553	19
3554	17
3555	17
3556	18
3557	14
3558	12
3559	14
3560	12
3561	14
3562	15
3563	16
3564	6
3565	6
3566	3
3567	13
3568	5
3569	12
3570	6
3571	9
3572	6
3573	10
3574	13
3575	8
3576	9
3577	6
3578	11
3579	4
3580	7
3581	5
3582	3
3583	3
3584	2
3585	3
3586	3
3587	3
3588	5
3589	4
3590	2
3591	6
3592	6
3593	1
3594	5
3595	4
3596	6
3597	4
3598	7
3599	2
3600	3
3601	3
3602	5
3603	2
3604	3
3605	5
3606	2
3607	5
3608	2
3609	3
3610	4
3611	4
3612	2
3613	4
3614	10
3615	5
3616	5
3617	8
3618	0
3619	5
3620	5
3621	1
3622	6
3623	5
3624	3
3625	3
3626	5
3627	0
3628	4
3629	2
3630	4
3631	5
3632	2
3633	3
3634	4
3635	0
3636	3
3637	4
3638	2
3639	2
3640	2
3641	7
3642	5
3643	5
3644	3
3645	0
3646	1
3647	2
3648	1
3649	4
3650	4
3651	2
3652	5
3653	0
3654	1
3655	3
3656	1
3657	7
3658	4
3659	4
3660	1
3661	2
3662	2
3663	3
3664	3
3665	3
3666	3
3667	2
3668	3
3669	3
3670	3
3671	1
3672	4
3673	0
3674	1
3675	5
3676	2
3677	1
3678	2
3679	1
3680	2
3681	5
3682	2
3683	3
3684	1
3685	5
3686	4
3687	4
3688	4
3689	6
3690	2
3691	4
3692	1
3693	2
3694	4
3695	2
3696	4
3697	2
3698	3
3699	0
3700	4
3701	2
3702	1
3703	5
3704	3
3705	5
3706	0
3707	5
3708	3
3709	1
3710	3
3711	1
3712	4
3713	2
3714	3
3715	4
3716	6
3717	2
3718	1
3719	6
3720	2
3721	3
3722	2
3723	2
3724	1
3725	5
3726	2
3727	0
3728	3
3729	3
3730	3
3731	3
3732	1
3733	2
3734	6
3735	3
3736	0
3737	1
3738	1
3739	1
3740	4
3741	4
3742	2
3743	1
3744	1
3745	1
3746	0
3747	4
3748	2
3749	2
3750	2
3751	2
3752	1
3753	3
3754	1
3755	1
3756	0
3757	2
3758	4
3759	0
3760	0
3761	3
3762	1
3763	3
3764	2
3765	1
3766	1
3767	0
3768	1
3769	0
3770	3
3771	1
3772	0
3773	1
3774	3
3775	2
3776	6
3777	5
3778	0
3779	1
3780	2
3781	1
3782	3
3783	2
3784	1
3785	3
3786	2
3787	1
3788	1
3789	0
3790	0
3791	1
3792	0
3793	2
3794	2
3795	2
3796	0
3797	1
3798	2
3799	1
3800	3
3801	2
3802	2
3803	2
3804	3
3805	4
3806	1
3807	3
3808	3
3809	3
3810	1
3811	1
3812	2
3813	2
3814	3
3815	4
3816	0
3817	4
3818	0
3819	2
3820	3
3821	1
3822	0
3823	4
3824	1
3825	1
3826	1
3827	2
3828	2
3829	1
3830	1
3831	2
3832	3
3833	0
3834	2
3835	2
3836	0
3837	0
3838	1
3839	0
3840	4
3841	1
3842	2
3843	2
3844	0
3845	0
3846	1
3847	2
3848	1
3849	2
3850	6
3851	1
3852	0
3853	2
3854	0
3855	3
3856	2
3857	1
3858	0
3859	0
3860	1
3861	2
3862	1
3863	1
3864	2
3865	2
3866	4
3867	3
3868	1
3869	3
3870	1
3871	0
3872	2
3873	1
3874	1
3875	1
3876	1
3877	2
3878	0
3879	3
3880	0
3881	2
3882	1
3883	3
3884	0
3885	2
3886	1
3887	0
3888	1
3889	3
3890	1
3891	1
3892	0
3893	1
3894	0
3895	1
3896	3
3897	2
3898	2
3899	0
3900	3
3901	3
3902	3
3903	1
3904	1
3905	2
3906	1
3907	2
3908	1
3909	3
3910	0
3911	0
3912	2
3913	0
3914	3
3915	1
3916	1
3917	3
3918	3
3919	3
3920	0
3921	0
3922	0
3923	4
3924	2
3925	0
3926	1
3927	3
3928	0
3929	3
3930	3
3931	4
3932	0
3933	3
3934	2
3935	2
3936	2
3937	0
3938	0
3939	1
3940	1
3941	3
3942	1
3943	2
3944	1
3945	1
3946	0
3947	0
3948	1
3949	1
3950	3
3951	6
3952	0
3953	2
3954	3
3955	1
3956	0
3957	1
3958	0
3959	4
3960	4
3961	4
3962	1
3963	4
3964	1
3965	2
3966	0
3967	3
3968	1
3969	2
3970	0
3971	2
3972	2
3973	3
3974	0
3975	0
3976	0
3977	2
3978	1
3979	0
3980	0
3981	1
3982	2
3983	1
3984	2
3985	0
3986	0
3987	1
3988	2
3989	0
3990	0
3991	2
3992	1
3993	1
3994	2
3995	2
3996	2
3997	4
3998	4
3999	1
4000	0
4001	2
4002	1
4003	0
4004	1
4005	2
4006	3
4007	2
4008	1
4009	1
4010	2
4011	1
4012	1
4013	2
4014	3
4015	0
4016	5
4017	2
4018	1
4019	0
4020	1
4021	2
4022	1
4023	1
4024	1
4025	0
4026	3
4027	2
4028	2
4029	2
4030	1
4031	3
4032	1
4033	0
4034	0
4035	3
4036	0
4037	2
4038	1
4039	0
4040	3
4041	3
4042	0
4043	0
4044	2
4045	2
4046	1
4047	0
4048	1
4049	2
4050	1
4051	1
4052	3
4053	0
4054	2
4055	4
4056	1
4057	3
4058	1
4059	3
4060	2
4061	2
4062	1
4063	0
4064	0
4065	1
4066	1
4067	1
4068	1
4069	0
4070	1
4071	0
4072	6
4073	1
4074	1
4075	2
4076	2
4077	3
4078	1
4079	3
4080	0
4081	0
4082	0
4083	2
4084	1
4085	1
4086	2
4087	1
4088	0
4089	1
4090	2
4091	1
4092	1
4093	0
4094	2
4095	0
4096	1
4097	0
4098	2
4099	2
4100	4
4101	0
4102	2
4103	1
4104	1
4105	2
4106	2
4107	1
4108	1
4109	1
4110	1
4111	1
4112	1
4113	1
4114	3
4115	1
4116	2
4117	4
4118	3
4119	1
4120	0
4121	0
4122	2
4123	1
4124	1
4125	3
4126	1
4127	2
4128	0
4129	0
4130	0
4131	1
4132	2
4133	1
4134	1
4135	1
4136	7
4137	1
4138	1
4139	1
4140	1
4141	1
4142	1
4143	1
4144	1
4145	0
4146	0
4147	1
4148	0
4149	4
4150	0
4151	2
4152	0
4153	0
4154	3
4155	2
4156	1
4157	1
4158	1
4159	1
4160	0
4161	0
4162	1
4163	3
4164	1
4165	1
4166	0
4167	2
4168	0
4169	1
4170	0
4171	2
4172	2
4173	0
4174	1
4175	0
4176	0
4177	1
4178	1
4179	1
4180	1
4181	1
4182	2
4183	2
4184	2
4185	2
4186	0
4187	1
4188	2
4189	2
4190	3
4191	0
4192	1
4193	2
4194	2
4195	0
4196	0
4197	2
4198	1
4199	0
4200	2
4201	1
4202	0
4203	3
4204	2
4205	0
4206	2
4207	0
4208	0
4209	2
4210	0
4211	1
4212	1
4213	2
4214	0
4215	1
4216	2
4217	2
4218	1
4219	1
4220	0
4221	0
4222	1
4223	0
4224	0
4225	0
4226	1
4227	2
4228	4
4229	1
4230	0
4231	0
4232	1
4233	1
4234	2
4235	0
4236	1
4237	0
4238	1
4239	3
4240	0
4241	0
4242	0
4243	1
4244	2
4245	1
4246	1
4247	0
4248	0
4249	0
4250	1
4251	0
4252	1
4253	0
4254	0
4255	0
4256	0
4257	1
4258	1
4259	0
4260	2
4261	1
4262	2
4263	1
4264	0
4265	0
4266	1
4267	0
4268	0
4269	1
4270	0
4271	1
4272	0
4273	3
4274	0
4275	1
4276	0
4277	1
4278	0
4279	4
4280	0
4281	0
4282	0
4283	1
4284	0
4285	0
4286	1
4287	0
4288	3
4289	0
4290	0
4291	0
4292	0
4293	0
4294	0
4295	0
4296	0
4297	0
4298	0
4299	0
4300	0
4301	0
4302	0
4303	0
4304	0
4305	0
4306	0
4307	0
4308	0
4309	1
4310	0
4311	3
4312	1
4313	0
4314	0
4315	0
4316	1
4317	0
4318	0
4319	1
4320	0
4321	1
4322	2
4323	1
4324	0
4325	1
4326	0
4327	1
4328	0
4329	1
4330	1
4331	0
4332	1
4333	0
4334	1
4335	2
4336	1
4337	1
4338	0
4339	0
4340	0
4341	0
4342	1
4343	4
4344	3
4345	0
4346	1
4347	0
4348	0
4349	1
4350	1
4351	3
4352	2
4353	2
4354	0
4355	1
4356	1
4357	3
4358	2
4359	2
4360	1
4361	1
4362	1
4363	1
4364	2
4365	0
4366	0
4367	1
4368	0
4369	1
4370	0
4371	0
4372	2
4373	1
4374	1
4375	1
4376	1
4377	3
4378	0
4379	1
4380	0
4381	0
4382	2
4383	0
4384	0
4385	0
4386	0
4387	1
4388	2
4389	1
4390	0
4391	0
4392	0
4393	0
4394	3
4395	0
4396	1
4397	1
4398	2
4399	1
4400	0
4401	0
4402	1
4403	0
4404	0
4405	0
4406	0
4407	0
4408	1
4409	1
4410	0
4411	0
4412	0
4413	1
4414	2
4415	1
4416	1
4417	0
4418	0
4419	0
4420	1
4421	1
4422	0
4423	1
4424	1
4425	0
4426	0
4427	1
4428	0
4429	3
4430	1
4431	1
4432	1
4433	0
4434	1
4435	0
4436	1
4437	1
4438	0
4439	1
4440	1
4441	1
4442	1
4443	0
4444	0
4445	0
4446	0
4447	1
4448	1
4449	1
4450	1
4451	0
4452	2
4453	3
4454	0
4455	1
4456	1
4457	0
4458	1
4459	1
4460	1
4461	0
4462	0
4463	0
4464	0
4465	3
4466	1
4467	1
4468	0
4469	0
4470	0
4471	1
4472	1
4473	0
4474	0
4475	1
4476	0
4477	1
4478	1
4479	0
4480	2
4481	2
4482	1
4483	1
4484	0
4485	2
4486	2
4487	2
4488	1
4489	0
4490	2
4491	0
4492	0
4493	1
4494	1
4495	1
4496	1
4497	0
4498	0
4499	2
4500	2
4501	1
4502	1
4503	0
4504	0
4505	0
4506	0
4507	0
4508	0
4509	1
4510	0
4511	1
4512	1
4513	0
4514	1
4515	0
4516	2
4517	1
4518	0
4519	2
4520	0
4521	1
4522	1
4523	0
4524	2
4525	0
4526	1
4527	0
4528	1
4529	1
4530	0
4531	0
4532	0
4533	1
4534	1
4535	1
4536	1
4537	0
4538	1
4539	3
4540	0
4541	0
4542	1
4543	2
4544	2
4545	0
4546	0
4547	0
4548	0
4549	1
4550	1
4551	0
4552	0
4553	2
4554	0
4555	0
4556	0
4557	2
4558	0
4559	0
4560	0
4561	1
4562	0
4563	0
4564	0
4565	1
4566	1
4567	0
4568	0
4569	0
4570	1
4571	0
4572	1
4573	1
4574	1
4575	0
4576	2
4577	0
4578	0
4579	1
4580	0
4581	0
4582	0
4583	0
4584	0
4585	1
4586	1
4587	0
4588	0
4589	1
4590	1
4591	0
4592	1
4593	1
4594	0
4595	0
4596	0
4597	0
4598	1
4599	0
4600	1
4601	2
4602	1
4603	1
4604	0
4605	1
4606	1
4607	0
4608	1
4609	1
4610	2
4611	0
4612	1
4613	1
4614	0
4615	2
4616	2
4617	1
4618	0
4619	1
4620	0
4621	1
4622	0
4623	0
4624	0
4625	1
4626	0
4627	0
4628	0
4629	1
4630	0
4631	0
4632	0
4633	1
4634	0
4635	0
4636	0
4637	1
4638	1
4639	2
4640	0
4641	0
4642	0
4643	1
4644	0
4645	0
4646	0
4647	0
4648	0
4649	0
4650	0
4651	1
4652	1
4653	1
4654	1
4655	1
4656	0
4657	1
4658	0
4659	1
4660	0
4661	0
4662	2
4663	1
4664	1
4665	1
4666	0
4667	0
4668	0
4669	0
4670	1
4671	0
4672	0
4673	0
4674	0
4675	1
4676	0
4677	0
4678	0
4679	0
4680	0
4681	0
4682	0
4683	1
4684	0
4685	2
4686	1
4687	0
4688	0
4689	0
4690	1
4691	2
4692	1
4693	2
4694	2
4695	0
4696	0
4697	0
4698	0
4699	1
4700	1
4701	1
4702	0
4703	1
4704	0
4705	0
4706	0
4707	0
4708	0
4709	0
4710	1
4711	1
4712	0
4713	0
4714	1
4715	1
4716	0
4717	0
4718	1
4719	2
4720	0
4721	0
4722	1
4723	0
4724	1
4725	0
4726	1
4727	0
4728	0
4729	2
4730	0
4731	1
4732	1
4733	0
4734	0
4735	3
4736	0
4737	1
4738	2
4739	0
4740	0
4741	0
4742	0
4743	0
4744	0
4745	0
4746	1
4747	1
4748	0
4749	0
4750	0
4751	0
4752	0
4753	2
4754	0
4755	1
4756	1
4757	0
4758	0
4759	0
4760	0
4761	0
4762	0
4763	1
4764	0
4765	2
4766	0
4767	1
4768	0
4769	1
4770	1
4771	1
4772	1
4773	0
4774	0
4775	1
4776	1
4777	0
4778	1
4779	0
4780	0
4781	0
4782	0
4783	0
4784	0
4785	2
4786	0
4787	0
4788	0
4789	0
4790	0
4791	0
4792	1
4793	0
4794	0
4795	0
4796	0
4797	1
4798	0
4799	0
4800	0
4801	0
4802	1
4803	0
4804	0
4805	0
4806	1
4807	0
4808	0
4809	0
4810	0
4811	0
4812	0
4813	0
4814	0
4815	0
4816	0
4817	0
4818	0
4819	1
4820	1
4821	1
4822	0
4823	1
4824	0
4825	0
4826	1
4827	2
4828	0
4829	0
4830	0
4831	0
4832	0
4833	0
4834	0
4835	0
4836	0
4837	2
4838	0
4839	1
4840	0
4841	0
4842	1
4843	0
4844	1
4845	0
4846	0
4847	0
4848	0
4849	1
4850	1
4851	0
4852	1
4853	0
4854	1
4855	1
4856	1
4857	0
4858	1
4859	0
4860	0
4861	1
4862	0
4863	0
4864	0
4865	2
4866	1
4867	0
4868	1
4869	1
4870	0
4871	0
4872	1
4873	2
4874	1
4875	0
4876	0
4877	1
4878	0
4879	1
4880	0
4881	0
4882	0
4883	0
4884	1
4885	0
4886	1
4887	1
4888	1
4889	1
4890	2
4891	0
4892	0
4893	0
4894	1
4895	0
4896	0
4897	0
4898	0
4899	0
4900	0
4901	0
4902	0
4903	0
4904	0
4905	1
4906	0
4907	1
4908	0
4909	1
4910	0
4911	1
4912	1
4913	0
4914	2
4915	0
4916	0
4917	0
4918	0
4919	0
4920	1
4921	0
4922	1
4923	0
4924	0
4925	0
4926	0
4927	0
4928	1
4929	1
4930	2
4931	0
4932	0
4933	0
4934	1
4935	0
4936	1
4937	0
4938	1
4939	2
4940	0
4941	0
4942	0
4943	1
4944	1
4945	1
4946	2
4947	1
4948	0
4949	1
4950	0
4951	1
4952	0
4953	0
4954	0
4955	0
4956	0
4957	0
4958	0
4959	0
4960	0
4961	0
4962	0
4963	0
4964	1
4965	1
4966	0
4967	2
4968	1
4969	1
4970	0
4971	1
4972	1
4973	2
4974	0
4975	0
4976	0
4977	3
4978	0
4979	0
4980	1
4981	0
4982	0
4983	1
4984	1
4985	0
4986	1
4987	1
4988	0
4989	0
4990	1
4991	1
4992	1
4993	0
4994	1
4995	0
4996	0
4997	0
4998	1
4999	0
5000	1
5001	2
5002	0
5003	1
5004	0
5005	0
5006	0
5007	0
5008	1
5009	0
5010	0
5011	0
5012	2
5013	0
5014	0
5015	0
5016	0
5017	0
5018	0
5019	0
5020	2
5021	0
5022	1
5023	1
5024	0
5025	1
5026	2
5027	0
5028	0
5029	0
5030	0
5031	0
5032	0
5033	1
5034	0
5035	0
5036	0
5037	0
5038	1
5039	0
5040	0
5041	0
5042	0
5043	0
5044	0
5045	1
5046	0
5047	3
5048	0
5049	1
5050	1
5051	1
5052	1
5053	1
5054	3
5055	0
5056	0
5057	1
5058	0
5059	0
5060	0
5061	0
5062	2
5063	0
5064	0
5065	1
5066	1
5067	0
5068	1
5069	0
5070	0
5071	1
5072	0
5073	0
5074	1
5075	1
5076	0
5077	1
5078	0
5079	0
5080	1
5081	0
5082	0
5083	0
5084	0
5085	1
5086	0
5087	0
5088	1
5089	2
5090	0
5091	0
5092	0
5093	0
5094	1
5095	1
5096	0
5097	0
5098	0
5099	0
5100	0
5101	0
5102	0
5103	0
5104	1
5105	1
5106	0
5107	0
5108	0
5109	2
5110	1
5111	0
5112	2
5113	0
5114	2
5115	1
5116	1
5117	1
5118	0
5119	0
5120	0
5121	1
5122	0
5123	0
5124	0
5125	1
5126	1
5127	0
5128	2
5129	2
5130	0
5131	0
5132	1
5133	1
5134	0
5135	1
5136	1
5137	1
5138	0
5139	1
5140	1
5141	0
5142	0
5143	0
5144	0
5145	1
5146	0
5147	1
5148	0
5149	0
5150	0
5151	1
5152	0
5153	0
5154	0
5155	0
5156	0
5157	1
5158	0
5159	0
5160	0
5161	0
5162	0
5163	0
5164	1
5165	1
5166	1
5167	0
5168	1
5169	1
5170	0
5171	0
5172	0
5173	1
5174	1
5175	0
5176	0
5177	0
5178	0
5179	0
5180	0
5181	0
5182	0
5183	0
5184	0
5185	0
5186	0
5187	0
5188	1
5189	0
5190	0
5191	0
5192	0
5193	1
5194	0
5195	0
5196	1
5197	0
5198	1
5199	2
5200	1
5201	1
5202	2
5203	0
5204	1
5205	0
5206	0
5207	0
5208	0
5209	0
5210	0
5211	0
5212	0
5213	0
5214	0
5215	0
5216	0
5217	1
5218	0
5219	1
5220	0
5221	1
5222	2
5223	0
5224	0
5225	0
5226	0
5227	1
5228	0
5229	0
5230	0
5231	0
5232	0
5233	0
5234	1
5235	1
5236	0
5237	0
5238	0
5239	0
5240	1
5241	1
5242	0
5243	0
5244	0
5245	0
5246	0
5247	0
5248	0
5249	0
5250	0
5251	2
5252	2
5253	0
5254	0
5255	0
5256	1
5257	0
5258	0
5259	0
5260	1
5261	0
5262	0
5263	0
5264	0
5265	1
5266	0
5267	0
5268	0
5269	0
5270	1
5271	0
5272	0
5273	1
5274	0
5275	1
5276	1
5277	1
5278	0
5279	1
5280	1
5281	0
5282	0
5283	0
5284	1
5285	0
5286	0
5287	0
5288	0
5289	1
5290	0
5291	0
5292	1
5293	0
5294	0
5295	0
5296	0
5297	0
5298	0
5299	1
5300	0
5301	0
5302	2
5303	1
5304	0
5305	1
5306	1
5307	0
5308	0
5309	0
5310	1
5311	0
5312	0
5313	2
5314	0
5315	0
5316	0
5317	0
5318	1
5319	0
5320	1
5321	0
5322	0
5323	0
5324	0
5325	1
5326	0
5327	2
5328	0
5329	0
5330	1
5331	0
5332	1
5333	0
5334	0
5335	0
5336	1
5337	0
5338	0
5339	0
5340	0
5341	0
5342	0
5343	1
5344	1
5345	0
5346	0
5347	0
5348	0
5349	0
5350	0
5351	0
5352	1
5353	0
5354	0
5355	0
5356	0
5357	0
5358	0
5359	0
5360	1
5361	1
5362	1
5363	0
5364	0
5365	0
5366	1
5367	0
5368	1
5369	1
5370	0
5371	1
5372	0
5373	0
5374	0
5375	1
5376	0
5377	1
5378	0
5379	0
5380	0
5381	1
5382	1
5383	1
5384	0
5385	0
5386	0
5387	0
5388	0
5389	0
5390	1
5391	0
5392	1
5393	0
5394	0
5395	0
5396	1
5397	0
5398	1
5399	0
5400	1
5401	1
5402	1
5403	0
5404	0
5405	0
5406	0
5407	0
5408	0
5409	0
5410	1
5411	1
5412	1
5413	0
5414	0
5415	0
5416	1
5417	0
5418	0
5419	0
5420	0
5421	0
5422	0
5423	2
5424	2
5425	2
5426	1
5427	0
5428	0
5429	1
5430	0
5431	1
5432	0
5433	2
5434	1
5435	0
5436	1
5437	0
5438	1
5439	0
5440	0
5441	0
5442	0
5443	0
5444	1
5445	0
5446	0
5447	0
5448	0
5449	1
5450	1
5451	0
5452	0
5453	0
5454	0
5455	0
5456	2
5457	0
5458	0
5459	0
5460	0
5461	0
5462	0
5463	0
5464	0
5465	0
5466	1
5467	0
5468	1
5469	0
5470	1
5471	0
5472	0
5473	1
5474	1
5475	1
5476	1
5477	0
5478	0
5479	0
5480	0
5481	0
5482	3
5483	2
5484	0
5485	0
5486	0
5487	0
5488	2
5489	2
5490	0
5491	1
5492	0
5493	0
5494	0
5495	1
5496	0
5497	1
5498	2
5499	0
5500	2
5501	0
5502	1
5503	0
5504	1
5505	1
5506	1
5507	1
5508	1
5509	0
5510	1
5511	1
5512	1
5513	0
5514	0
5515	2
5516	0
5517	0
5518	0
5519	2
5520	1
5521	0
5522	0
5523	0
5524	0
5525	0
5526	2
5527	0
5528	1
5529	1
5530	1
5531	1
5532	0
5533	2
5534	1
5535	0
5536	0
5537	0
5538	0
5539	0
5540	0
5541	0
5542	0
5543	0
5544	0
5545	0
5546	1
5547	0
5548	0
5549	1
5550	0
5551	1
5552	0
5553	0
5554	0
5555	0
5556	0
5557	2
5558	0
5559	1
5560	1
5561	1
5562	1
5563	2
5564	1
5565	1
5566	0
5567	0
5568	0
5569	1
5570	2
5571	0
5572	3
5573	0
5574	0
5575	0
5576	0
5577	0
5578	0
5579	1
5580	0
5581	1
5582	0
5583	1
5584	1
5585	0
5586	1
5587	1
5588	0
5589	2
5590	2
5591	0
5592	1
5593	2
5594	1
5595	1
5596	1
5597	0
5598	2
5599	1
5600	2
5601	3
5602	0
5603	0
5604	1
5605	1
5606	0
5607	0
5608	0
5609	0
5610	1
5611	1
5612	0
5613	0
5614	0
5615	2
5616	1
5617	0
5618	1
5619	2
5620	1
5621	3
5622	0
5623	1
5624	0
5625	0
5626	0
5627	0
5628	0
5629	0
5630	0
5631	1
5632	2
5633	2
5634	1
5635	0
5636	1
5637	0
5638	3
5639	1
5640	2
5641	1
5642	3
5643	2
5644	1
5645	1
5646	2
5647	1
5648	1
5649	3
5650	0
5651	1
5652	1
5653	1
5654	0
5655	1
5656	1
5657	2
5658	0
5659	2
5660	0
5661	1
5662	1
5663	0
5664	3
5665	0
5666	1
5667	1
5668	1
5669	2
5670	1
5671	1
5672	5
5673	2
5674	2
5675	2
5676	0
5677	2
5678	1
5679	2
5680	2
5681	3
5682	1
5683	2
5684	1
5685	3
5686	1
5687	2
5688	3
5689	2
5690	0
5691	2
5692	4
5693	0
5694	5
5695	0
5696	2
5697	1
5698	0
5699	3
5700	2
5701	2
5702	2
5703	8
5704	6
5705	4
5706	1
5707	4
5708	1
5709	4
5710	4
5711	3
5712	2
5713	3
5714	4
5715	3
5716	1
5717	2
5718	4
5719	2
5720	4
5721	6
5722	4
5723	8
5724	2
5725	7
5726	5
5727	3
5728	8
5729	3
5730	3
5731	5
5732	5
5733	2
5734	6
5735	6
5736	2
5737	4
5738	3
5739	1
5740	2
5741	2
5742	5
5743	8
5744	1
5745	6
5746	4
5747	3
5748	2
5749	8
5750	7
5751	2
5752	6
5753	9
5754	6
5755	6
5756	5
5757	8
5758	8
5759	5
5760	5
5761	7
5762	10
5763	6
5764	3
5765	7
5766	10
5767	10
5768	8
5769	10
5770	6
5771	5
5772	7
5773	11
5774	14
5775	4
5776	8
5777	9
5778	12
5779	6
5780	7
5781	8
5782	8
5783	19
5784	7
5785	9
5786	7
5787	8
5788	8
5789	21
5790	14
5791	6
5792	14
5793	12
5794	9
5795	16
5796	11
5797	15
5798	16
5799	15
5800	11
5801	18
5802	8
5803	9
5804	15
5805	16
5806	9
5807	17
5808	11
5809	13
5810	11
5811	16
5812	13
5813	21
5814	23
5815	13
5816	11
5817	10
5818	12
5819	13
5820	9
5821	11
5822	15
5823	17
5824	17
5825	10
5826	7
5827	19
5828	16
5829	23
5830	12
5831	13
5832	13
5833	22
5834	8
5835	19
5836	16
5837	15
5838	12
5839	12
5840	8
5841	19
5842	17
5843	21
5844	16
5845	23
5846	18
5847	10
5848	18
5849	23
5850	20
5851	21
5852	16
5853	16
5854	14
5855	16
5856	16
5857	16
5858	21
5859	16
5860	18
5861	18
5862	12
5863	14
5864	20
5865	18
5866	20
5867	11
5868	23
5869	20
5870	24
5871	18
5872	19
5873	13
5874	20
5875	19
5876	16
5877	18
5878	17
5879	16
5880	13
5881	20
5882	17
5883	7
5884	12
5885	11
5886	13
5887	12
5888	21
5889	18
5890	14
5891	16
5892	16
5893	18
5894	16
5895	13
5896	9
5897	17
5898	20
5899	12
5900	15
5901	21
5902	21
5903	15
5904	13
5905	16
5906	18
5907	12
5908	17
5909	16
5910	15
5911	19
5912	13
5913	22
5914	15
5915	14
5916	13
5917	11
5918	17
5919	13
5920	19
5921	17
5922	6
5923	12
5924	19
5925	12
5926	20
5927	13
5928	13
5929	22
5930	9
5931	15
5932	24
5933	12
5934	6
5935	13
5936	9
5937	17
5938	8
5939	14
5940	12
5941	16
5942	12
5943	8
5944	9
5945	18
5946	15
5947	9
5948	18
5949	10
5950	15
5951	13
5952	12
5953	5
5954	11
5955	12
5956	7
5957	6
5958	14
5959	9
5960	6
5961	9
5962	10
5963	12
5964	10
5965	10
5966	14
5967	3
5968	8
5969	11
5970	13
5971	6
5972	8
5973	9
5974	8
5975	4
5976	12
5977	8
5978	10
5979	10
5980	4
5981	7
5982	8
5983	6
5984	5
5985	5
5986	3
5987	6
5988	11
5989	11
5990	5
5991	7
5992	3
5993	12
5994	5
5995	6
5996	9
5997	3
5998	5
5999	7
6000	9
6001	2
6002	7
6003	6
6004	4
6005	6
6006	5
6007	4
6008	3
6009	3
6010	7
6011	1
6012	4
6013	4
6014	4
6015	4
6016	7
6017	2
6018	3
6019	4
6020	2
6021	3
6022	4
6023	3
6024	5
6025	4
6026	2
6027	5
6028	4
6029	1
6030	4
6031	4
6032	1
6033	7
6034	1
6035	5
6036	3
6037	5
6038	8
6039	4
6040	4
6041	2
6042	6
6043	3
6044	3
6045	4
6046	4
6047	7
6048	3
6049	4
6050	2
6051	3
6052	2
6053	11
6054	2
6055	1
6056	4
6057	6
6058	4
6059	4
6060	2
6061	8
6062	2
6063	3
6064	4
6065	5
6066	6
6067	5
6068	4
6069	8
6070	6
6071	5
6072	7
6073	2
6074	4
6075	5
6076	4
6077	4
6078	8
6079	6
6080	1
6081	4
6082	9
6083	3
6084	6
6085	9
6086	1
6087	4
6088	2
6089	5
6090	3
6091	4
6092	3
6093	6
6094	7
6095	7
6096	5
6097	2
6098	4
6099	3
6100	4
6101	2
6102	4
6103	2
6104	4
6105	4
6106	4
6107	4
6108	5
6109	6
6110	7
6111	6
6112	5
6113	6
6114	3
6115	4
6116	10
6117	7
6118	6
6119	3
6120	5
6121	10
6122	6
6123	2
6124	5
6125	5
6126	3
6127	6
6128	4
6129	4
6130	6
6131	9
6132	5
6133	5
6134	5
6135	6
6136	5
6137	6
6138	3
6139	13
6140	11
6141	9
6142	13
6143	17
6144	24
6145	37
6146	74
6147	125
6148	118
6149	96
6150	73
6151	47
6152	49
6153	35
6154	31
6155	47
6156	65
6157	62
6158	32
6159	9
6160	0
6161	0
6162	0
6163	0
6164	0
6165	0
6166	0
6167	0
6168	0
6169	0
6170	0
6171	0
6172	0
6173	0
6174	0
6175	0
6176	0
6177	0
6178	0
6179	0
6180	0
6181	0
6182	0
6183	0
6184	0
6185	0
6186	0
6187	0
6188	0
6189	0
6190	0
6191	0
6192	0
6193	0
6194	0
6195	0
6196	0
6197	0
6198	0
6199	0
6200	0
6201	0
6202	0
6203	0
6204	0
6205	0
6206	0
6207	0
6208	0
6209	0
6210	0
6211	0
6212	0
6213	0
6214	0
6215	0
6216	0
6217	0
6218	0
6219	0
6220	0
6221	0
6222	0
6223	0
6224	0
6225	0
6226	0
6227	0
6228	0
6229	0
6230	0
6231	0
6232	0
6233	0
6234	0
6235	0
6236	0
6237	0
6238	0
6239	0
6240	0
6241	0
6242	0
6243	0
6244	0
6245	0
6246	0
6247	0
6248	0
6249	0
6250	0
6251	0
6252	0
6253	0
6254	0
6255	0
6256	0
6257	0
6258	0
6259	0
6260	0
6261	0
6262	0
6263	0
6264	0
6265	0
6266	0
6267	0
6268	0
6269	0
6270	0
6271	0
6272	0
6273	0
6274	0
6275	0
6276	0
6277	0
6278	0
6279	0
6280	0
6281	0
6282	0
6283	0
6284	0
6285	0
6286	0
6287	0
6288	0
6289	0
6290	0
6291	0
6292	0
6293	0
6294	0
6295	0
6296	0
6297	0
6298	0
6299	0
6300	0
6301	0
6302	0
6303	0
6304	0
6305	0
6306	0
6307	0
6308	0
6309	0
6310	0
6311	0
6312	0
6313	0
6314	0
6315	0
6316	0
6317	0
6318	0
6319	0
6320	0
6321	0
6322	0
6323	0
6324	0
6325	0
6326	0
6327	0
6328	0
6329	0
6330	0
6331	0
6332	0
6333	0
6334	0
6335	0
6336	0
6337	0
6338	0
6339	0
6340	0
6341	0
6342	0
6343	0
6344	0
6345	0
6346	0
6347	0
6348	0
6349	0
6350	0
6351	0
6352	0
6353	0
6354	0
6355	0
6356	0
6357	0
6358	0
6359	0
6360	0
6361	0
6362	0
6363	0
6364	0
6365	0
6366	0
6367	0
6368	0
6369	0
6370	0
6371	0
6372	0
6373	0
6374	0
6375	0
6376	0
6377	0
6378	0
6379	0
6380	0
6381	0
6382	0
6383	0
6384	0
6385	0
6386	0
6387	0
6388	0
6389	0
6390	0
6391	0
6392	0
6393	0
6394	0
6395	0
6396	0
6397	0
6398	0
6399	0
6400	0
6401	0
6402	0
6403	0
6404	0
6405	0
6406	0
6407	0
6408	0
6409	0
6410	0
6411	0
6412	0
6413	0
6414	0
6415	0
6416	0
6417	0
6418	0
6419	0
6420	0
6421	0
6422	0
6423	0
6424	0
6425	0
6426	0
6427	0
6428	0
6429	0
6430	0
6431	0
6432	0
6433	0
6434	0
6435	0
6436	0
6437	0
6438	0
6439	0
6440	0
6441	0
6442	0
6443	0
6444	0
6445	0
6446	0
6447	0
6448	0
6449	0
6450	0
6451	0
6452	0
6453	0
6454	0
6455	0
6456	0
6457	0
6458	0
6459	0
6460	0
6461	0
6462	0
6463	0
6464	0
6465	0
6466	0
6467	0
6468	0
6469	0
6470	0
6471	0
6472	0
6473	0
6474	0
6475	0
6476	0
6477	0
6478	0
6479	0
6480	0
6481	0
6482	0
6483	0
6484	0
6485	0
6486	0
6487	0
6488	0
6489	0
6490	0
6491	0
6492	0
6493	0
6494	0
6495	0
6496	0
6497	0
6498	0
6499	0
6500	0
6501	0
6502	0
6503	0
6504	0
6505	0
6506	0
6507	0
6508	0
6509	0
6510	0
6511	0
6512	0
6513	0
6514	0
6515	0
6516	0
6517	0
6518	0
6519	0
6520	0
6521	0
6522	0
6523	0
6524	0
6525	0
6526	0
6527	0
6528	0
6529	0
6530	0
6531	0
6532	0
6533	0
6534	0
6535	0
6536	0
6537	0
6538	0
6539	0
6540	0
6541	0
6542	0
6543	0
6544	0
6545	0
6546	0
6547	0
6548	0
6549	0
6550	0
6551	0
6552	0
6553	0
6554	0
6555	0
6556	0
6557	0
6558	0
6559	0
6560	0
6561	0
6562	0
6563	0
6564	0
6565	0
6566	0
6567	0
6568	0
6569	0
6570	0
6571	0
6572	0
6573	0
6574	0
6575	0
6576	0
6577	0
6578	0
6579	0
6580	0
6581	0
6582	0
6583	0
6584	0
6585	0
6586	0
6587	0
6588	0
6589	0
6590	0
6591	0
6592	0
6593	0
6594	0
6595	0
6596	0
6597	0
6598	0
6599	0
6600	0
6601	0
6602	0
6603	0
6604	0
6605	0
6606	0
6607	0
6608	0
6609	0
6610	0
6611	0
6612	0
6613	0
6614	0
6615	0
6616	0
6617	0
6618	0
6619	0
6620	0
6621	0
6622	0
6623	0
6624	0
6625	0
6626	0
6627	0
6628	0
6629	0
6630	0
6631	0
6632	0
6633	0
6634	0
6635	0
6636	0
6637	0
6638	0
6639	0
6640	0
6641	0
6642	0
6643	0
6644	0
6645	0
6646	0
6647	0
6648	0
6649	0
6650	0
6651	0
6652	0
6653	0
6654	0
6655	0
6656	0
6657	0
6658	0
6659	0
6660	0
6661	0
6662	0
6663	0
6664	0
6665	0
6666	0
6667	0
6668	0
6669	0
6670	0
6671	0
6672	0
6673	0
6674	0
6675	0
6676	0
6677	0
6678	0
6679	0
6680	0
6681	0
6682	0
6683	0
6684	0
6685	0
6686	0
6687	0
6688	0
6689	0
6690	0
6691	0
6692	0
6693	0
6694	0
6695	0
6696	0
6697	0
6698	0
6699	0
6700	0
6701	0
6702	0
6703	0
6704	0
6705	0
6706	0
6707	0
6708	0
6709	0
6710	0
6711	0
6712	0
6713	0
6714	0
6715	0
6716	0
6717	0
6718	0
6719	0
6720	0
6721	0
6722	0
6723	0
6724	0
6725	0
6726	0
6727	0
6728	0
6729	0
6730	0
6731	0
6732	0
6733	0
6734	0
6735	0
6736	0
6737	0
6738	0
6739	0
6740	0
6741	0
6742	0
6743	0
6744	0
6745	0
6746	0
6747	0
6748	0
6749	0
6750	0
6751	0
6752	0
6753	0
6754	0
6755	0
6756	0
6757	0
6758	0
6759	0
6760	0
6761	0
6762	0
6763	0
6764	0
6765	0
6766	0
6767	0
6768	0
6769	0
6770	0
6771	0
6772	0
6773	0
6774	0
6775	0
6776	0
6777	0
6778	0
6779	0
6780	0
6781	0
6782	0
6783	0
6784	0
6785	0
6786	0
6787	0
6788	0
6789	0
6790	0
6791	0
6792	0
6793	0
6794	0
6795	0
6796	0
6797	0
6798	0
6799	0
6800	0
6801	0
6802	0
6803	0
6804	0
6805	0
6806	0
6807	0
6808	0
6809	0
6810	0
6811	0
6812	0
6813	0
6814	0
6815	0
6816	0
6817	0
6818	0
6819	0
6820	0
6821	0
6822	0
6823	0
6824	0
6825	0
6826	0
6827	0
6828	0
6829	0
6830	0
6831	0
6832	0
6833	0
6834	0
6835	0
6836	0
6837	0
6838	0
6839	0
6840	0
6841	0
6842	0
6843	0
6844	0
6845	0
6846	0
6847	0
6848	0
6849	0
6850	0
6851	0
6852	0
6853	0
6854	0
6855	0
6856	0
6857	0
6858	0
6859	0
6860	0
6861	0
6862	0
6863	0
6864	0
6865	0
6866	0
6867	0
6868	0
6869	0
6870	0
6871	0
6872	0
6873	0
6874	0
6875	0
6876	0
6877	0
6878	0
6879	0
6880	0
6881	0
6882	0
6883	0
6884	0
6885	0
6886	0
6887	0
6888	0
6889	0
6890	0
6891	0
6892	0
6893	0
6894	0
6895	0
6896	0
6897	0
6898	0
6899	0
6900	0
6901	0
6902	0
6903	0
6904	0
6905	0
6906	0
6907	0
6908	0
6909	0
6910	0
6911	0
6912	0
6913	0
6914	0
6915	0
6916	0
6917	0
6918	0
6919	0
6920	0
6921	0
6922	0
6923	0
6924	0
6925	0
6926	0
6927	0
6928	0
6929	0
6930	0
6931	0
6932	0
6933	0
6934	0
6935	0
6936	0
6937	0
6938	0
6939	0
6940	0
6941	0
6942	0
6943	0
6944	0
6945	0
6946	0
6947	0
6948	0
6949	0
6950	0
6951	0
6952	0
6953	0
6954	0
6955	0
6956	0
6957	0
6958	0
6959	0
6960	0
6961	0
6962	0
6963	0
6964	0
6965	0
6966	0
6967	0
6968	0
6969	0
6970	0
6971	0
6972	0
6973	0
6974	0
6975	0
6976	0
6977	0
6978	0
6979	0
6980	0
6981	0
6982	0
6983	0
6984	0
6985	0
6986	0
6987	0
6988	0
6989	0
6990	0
6991	0
6992	0
6993	0
6994	0
6995	0
6996	0
6997	0
6998	0
6999	0
7000	0
7001	0
7002	0
7003	0
7004	0
7005	0
7006	0
7007	0
7008	0
7009	0
7010	0
7011	0
7012	0
7013	0
7014	0
7015	0
7016	0
7017	0
7018	0
7019	0
7020	0
7021	0
7022	0
7023	0
7024	0
7025	0
7026	0
7027	0
7028	0
7029	0
7030	0
7031	0
7032	0
7033	0
7034	0
7035	0
7036	0
7037	0
7038	0
7039	0
7040	0
7041	0
7042	0
7043	0
7044	0
7045	0
7046	0
7047	0
7048	0
7049	0
7050	0
7051	0
7052	0
7053	0
7054	0
7055	0
7056	0
7057	0
7058	0
7059	0
7060	0
7061	0
7062	0
7063	0
7064	0
7065	0
7066	0
7067	0
7068	0
7069	0
7070	0
7071	0
7072	0
7073	0
7074	0
7075	0
7076	0
7077	0
7078	0
7079	0
7080	0
7081	0
7082	0
7083	0
7084	0
7085	0
7086	0
7087	0
7088	0
7089	0
7090	0
7091	0
7092	0
7093	0
7094	0
7095	0
7096	0
7097	0
7098	0
7099	0
7100	0
7101	0
7102	0
7103	0
7104	0
7105	0
7106	0
7107	0
7108	0
7109	0
7110	0
7111	0
7112	0
7113	0
7114	0
7115	0
7116	0
7117	0
7118	0
7119	0
7120	0
7121	0
7122	0
7123	0
7124	0
7125	0
7126	0
7127	0
7128	0
7129	0
7130	0
7131	0
7132	0
7133	0
7134	0
7135	0
7136	0
7137	0
7138	0
7139	0
7140	0
7141	0
7142	0
7143	0
7144	0
7145	0
7146	0
7147	0
7148	0
7149	0
7150	0
7151	0
7152	0
7153	0
7154	0
7155	0
7156	0
7157	0
7158	0
7159	0
7160	0
7161	0
7162	0
7163	0
7164	0
7165	0
7166	0
7167	0
7168	0
7169	0
7170	0
7171	0
7172	0
7173	0
7174	0
7175	0
7176	0
7177	0
7178	0
7179	0
7180	0
7181	0
7182	0
7183	0
7184	0
7185	0
7186	0
7187	0
7188	0
7189	0
7190	0
7191	0
7192	0
7193	0
7194	0
7195	0
7196	0
7197	0
7198	0
7199	0
7200	0
7201	0
7202	0
7203	0
7204	0
7205	0
7206	0
7207	0
7208	0
7209	0
7210	0
7211	0
7212	0
7213	0
7214	0
7215	0
7216	0
7217	0
7218	0
7219	0
7220	0
7221	0
7222	0
7223	0
7224	0
7225	0
7226	0
7227	0
7228	0
7229	0
7230	0
7231	0
7232	0
7233	0
7234	0
7235	0
7236	0
7237	0
7238	0
7239	0
7240	0
7241	0
7242	0
7243	0
7244	0
7245	0
7246	0
7247	0
7248	0
7249	0
7250	0
7251	0
7252	0
7253	0
7254	0
7255	0
7256	0
7257	0
7258	0
7259	0
7260	0
7261	0
7262	0
7263	0
7264	0
7265	0
7266	0
7267	0
7268	0
7269	0
7270	0
7271	0
7272	0
7273	0
7274	0
7275	0
7276	0
7277	0
7278	0
7279	0
7280	0
7281	0
7282	0
7283	0
7284	0
7285	0
7286	0
7287	0
7288	0
7289	0
7290	0
7291	0
7292	0
7293	0
7294	0
7295	0
7296	0
7297	0
7298	0
7299	0
7300	0
7301	0
7302	0
7303	0
7304	0
7305	0
7306	0
7307	0
7308	0
7309	0
7310	0
7311	0
7312	0
7313	0
7314	0
7315	0
7316	0
7317	0
7318	0
7319	0
7320	0
7321	0
7322	0
7323	0
7324	0
7325	0
7326	0
7327	0
7328	0
7329	0
7330	0
7331	0
7332	0
7333	0
7334	0
7335	0
7336	0
7337	0
7338	0
7339	0
7340	0
7341	0
7342	0
7343	0
7344	0
7345	0
7346	0
7347	0
7348	0
7349	0
7350	0
7351	0
7352	0
7353	0
7354	0
7355	0
7356	0
7357	0
7358	0
7359	0
7360	0
7361	0
7362	0
7363	0
7364	0
7365	0
7366	0
7367	0
7368	0
7369	0
7370	0
7371	0
7372	0
7373	0
7374	0
7375	0
7376	0
7377	0
7378	0
7379	0
7380	0
7381	0
7382	0
7383	0
7384	0
7385	0
7386	0
7387	0
7388	0
7389	0
7390	0
7391	0
7392	0
7393	0
7394	0
7395	0
7396	0
7397	0
7398	0
7399	0
7400	0
7401	0
7402	0
7403	0
7404	0
7405	0
7406	0
7407	0
7408	0
7409	0
7410	0
7411	0
7412	0
7413	0
7414	0
7415	0
7416	0
7417	0
7418	0
7419	0
7420	0
7421	0
7422	0
7423	0
7424	0
7425	0
7426	0
7427	0
7428	0
7429	0
7430	0
7431	0
7432	0
7433	0
7434	0
7435	0
7436	0
7437	0
7438	0
7439	0
7440	0
7441	0
7442	0
7443	0
7444	0
7445	0
7446	0
7447	0
7448	0
7449	0
7450	0
7451	0
7452	0
7453	0
7454	0
7455	0
7456	0
7457	0
7458	0
7459	0
7460	0
7461	0
7462	0
7463	0
7464	0
7465	0
7466	0
7467	0
7468	0
7469	0
7470	0
7471	0
7472	0
7473	0
7474	0
7475	0
7476	0
7477	0
7478	0
7479	0
7480	0
7481	0
7482	0
7483	0
7484	0
7485	0
7486	0
7487	0
7488	0
7489	0
7490	0
7491	0
7492	0
7493	0
7494	0
7495	0
7496	0
7497	0
7498	0
7499	0
7500	0
7501	0
7502	0
7503	0
7504	0
7505	0
7506	0
7507	0
7508	0
7509	0
7510	0
7511	0
7512	0
7513	0
7514	0
7515	0
7516	0
7517	0
7518	0
7519	0
7520	0
7521	0
7522	0
7523	0
7524	0
7525	0
7526	0
7527	0
7528	0
7529	0
7530	0
7531	0
7532	0
7533	0
7534	0
7535	0
7536	0
7537	0
7538	0
7539	0
7540	0
7541	0
7542	0
7543	0
7544	0
7545	0
7546	0
7547	0
7548	0
7549	0
7550	0
7551	0
7552	0
7553	0
7554	0
7555	0
7556	0
7557	0
7558	0
7559	0
7560	0
7561	0
7562	0
7563	0
7564	0
7565	0
7566	0
7567	0
7568	0
7569	0
7570	0
7571	0
7572	0
7573	0
7574	0
7575	0
7576	0
7577	0
7578	0
7579	0
7580	0
7581	0
7582	0
7583	0
7584	0
7585	0
7586	0
7587	0
7588	0
7589	0
7590	0
7591	0
7592	0
7593	0
7594	0
7595	0
7596	0
7597	0
7598	0
7599	0
7600	0
7601	0
7602	0
7603	0
7604	0
7605	0
7606	0
7607	0
7608	0
7609	0
7610	0
7611	0
7612	0
7613	0
7614	0
7615	0
7616	0
7617	0
7618	0
7619	0
7620	0
7621	0
7622	0
7623	0
7624	0
7625	0
7626	0
7627	0
7628	0
7629	0
7630	0
7631	0
7632	0
7633	0
7634	0
7635	0
7636	0
7637	0
7638	0
7639	0
7640	0
7641	0
7642	0
7643	0
7644	0
7645	0
7646	0
7647	0
7648	0
7649	0
7650	0
7651	0
7652	0
7653	0
7654	0
7655	0
7656	0
7657	0
7658	0
7659	0
7660	0
7661	0
7662	0
7663	0
7664	0
7665	0
7666	0
7667	0
7668	0
7669	0
7670	0
7671	0
7672	0
7673	0
7674	0
7675	0
7676	0
7677	0
7678	0
7679	0
7680	0
7681	0
7682	0
7683	0
7684	0
7685	0
7686	0
7687	0
7688	0
7689	0
7690	0
7691	0
7692	0
7693	0
7694	0
7695	0
7696	0
7697	0
7698	0
7699	0
7700	0
7701	0
7702	0
7703	0
7704	0
7705	0
7706	0
7707	0
7708	0
7709	0
7710	0
7711	0
7712	0
7713	0
7714	0
7715	0
7716	0
7717	0
7718	0
7719	0
7720	0
7721	0
7722	0
7723	0
7724	0
7725	0
7726	0
7727	0
7728	0
7729	0
7730	0
7731	0
7732	0
7733	0
7734	0
7735	0
7736	0
7737	0
7738	0
7739	0
7740	0
7741	0
7742	0
7743	0
7744	0
7745	0
7746	0
7747	0
7748	0
7749	0
7750	0
7751	0
7752	0
7753	0
7754	0
7755	0
7756	0
7757	0
7758	0
7759	0
7760	0
7761	0
7762	0
7763	0
7764	0
7765	0
7766	0
7767	0
7768	0
7769	0
7770	0
7771	0
7772	0
7773	0
7774	0
7775	0
7776	0
7777	0
7778	0
7779	0
7780	0
7781	0
7782	0
7783	0
7784	0
7785	0
7786	0
7787	0
7788	0
7789	0
7790	0
7791	0
7792	0
7793	0
7794	0
7795	0
7796	0
7797	0
7798	0
7799	0
7800	0
7801	0
7802	0
7803	0
7804	0
7805	0
7806	0
7807	0
7808	0
7809	0
7810	0
7811	0
7812	0
7813	0
7814	0
7815	0
7816	0
7817	0
7818	0
7819	0
7820	0
7821	0
7822	0
7823	0
7824	0
7825	0
7826	0
7827	0
7828	0
7829	0
7830	0
7831	0
7832	0
7833	0
7834	0
7835	0
7836	0
7837	0
7838	0
7839	0
7840	0
7841	0
7842	0
7843	0
7844	0
7845	0
7846	0
7847	0
7848	0
7849	0
7850	0
7851	0
7852	0
7853	0
7854	0
7855	0
7856	0
7857	0
7858	0
7859	0
7860	0
7861	0
7862	0
7863	0
7864	0
7865	0
7866	0
7867	0
7868	0
7869	0
7870	0
7871	0
7872	0
7873	0
7874	0
7875	0
7876	0
7877	0
7878	0
7879	0
7880	0
7881	0
7882	0
7883	0
7884	0
7885	0
7886	0
7887	0
7888	0
7889	0
7890	0
7891	0
7892	0
7893	0
7894	0
7895	0
7896	0
7897	0
7898	0
7899	0
7900	0
7901	0
7902	0
7903	0
7904	0
7905	0
7906	0
7907	0
7908	0
7909	0
7910	0
7911	0
7912	0
7913	0
7914	0
7915	0
7916	0
7917	0
7918	0
7919	0
7920	0
7921	0
7922	0
7923	0
7924	0
7925	0
7926	0
7927	0
7928	0
7929	0
7930	0
7931	0
7932	0
7933	0
7934	0
7935	0
7936	0
7937	0
7938	0
7939	0
7940	0
7941	0
7942	0
7943	0
7944	0
7945	0
7946	0
7947	0
7948	0
7949	0
7950	0
7951	0
7952	0
7953	0
7954	0
7955	0
7956	0
7957	0
7958	0
7959	0
7960	0
7961	0
7962	0
7963	0
7964	0
7965	0
7966	0
7967	0
7968	0
7969	0
7970	0
7971	0
7972	0
7973	0
7974	0
7975	0
7976	0
7977	0
7978	0
7979	0
7980	0
7981	0
7982	0
7983	0
7984	0
7985	0
7986	0
7987	0
7988	0
7989	0
7990	0
7991	0
7992	0
7993	0
7994	0
7995	0
7996	0
7997	0
7998	0
7999	0
8000	0
8001	0
8002	0
8003	0
8004	0
8005	0
8006	0
8007	0
8008	0
8009	0
8010	0
8011	0
8012	0
8013	0
8014	0
8015	0
8016	0
8017	0
8018	0
8019	0
8020	0
8021	0
8022	0
8023	0
8024	0
8025	0
8026	0
8027	0
8028	0
8029	0
8030	0
8031	0
8032	0
8033	0
8034	0
8035	0
8036	0
8037	0
8038	0
8039	0
8040	0
8041	0
8042	0
8043	0
8044	0
8045	0
8046	0
8047	0
8048	0
8049	0
8050	0
8051	0
8052	0
8053	0
8054	0
8055	0
8056	0
8057	0
8058	0
8059	0
8060	0
8061	0
8062	0
8063	0
8064	0
8065	0
8066	0
8067	0
8068	0
8069	0
8070	0
8071	0
8072	0
8073	0
8074	0
8075	0
8076	0
8077	0
8078	0
8079	0
8080	0
8081	0
8082	0
8083	0
8084	0
8085	0
8086	0
8087	0
8088	0
8089	0
8090	0
8091	0
8092	0
8093	0
8094	0
8095	0
8096	0
8097	0
8098	0
8099	0
8100	0
8101	0
8102	0
8103	0
8104	0
8105	0
8106	0
8107	0
8108	0
8109	0
8110	0
8111	0
8112	0
8113	0
8114	0
8115	0
8116	0
8117	0
8118	0
8119	0
8120	0
8121	0
8122	0
8123	0
8124	0
8125	0
8126	0
8127	0
8128	0
8129	0
8130	0
8131	0
8132	0
8133	0
8134	0
8135	0
8136	0
8137	0
8138	0
8139	0
8140	0
8141	0
8142	0
8143	0
8144	0
8145	0
8146	0
8147	0
8148	0
8149	0
8150	0
8151	0
8152	0
8153	0
8154	0
8155	0
8156	0
8157	0
8158	0
8159	0
8160	0
8161	0
8162	0
8163	0
8164	0
8165	0
8166	0
8167	0
8168	0
8169	0
8170	0
8171	0
8172	0
8173	0
8174	0
8175	0
8176	0
8177	0
8178	0
8179	0
8180	0
8181	0
8182	0
8183	0
8184	0
8185	0
8186	0
8187	0
8188	0
8189	0
8190	0
8191	0
