0	0
1	0
2	0
3	0
4	0
5	0
6	0
7	0
8	0
9	0
10	0
11	0
12	0
13	0
14	0
15	0
16	0
17	0
18	0
19	0
20	0
21	0
22	0
23	0
24	0
25	0
26	0
27	0
28	0
29	0
30	0
31	0
32	0
33	0
34	0
35	0
36	0
37	0
38	0
39	0
40	0
41	0
42	0
43	0
44	0
45	0
46	0
47	0
48	0
49	0
50	0
51	0
52	0
53	0
54	0
55	0
56	0
57	0
58	0
59	0
60	0
61	0
62	0
63	0
64	0
65	0
66	0
67	0
68	0
69	0
70	0
71	0
72	0
73	0
74	0
75	0
76	0
77	0
78	0
79	0
80	0
81	0
82	0
83	0
84	0
85	0
86	0
87	0
88	0
89	0
90	0
91	0
92	0
93	0
94	0
95	0
96	0
97	0
98	0
99	0
100	0
101	0
102	0
103	0
104	0
105	0
106	0
107	0
108	0
109	0
110	0
111	0
112	0
113	0
114	0
115	0
116	0
117	0
118	0
119	0
120	0
121	0
122	0
123	0
124	0
125	0
126	0
127	0
128	0
129	0
130	0
131	0
132	0
133	0
134	0
135	0
136	0
137	0
138	0
139	0
140	0
141	0
142	0
143	0
144	0
145	0
146	0
147	0
148	0
149	0
150	0
151	0
152	0
153	0
154	0
155	0
156	0
157	0
158	0
159	0
160	0
161	0
162	0
163	0
164	0
165	0
166	0
167	0
168	0
169	0
170	0
171	0
172	0
173	0
174	0
175	0
176	0
177	0
178	0
179	0
180	0
181	0
182	0
183	0
184	0
185	0
186	0
187	0
188	0
189	0
190	0
191	0
192	0
193	0
194	0
195	0
196	0
197	0
198	0
199	0
200	0
201	0
202	0
203	0
204	0
205	0
206	0
207	0
208	0
209	0
210	0
211	0
212	0
213	0
214	0
215	0
216	0
217	0
218	0
219	0
220	0
221	0
222	0
223	0
224	0
225	0
226	0
227	0
228	0
229	0
230	0
231	0
232	0
233	0
234	0
235	0
236	0
237	0
238	0
239	0
240	0
241	0
242	0
243	0
244	0
245	0
246	0
247	0
248	0
249	0
250	0
251	0
252	0
253	0
254	0
255	0
256	0
257	0
258	0
259	0
260	0
261	0
262	0
263	0
264	0
265	0
266	0
267	0
268	0
269	0
270	0
271	0
272	0
273	0
274	0
275	0
276	0
277	0
278	0
279	0
280	0
281	0
282	0
283	0
284	0
285	0
286	0
287	0
288	0
289	0
290	0
291	0
292	0
293	0
294	0
295	0
296	0
297	0
298	0
299	0
300	0
301	0
302	0
303	0
304	0
305	0
306	0
307	0
308	0
309	0
310	0
311	0
312	0
313	0
314	0
315	0
316	0
317	0
318	0
319	0
320	0
321	0
322	0
323	0
324	0
325	0
326	0
327	0
328	0
329	0
330	0
331	0
332	0
333	0
334	0
335	0
336	0
337	0
338	0
339	0
340	0
341	0
342	0
343	0
344	0
345	0
346	0
347	0
348	0
349	0
350	0
351	0
352	0
353	0
354	0
355	0
356	0
357	0
358	0
359	0
360	0
361	0
362	0
363	0
364	0
365	0
366	0
367	0
368	0
369	0
370	0
371	0
372	0
373	0
374	0
375	0
376	0
377	0
378	0
379	0
380	0
381	0
382	0
383	0
384	0
385	0
386	0
387	0
388	0
389	0
390	0
391	0
392	0
393	0
394	0
395	0
396	0
397	0
398	0
399	0
400	0
401	0
402	0
403	0
404	0
405	0
406	0
407	0
408	0
409	0
410	0
411	0
412	0
413	0
414	0
415	0
416	0
417	0
418	0
419	0
420	0
421	0
422	0
423	0
424	0
425	0
426	0
427	0
428	0
429	0
430	0
431	0
432	0
433	0
434	0
435	0
436	0
437	0
438	0
439	0
440	0
441	0
442	0
443	0
444	0
445	0
446	0
447	0
448	0
449	0
450	0
451	0
452	0
453	0
454	0
455	0
456	0
457	0
458	0
459	0
460	0
461	0
462	0
463	0
464	0
465	0
466	0
467	0
468	0
469	0
470	0
471	0
472	0
473	0
474	0
475	0
476	0
477	0
478	0
479	0
480	0
481	0
482	0
483	0
484	0
485	0
486	0
487	0
488	0
489	0
490	0
491	0
492	0
493	0
494	0
495	0
496	0
497	0
498	0
499	0
500	0
501	0
502	0
503	0
504	0
505	0
506	0
507	0
508	0
509	0
510	0
511	0
512	0
513	0
514	0
515	0
516	0
517	0
518	0
519	0
520	0
521	0
522	0
523	0
524	0
525	0
526	0
527	0
528	0
529	0
530	0
531	0
532	0
533	0
534	0
535	0
536	0
537	0
538	0
539	0
540	0
541	0
542	1
543	8
544	37
545	55
546	44
547	44
548	47
549	40
550	52
551	43
552	36
553	53
554	47
555	49
556	44
557	51
558	40
559	58
560	45
561	33
562	38
563	56
564	59
565	45
566	42
567	35
568	47
569	41
570	37
571	42
572	59
573	49
574	44
575	48
576	54
577	45
578	50
579	50
580	39
581	50
582	41
583	40
584	40
585	57
586	37
587	41
588	28
589	44
590	50
591	42
592	41
593	46
594	56
595	42
596	37
597	39
598	35
599	42
600	53
601	39
602	37
603	45
604	42
605	53
606	45
607	34
608	37
609	55
610	47
611	44
612	39
613	50
614	35
615	58
616	43
617	52
618	41
619	37
620	50
621	49
622	55
623	43
624	44
625	38
626	36
627	40
628	51
629	50
630	50
631	45
632	48
633	40
634	43
635	44
636	61
637	47
638	41
639	37
640	35
641	46
642	49
643	44
644	41
645	37
646	42
647	52
648	45
649	42
650	44
651	37
652	42
653	39
654	42
655	42
656	42
657	46
658	46
659	46
660	43
661	44
662	42
663	47
664	38
665	48
666	43
667	32
668	47
669	46
670	43
671	38
672	44
673	50
674	42
675	48
676	50
677	46
678	53
679	45
680	49
681	50
682	37
683	41
684	29
685	30
686	39
687	41
688	54
689	43
690	50
691	48
692	41
693	36
694	41
695	32
696	50
697	42
698	50
699	42
700	44
701	54
702	34
703	37
704	35
705	42
706	57
707	58
708	44
709	45
710	45
711	49
712	51
713	34
714	45
715	40
716	51
717	38
718	34
719	58
720	43
721	49
722	43
723	45
724	33
725	43
726	33
727	48
728	41
729	50
730	34
731	39
732	40
733	43
734	44
735	42
736	37
737	29
738	37
739	48
740	54
741	54
742	36
743	38
744	46
745	28
746	45
747	47
748	39
749	53
750	39
751	45
752	36
753	58
754	49
755	38
756	41
757	37
758	40
759	38
760	43
761	37
762	45
763	35
764	35
765	39
766	45
767	44
768	42
769	40
770	42
771	50
772	43
773	39
774	41
775	52
776	48
777	49
778	40
779	35
780	56
781	39
782	43
783	36
784	47
785	41
786	43
787	43
788	39
789	27
790	37
791	50
792	30
793	54
794	48
795	51
796	33
797	33
798	45
799	46
800	51
801	48
802	28
803	36
804	61
805	43
806	34
807	46
808	44
809	34
810	45
811	45
812	38
813	37
814	37
815	42
816	26
817	43
818	48
819	27
820	37
821	41
822	44
823	36
824	47
825	47
826	47
827	44
828	44
829	38
830	42
831	30
832	51
833	42
834	43
835	44
836	35
837	36
838	31
839	35
840	44
841	46
842	52
843	37
844	39
845	41
846	51
847	38
848	36
849	40
850	56
851	48
852	35
853	38
854	42
855	44
856	33
857	51
858	52
859	45
860	42
861	43
862	36
863	30
864	49
865	43
866	40
867	43
868	35
869	38
870	39
871	50
872	41
873	31
874	47
875	39
876	47
877	41
878	42
879	33
880	51
881	49
882	32
883	36
884	48
885	47
886	48
887	45
888	37
889	53
890	32
891	38
892	58
893	38
894	29
895	56
896	44
897	59
898	44
899	32
900	38
901	59
902	33
903	37
904	36
905	47
906	48
907	48
908	37
909	46
910	33
911	48
912	41
913	64
914	40
915	37
916	42
917	48
918	45
919	39
920	49
921	41
922	52
923	43
924	43
925	42
926	37
927	37
928	52
929	50
930	53
931	41
932	42
933	41
934	36
935	42
936	40
937	53
938	33
939	50
940	44
941	38
942	39
943	36
944	48
945	55
946	39
947	46
948	50
949	35
950	37
951	33
952	35
953	46
954	43
955	42
956	48
957	36
958	43
959	50
960	45
961	41
962	34
963	44
964	36
965	46
966	48
967	50
968	52
969	44
970	49
971	41
972	26
973	42
974	41
975	45
976	47
977	53
978	39
979	53
980	48
981	32
982	34
983	34
984	43
985	51
986	39
987	39
988	40
989	40
990	34
991	51
992	53
993	39
994	37
995	44
996	48
997	39
998	47
999	46
1000	52
1001	43
1002	41
1003	46
1004	42
1005	46
1006	43
1007	51
1008	46
1009	48
1010	32
1011	45
1012	43
1013	53
1014	45
1015	48
1016	32
1017	45
1018	34
1019	32
1020	41
1021	48
1022	41
1023	42
1024	41
1025	37
1026	47
1027	49
1028	31
1029	47
1030	38
1031	41
1032	50
1033	57
1034	36
1035	48
1036	42
1037	42
1038	48
1039	53
1040	36
1041	42
1042	49
1043	49
1044	44
1045	35
1046	39
1047	55
1048	46
1049	40
1050	39
1051	57
1052	40
1053	49
1054	43
1055	40
1056	34
1057	40
1058	33
1059	36
1060	57
1061	51
1062	42
1063	42
1064	51
1065	33
1066	55
1067	42
1068	37
1069	42
1070	53
1071	43
1072	44
1073	51
1074	52
1075	40
1076	33
1077	45
1078	47
1079	41
1080	46
1081	48
1082	39
1083	47
1084	40
1085	35
1086	50
1087	35
1088	36
1089	33
1090	43
1091	56
1092	50
1093	36
1094	46
1095	43
1096	55
1097	32
1098	35
1099	42
1100	42
1101	41
1102	49
1103	45
1104	49
1105	41
1106	49
1107	44
1108	46
1109	35
1110	44
1111	49
1112	45
1113	43
1114	53
1115	40
1116	51
1117	35
1118	42
1119	33
1120	33
1121	41
1122	59
1123	44
1124	43
1125	42
1126	39
1127	40
1128	41
1129	33
1130	48
1131	51
1132	41
1133	45
1134	49
1135	37
1136	37
1137	51
1138	33
1139	44
1140	36
1141	48
1142	33
1143	43
1144	57
1145	49
1146	40
1147	31
1148	33
1149	50
1150	40
1151	53
1152	35
1153	41
1154	53
1155	40
1156	44
1157	41
1158	49
1159	44
1160	39
1161	39
1162	42
1163	46
1164	41
1165	42
1166	41
1167	44
1168	41
1169	49
1170	40
1171	36
1172	38
1173	36
1174	43
1175	45
1176	40
1177	52
1178	52
1179	44
1180	38
1181	47
1182	48
1183	42
1184	46
1185	48
1186	49
1187	41
1188	48
1189	59
1190	34
1191	43
1192	44
1193	45
1194	47
1195	34
1196	41
1197	52
1198	44
1199	44
1200	45
1201	51
1202	34
1203	46
1204	45
1205	45
1206	52
1207	44
1208	37
1209	37
1210	49
1211	49
1212	35
1213	38
1214	48
1215	40
1216	54
1217	50
1218	43
1219	36
1220	51
1221	52
1222	44
1223	38
1224	40
1225	44
1226	25
1227	42
1228	45
1229	39
1230	41
1231	43
1232	34
1233	42
1234	48
1235	42
1236	38
1237	54
1238	44
1239	41
1240	47
1241	44
1242	35
1243	54
1244	49
1245	49
1246	39
1247	47
1248	35
1249	41
1250	40
1251	42
1252	39
1253	45
1254	43
1255	50
1256	47
1257	35
1258	46
1259	41
1260	48
1261	42
1262	53
1263	41
1264	36
1265	46
1266	39
1267	49
1268	28
1269	50
1270	41
1271	44
1272	41
1273	32
1274	43
1275	50
1276	39
1277	51
1278	43
1279	49
1280	37
1281	36
1282	37
1283	46
1284	31
1285	48
1286	46
1287	42
1288	58
1289	37
1290	44
1291	49
1292	46
1293	49
1294	41
1295	41
1296	37
1297	43
1298	48
1299	43
1300	41
1301	34
1302	46
1303	45
1304	41
1305	43
1306	32
1307	37
1308	55
1309	48
1310	29
1311	52
1312	39
1313	36
1314	45
1315	37
1316	41
1317	45
1318	50
1319	51
1320	57
1321	50
1322	35
1323	41
1324	42
1325	46
1326	43
1327	37
1328	38
1329	46
1330	44
1331	47
1332	54
1333	30
1334	45
1335	41
1336	45
1337	35
1338	43
1339	40
1340	59
1341	55
1342	48
1343	40
1344	33
1345	36
1346	31
1347	47
1348	39
1349	44
1350	51
1351	59
1352	42
1353	41
1354	38
1355	40
1356	49
1357	44
1358	46
1359	54
1360	47
1361	41
1362	42
1363	38
1364	52
1365	46
1366	53
1367	45
1368	50
1369	38
1370	42
1371	41
1372	43
1373	47
1374	54
1375	52
1376	42
1377	54
1378	43
1379	43
1380	41
1381	44
1382	42
1383	49
1384	48
1385	36
1386	44
1387	58
1388	40
1389	44
1390	38
1391	36
1392	37
1393	36
1394	40
1395	46
1396	33
1397	41
1398	36
1399	40
1400	43
1401	39
1402	42
1403	37
1404	43
1405	52
1406	49
1407	36
1408	41
1409	23
1410	48
1411	38
1412	33
1413	40
1414	47
1415	43
1416	44
1417	62
1418	34
1419	44
1420	53
1421	38
1422	50
1423	36
1424	39
1425	38
1426	45
1427	46
1428	57
1429	38
1430	51
1431	40
1432	42
1433	33
1434	37
1435	47
1436	50
1437	28
1438	53
1439	46
1440	41
1441	50
1442	54
1443	47
1444	51
1445	55
1446	44
1447	51
1448	42
1449	42
1450	40
1451	55
1452	43
1453	36
1454	50
1455	46
1456	51
1457	41
1458	38
1459	39
1460	45
1461	45
1462	37
1463	38
1464	44
1465	48
1466	40
1467	39
1468	49
1469	37
1470	38
1471	35
1472	48
1473	47
1474	41
1475	44
1476	48
1477	38
1478	40
1479	40
1480	48
1481	51
1482	42
1483	46
1484	49
1485	59
1486	47
1487	39
1488	47
1489	34
1490	45
1491	48
1492	41
1493	39
1494	53
1495	47
1496	43
1497	41
1498	45
1499	42
1500	28
1501	28
1502	35
1503	53
1504	48
1505	33
1506	48
1507	48
1508	51
1509	41
1510	52
1511	38
1512	49
1513	51
1514	43
1515	49
1516	43
1517	43
1518	53
1519	52
1520	49
1521	40
1522	35
1523	52
1524	44
1525	39
1526	45
1527	39
1528	55
1529	44
1530	45
1531	50
1532	29
1533	39
1534	49
1535	42
1536	40
1537	32
1538	46
1539	44
1540	43
1541	42
1542	51
1543	39
1544	44
1545	49
1546	55
1547	47
1548	52
1549	44
1550	33
1551	53
1552	45
1553	34
1554	39
1555	38
1556	48
1557	53
1558	53
1559	38
1560	30
1561	30
1562	45
1563	39
1564	46
1565	49
1566	40
1567	38
1568	43
1569	31
1570	39
1571	40
1572	50
1573	37
1574	47
1575	36
1576	52
1577	47
1578	43
1579	44
1580	29
1581	44
1582	35
1583	54
1584	45
1585	38
1586	44
1587	47
1588	46
1589	31
1590	41
1591	58
1592	41
1593	37
1594	49
1595	39
1596	43
1597	44
1598	44
1599	34
1600	37
1601	57
1602	41
1603	38
1604	41
1605	44
1606	53
1607	46
1608	44
1609	44
1610	47
1611	28
1612	39
1613	46
1614	49
1615	37
1616	47
1617	38
1618	53
1619	52
1620	51
1621	51
1622	39
1623	50
1624	47
1625	45
1626	48
1627	53
1628	52
1629	36
1630	43
1631	42
1632	47
1633	52
1634	48
1635	50
1636	55
1637	50
1638	51
1639	42
1640	44
1641	49
1642	40
1643	52
1644	61
1645	29
1646	41
1647	31
1648	37
1649	44
1650	40
1651	35
1652	42
1653	44
1654	43
1655	40
1656	44
1657	48
1658	56
1659	45
1660	34
1661	50
1662	40
1663	50
1664	55
1665	46
1666	43
1667	37
1668	47
1669	37
1670	43
1671	47
1672	46
1673	53
1674	57
1675	45
1676	30
1677	34
1678	33
1679	48
1680	46
1681	46
1682	36
1683	38
1684	40
1685	31
1686	41
1687	39
1688	60
1689	29
1690	49
1691	28
1692	41
1693	38
1694	39
1695	45
1696	45
1697	45
1698	45
1699	52
1700	42
1701	52
1702	41
1703	41
1704	42
1705	49
1706	36
1707	47
1708	42
1709	42
1710	55
1711	35
1712	42
1713	40
1714	39
1715	29
1716	43
1717	42
1718	50
1719	39
1720	40
1721	44
1722	48
1723	43
1724	40
1725	43
1726	47
1727	32
1728	40
1729	41
1730	41
1731	44
1732	43
1733	32
1734	39
1735	47
1736	41
1737	39
1738	37
1739	40
1740	42
1741	35
1742	49
1743	51
1744	31
1745	38
1746	42
1747	42
1748	56
1749	32
1750	46
1751	41
1752	41
1753	54
1754	37
1755	49
1756	45
1757	53
1758	40
1759	47
1760	47
1761	42
1762	34
1763	40
1764	49
1765	39
1766	34
1767	53
1768	47
1769	49
1770	42
1771	36
1772	37
1773	50
1774	38
1775	43
1776	44
1777	42
1778	55
1779	31
1780	39
1781	51
1782	37
1783	48
1784	36
1785	40
1786	42
1787	52
1788	37
1789	46
1790	54
1791	46
1792	40
1793	54
1794	40
1795	56
1796	44
1797	54
1798	38
1799	36
1800	41
1801	43
1802	43
1803	45
1804	51
1805	49
1806	41
1807	51
1808	52
1809	33
1810	37
1811	42
1812	35
1813	55
1814	38
1815	42
1816	35
1817	44
1818	47
1819	45
1820	48
1821	33
1822	44
1823	38
1824	48
1825	39
1826	52
1827	42
1828	50
1829	48
1830	39
1831	35
1832	41
1833	46
1834	50
1835	50
1836	43
1837	37
1838	43
1839	56
1840	49
1841	43
1842	46
1843	33
1844	54
1845	48
1846	35
1847	46
1848	54
1849	49
1850	48
1851	43
1852	41
1853	59
1854	39
1855	39
1856	44
1857	40
1858	50
1859	46
1860	46
1861	51
1862	41
1863	53
1864	43
1865	41
1866	47
1867	46
1868	46
1869	54
1870	39
1871	50
1872	32
1873	37
1874	40
1875	52
1876	58
1877	48
1878	47
1879	45
1880	43
1881	50
1882	41
1883	38
1884	33
1885	46
1886	45
1887	50
1888	45
1889	37
1890	40
1891	50
1892	53
1893	36
1894	43
1895	42
1896	49
1897	43
1898	47
1899	31
1900	52
1901	46
1902	40
1903	46
1904	43
1905	46
1906	53
1907	44
1908	55
1909	50
1910	51
1911	49
1912	49
1913	44
1914	48
1915	52
1916	45
1917	45
1918	44
1919	48
1920	46
1921	43
1922	51
1923	49
1924	56
1925	37
1926	47
1927	52
1928	41
1929	50
1930	51
1931	45
1932	52
1933	52
1934	55
1935	44
1936	47
1937	48
1938	48
1939	48
1940	57
1941	43
1942	32
1943	44
1944	38
1945	50
1946	57
1947	48
1948	45
1949	54
1950	54
1951	46
1952	49
1953	47
1954	51
1955	36
1956	45
1957	61
1958	53
1959	44
1960	39
1961	56
1962	47
1963	53
1964	41
1965	51
1966	59
1967	56
1968	46
1969	57
1970	51
1971	54
1972	47
1973	51
1974	42
1975	49
1976	55
1977	57
1978	54
1979	50
1980	47
1981	56
1982	52
1983	54
1984	51
1985	54
1986	50
1987	47
1988	52
1989	51
1990	62
1991	51
1992	52
1993	58
1994	66
1995	55
1996	72
1997	49
1998	54
1999	45
2000	62
2001	55
2002	52
2003	58
2004	61
2005	50
2006	55
2007	61
2008	54
2009	55
2010	60
2011	48
2012	56
2013	75
2014	50
2015	62
2016	52
2017	61
2018	66
2019	60
2020	55
2021	50
2022	42
2023	68
2024	54
2025	61
2026	66
2027	53
2028	68
2029	49
2030	73
2031	55
2032	63
2033	66
2034	66
2035	44
2036	63
2037	57
2038	52
2039	62
2040	72
2041	81
2042	64
2043	66
2044	82
2045	84
2046	79
2047	70
2048	78
2049	77
2050	70
2051	69
2052	82
2053	68
2054	67
2055	62
2056	82
2057	78
2058	83
2059	75
2060	75
2061	56
2062	64
2063	67
2064	85
2065	82
2066	57
2067	70
2068	85
2069	74
2070	81
2071	80
2072	85
2073	86
2074	94
2075	95
2076	75
2077	84
2078	75
2079	85
2080	75
2081	73
2082	69
2083	84
2084	96
2085	96
2086	75
2087	95
2088	84
2089	103
2090	85
2091	89
2092	90
2093	79
2094	100
2095	93
2096	91
2097	97
2098	109
2099	100
2100	89
2101	99
2102	83
2103	89
2104	106
2105	99
2106	83
2107	99
2108	84
2109	85
2110	100
2111	93
2112	83
2113	95
2114	113
2115	97
2116	86
2117	109
2118	89
2119	110
2120	98
2121	99
2122	92
2123	122
2124	97
2125	110
2126	84
2127	87
2128	98
2129	123
2130	116
2131	108
2132	92
2133	96
2134	112
2135	101
2136	106
2137	103
2138	106
2139	103
2140	93
2141	102
2142	112
2143	129
2144	98
2145	97
2146	104
2147	100
2148	113
2149	95
2150	106
2151	113
2152	117
2153	99
2154	91
2155	118
2156	98
2157	101
2158	75
2159	91
2160	95
2161	112
2162	120
2163	97
2164	104
2165	101
2166	107
2167	115
2168	104
2169	94
2170	99
2171	124
2172	98
2173	97
2174	109
2175	96
2176	86
2177	107
2178	113
2179	101
2180	130
2181	96
2182	105
2183	93
2184	102
2185	98
2186	94
2187	89
2188	80
2189	124
2190	95
2191	87
2192	118
2193	114
2194	103
2195	88
2196	87
2197	86
2198	103
2199	102
2200	103
2201	96
2202	90
2203	99
2204	104
2205	103
2206	85
2207	90
2208	96
2209	94
2210	104
2211	96
2212	88
2213	94
2214	90
2215	85
2216	85
2217	87
2218	99
2219	89
2220	75
2221	78
2222	86
2223	82
2224	108
2225	93
2226	98
2227	81
2228	94
2229	83
2230	87
2231	76
2232	84
2233	74
2234	57
2235	85
2236	73
2237	94
2238	81
2239	92
2240	85
2241	83
2242	80
2243	92
2244	85
2245	83
2246	87
2247	61
2248	73
2249	73
2250	96
2251	91
2252	57
2253	72
2254	62
2255	76
2256	76
2257	73
2258	68
2259	66
2260	81
2261	67
2262	73
2263	72
2264	71
2265	60
2266	79
2267	58
2268	78
2269	65
2270	64
2271	71
2272	70
2273	80
2274	66
2275	77
2276	61
2277	63
2278	59
2279	60
2280	58
2281	65
2282	57
2283	72
2284	60
2285	62
2286	85
2287	54
2288	73
2289	60
2290	52
2291	49
2292	83
2293	68
2294	61
2295	60
2296	73
2297	60
2298	70
2299	48
2300	81
2301	62
2302	75
2303	59
2304	67
2305	79
2306	59
2307	50
2308	61
2309	55
2310	64
2311	57
2312	57
2313	55
2314	62
2315	45
2316	55
2317	50
2318	60
2319	49
2320	63
2321	61
2322	45
2323	59
2324	52
2325	66
2326	58
2327	63
2328	54
2329	55
2330	41
2331	50
2332	47
2333	49
2334	56
2335	56
2336	75
2337	58
2338	71
2339	49
2340	60
2341	48
2342	61
2343	68
2344	66
2345	67
2346	64
2347	65
2348	56
2349	57
2350	68
2351	50
2352	56
2353	63
2354	60
2355	61
2356	70
2357	53
2358	72
2359	69
2360	70
2361	55
2362	65
2363	46
2364	60
2365	49
2366	71
2367	54
2368	55
2369	51
2370	48
2371	59
2372	60
2373	50
2374	57
2375	60
2376	51
2377	53
2378	55
2379	73
2380	50
2381	48
2382	70
2383	67
2384	47
2385	55
2386	68
2387	54
2388	64
2389	58
2390	63
2391	54
2392	56
2393	70
2394	51
2395	51
2396	63
2397	67
2398	52
2399	44
2400	60
2401	58
2402	51
2403	68
2404	64
2405	56
2406	59
2407	63
2408	62
2409	66
2410	55
2411	59
2412	76
2413	51
2414	45
2415	42
2416	64
2417	52
2418	51
2419	67
2420	63
2421	59
2422	58
2423	70
2424	71
2425	65
2426	44
2427	50
2428	70
2429	59
2430	59
2431	60
2432	63
2433	70
2434	69
2435	57
2436	63
2437	52
2438	62
2439	64
2440	50
2441	65
2442	63
2443	64
2444	51
2445	68
2446	65
2447	52
2448	53
2449	59
2450	74
2451	61
2452	56
2453	61
2454	59
2455	65
2456	55
2457	56
2458	65
2459	57
2460	66
2461	65
2462	69
2463	55
2464	81
2465	64
2466	59
2467	67
2468	55
2469	52
2470	63
2471	60
2472	62
2473	65
2474	66
2475	66
2476	62
2477	64
2478	59
2479	64
2480	54
2481	60
2482	48
2483	74
2484	62
2485	71
2486	65
2487	81
2488	67
2489	63
2490	61
2491	65
2492	61
2493	76
2494	83
2495	66
2496	66
2497	73
2498	63
2499	71
2500	74
2501	64
2502	68
2503	54
2504	60
2505	76
2506	83
2507	56
2508	83
2509	65
2510	69
2511	67
2512	77
2513	66
2514	70
2515	89
2516	75
2517	71
2518	76
2519	71
2520	80
2521	76
2522	72
2523	67
2524	80
2525	81
2526	75
2527	90
2528	82
2529	76
2530	71
2531	80
2532	72
2533	72
2534	80
2535	66
2536	70
2537	89
2538	68
2539	85
2540	68
2541	88
2542	96
2543	76
2544	87
2545	85
2546	95
2547	87
2548	88
2549	85
2550	93
2551	88
2552	78
2553	113
2554	98
2555	77
2556	96
2557	85
2558	94
2559	84
2560	76
2561	85
2562	96
2563	90
2564	85
2565	80
2566	102
2567	70
2568	92
2569	87
2570	79
2571	111
2572	98
2573	84
2574	108
2575	82
2576	103
2577	93
2578	122
2579	115
2580	91
2581	88
2582	102
2583	104
2584	92
2585	94
2586	116
2587	125
2588	76
2589	117
2590	90
2591	100
2592	91
2593	105
2594	105
2595	102
2596	110
2597	123
2598	117
2599	119
2600	107
2601	133
2602	124
2603	107
2604	104
2605	119
2606	129
2607	87
2608	112
2609	128
2610	117
2611	120
2612	123
2613	112
2614	137
2615	119
2616	107
2617	136
2618	136
2619	127
2620	121
2621	132
2622	145
2623	115
2624	116
2625	109
2626	116
2627	143
2628	124
2629	144
2630	136
2631	130
2632	154
2633	154
2634	127
2635	139
2636	157
2637	171
2638	125
2639	136
2640	165
2641	143
2642	136
2643	141
2644	159
2645	166
2646	166
2647	138
2648	146
2649	166
2650	164
2651	188
2652	159
2653	163
2654	159
2655	170
2656	154
2657	167
2658	173
2659	190
2660	184
2661	188
2662	181
2663	188
2664	170
2665	165
2666	198
2667	165
2668	172
2669	183
2670	175
2671	174
2672	170
2673	164
2674	204
2675	205
2676	199
2677	209
2678	180
2679	210
2680	204
2681	182
2682	198
2683	200
2684	218
2685	182
2686	181
2687	216
2688	226
2689	198
2690	219
2691	209
2692	198
2693	168
2694	194
2695	185
2696	208
2697	190
2698	234
2699	182
2700	205
2701	207
2702	230
2703	224
2704	205
2705	226
2706	227
2707	205
2708	207
2709	228
2710	221
2711	200
2712	224
2713	219
2714	213
2715	229
2716	235
2717	227
2718	212
2719	205
2720	259
2721	226
2722	216
2723	252
2724	235
2725	214
2726	229
2727	250
2728	229
2729	220
2730	231
2731	214
2732	272
2733	223
2734	267
2735	238
2736	239
2737	222
2738	252
2739	262
2740	232
2741	255
2742	262
2743	255
2744	226
2745	243
2746	233
2747	252
2748	265
2749	269
2750	252
2751	299
2752	277
2753	255
2754	263
2755	279
2756	278
2757	277
2758	291
2759	306
2760	273
2761	277
2762	276
2763	304
2764	291
2765	267
2766	296
2767	307
2768	309
2769	354
2770	308
2771	284
2772	308
2773	323
2774	340
2775	339
2776	364
2777	327
2778	330
2779	369
2780	341
2781	349
2782	379
2783	382
2784	385
2785	355
2786	367
2787	413
2788	394
2789	393
2790	410
2791	427
2792	398
2793	444
2794	460
2795	478
2796	508
2797	504
2798	508
2799	536
2800	501
2801	512
2802	548
2803	568
2804	582
2805	609
2806	580
2807	602
2808	594
2809	650
2810	640
2811	644
2812	675
2813	725
2814	687
2815	692
2816	710
2817	698
2818	812
2819	772
2820	796
2821	786
2822	865
2823	873
2824	919
2825	896
2826	906
2827	971
2828	1003
2829	1021
2830	1099
2831	1027
2832	1063
2833	1114
2834	1169
2835	1191
2836	1191
2837	1142
2838	1266
2839	1257
2840	1377
2841	1440
2842	1396
2843	1416
2844	1451
2845	1554
2846	1526
2847	1576
2848	1634
2849	1665
2850	1696
2851	1807
2852	1895
2853	1838
2854	1959
2855	1957
2856	2076
2857	1943
2858	2127
2859	2155
2860	2126
2861	2286
2862	2280
2863	2325
2864	2386
2865	2590
2866	2549
2867	2655
2868	2693
2869	2679
2870	2800
2871	2802
2872	3003
2873	3053
2874	3165
2875	3121
2876	3203
2877	3260
2878	3376
2879	3565
2880	3588
2881	3718
2882	3620
2883	3871
2884	3969
2885	3913
2886	4099
2887	4224
2888	4233
2889	4257
2890	4467
2891	4523
2892	4585
2893	4676
2894	4613
2895	4865
2896	4932
2897	4986
2898	5214
2899	5346
2900	5401
2901	5416
2902	5546
2903	5640
2904	5736
2905	5883
2906	5973
2907	6190
2908	6372
2909	6321
2910	6416
2911	6521
2912	6633
2913	6938
2914	6958
2915	7182
2916	7329
2917	7236
2918	7448
2919	7414
2920	7720
2921	7732
2922	7984
2923	8085
2924	8167
2925	8124
2926	8634
2927	8465
2928	8463
2929	8758
2930	9035
2931	9229
2932	9258
2933	9102
2934	9303
2935	9454
2936	9776
2937	9765
2938	9818
2939	10163
2940	10136
2941	10270
2942	10363
2943	10527
2944	10687
2945	10868
2946	10971
2947	11015
2948	11243
2949	11565
2950	11756
2951	11686
2952	11510
2953	11618
2954	12029
2955	11973
2956	12324
2957	12143
2958	12504
2959	12461
2960	12630
2961	12746
2962	12823
2963	13048
2964	13227
2965	13175
2966	13234
2967	13234
2968	13547
2969	13654
2970	13688
2971	13722
2972	13929
2973	14012
2974	14069
2975	14218
2976	14352
2977	14123
2978	14253
2979	14513
2980	14659
2981	14616
2982	14569
2983	14693
2984	14915
2985	14937
2986	14868
2987	15183
2988	14916
2989	15134
2990	15083
2991	15016
2992	15168
2993	15349
2994	15357
2995	15351
2996	15454
2997	15244
2998	15436
2999	15574
3000	15724
3001	15459
3002	15608
3003	15338
3004	15653
3005	15721
3006	15687
3007	15661
3008	15655
3009	15694
3010	15655
3011	15499
3012	15685
3013	15703
3014	15562
3015	15406
3016	15673
3017	15776
3018	15516
3019	15490
3020	15386
3021	15508
3022	15592
3023	15311
3024	15534
3025	15292
3026	15399
3027	15253
3028	15175
3029	14938
3030	14954
3031	15070
3032	14962
3033	15037
3034	14706
3035	14860
3036	14534
3037	14482
3038	14473
3039	14235
3040	14464
3041	14185
3042	14153
3043	14054
3044	13881
3045	13845
3046	13723
3047	13738
3048	13576
3049	13483
3050	13395
3051	13326
3052	13160
3053	13103
3054	12976
3055	12788
3056	12876
3057	12803
3058	12375
3059	12398
3060	12321
3061	12228
3062	12014
3063	12170
3064	11691
3065	11716
3066	11663
3067	11209
3068	11440
3069	11140
3070	10992
3071	10996
3072	10791
3073	10675
3074	10598
3075	10520
3076	10274
3077	10133
3078	10047
3079	10112
3080	9822
3081	9761
3082	9548
3083	9344
3084	9368
3085	9070
3086	9081
3087	8887
3088	8832
3089	8737
3090	8701
3091	8516
3092	8190
3093	8297
3094	8212
3095	7856
3096	7876
3097	7743
3098	7507
3099	7490
3100	7335
3101	7301
3102	6992
3103	6764
3104	6822
3105	6775
3106	6692
3107	6437
3108	6502
3109	6453
3110	6193
3111	6044
3112	6015
3113	5982
3114	5760
3115	5500
3116	5545
3117	5484
3118	5170
3119	5217
3120	5007
3121	4951
3122	5019
3123	4820
3124	4852
3125	4584
3126	4589
3127	4539
3128	4438
3129	4297
3130	4208
3131	4114
3132	4045
3133	3987
3134	3833
3135	3877
3136	3841
3137	3618
3138	3661
3139	3535
3140	3470
3141	3457
3142	3333
3143	3307
3144	3265
3145	3112
3146	3121
3147	2971
3148	2992
3149	2853
3150	2910
3151	2836
3152	2712
3153	2680
3154	2646
3155	2659
3156	2524
3157	2541
3158	2521
3159	2389
3160	2320
3161	2304
3162	2352
3163	2242
3164	2307
3165	2168
3166	2089
3167	2103
3168	2099
3169	2049
3170	2011
3171	2019
3172	1943
3173	1909
3174	1920
3175	1845
3176	1766
3177	1802
3178	1902
3179	1725
3180	1807
3181	1760
3182	1824
3183	1640
3184	1676
3185	1680
3186	1618
3187	1632
3188	1582
3189	1636
3190	1596
3191	1636
3192	1647
3193	1532
3194	1600
3195	1568
3196	1569
3197	1558
3198	1491
3199	1513
3200	1507
3201	1581
3202	1551
3203	1580
3204	1570
3205	1641
3206	1555
3207	1577
3208	1600
3209	1674
3210	1513
3211	1598
3212	1607
3213	1546
3214	1619
3215	1656
3216	1599
3217	1644
3218	1632
3219	1675
3220	1610
3221	1598
3222	1654
3223	1692
3224	1774
3225	1614
3226	1710
3227	1699
3228	1739
3229	1731
3230	1704
3231	1742
3232	1704
3233	1843
3234	1802
3235	1772
3236	1820
3237	1755
3238	1786
3239	1862
3240	1850
3241	1894
3242	1954
3243	2012
3244	1820
3245	1973
3246	1914
3247	1990
3248	1883
3249	1953
3250	1995
3251	1971
3252	2036
3253	2092
3254	2042
3255	2015
3256	2035
3257	2078
3258	2175
3259	2126
3260	2115
3261	2172
3262	2168
3263	2256
3264	2190
3265	2254
3266	2126
3267	2139
3268	2228
3269	2223
3270	2204
3271	2312
3272	2241
3273	2370
3274	2268
3275	2241
3276	2296
3277	2280
3278	2283
3279	2227
3280	2343
3281	2264
3282	2368
3283	2231
3284	2419
3285	2335
3286	2346
3287	2392
3288	2250
3289	2332
3290	2351
3291	2384
3292	2411
3293	2430
3294	2251
3295	2374
3296	2442
3297	2367
3298	2333
3299	2353
3300	2390
3301	2388
3302	2356
3303	2341
3304	2267
3305	2311
3306	2425
3307	2351
3308	2357
3309	2262
3310	2347
3311	2294
3312	2288
3313	2356
3314	2220
3315	2279
3316	2273
3317	2308
3318	2287
3319	2237
3320	2184
3321	2277
3322	2233
3323	2311
3324	2263
3325	2131
3326	2152
3327	2154
3328	2198
3329	2174
3330	2194
3331	2124
3332	2139
3333	2146
3334	2093
3335	2045
3336	2002
3337	2047
3338	1973
3339	1957
3340	1984
3341	2045
3342	1973
3343	2001
3344	1942
3345	1889
3346	1941
3347	1871
3348	1916
3349	1826
3350	1829
3351	1800
3352	1804
3353	1764
3354	1760
3355	1822
3356	1763
3357	1709
3358	1674
3359	1651
3360	1731
3361	1604
3362	1677
3363	1568
3364	1615
3365	1593
3366	1570
3367	1510
3368	1510
3369	1441
3370	1484
3371	1392
3372	1426
3373	1454
3374	1409
3375	1380
3376	1313
3377	1327
3378	1360
3379	1234
3380	1244
3381	1220
3382	1200
3383	1270
3384	1173
3385	1188
3386	1130
3387	1127
3388	1104
3389	1193
3390	1086
3391	1075
3392	1072
3393	1016
3394	994
3395	959
3396	931
3397	928
3398	986
3399	914
3400	955
3401	974
3402	902
3403	899
3404	858
3405	824
3406	845
3407	772
3408	761
3409	805
3410	715
3411	689
3412	724
3413	733
3414	651
3415	649
3416	671
3417	657
3418	609
3419	617
3420	598
3421	597
3422	591
3423	554
3424	566
3425	576
3426	572
3427	496
3428	504
3429	483
3430	496
3431	484
3432	446
3433	466
3434	451
3435	435
3436	418
3437	419
3438	383
3439	361
3440	343
3441	411
3442	369
3443	320
3444	369
3445	362
3446	326
3447	297
3448	301
3449	286
3450	297
3451	281
3452	293
3453	263
3454	251
3455	244
3456	293
3457	200
3458	221
3459	208
3460	225
3461	216
3462	192
3463	213
3464	205
3465	191
3466	195
3467	172
3468	180
3469	158
3470	154
3471	181
3472	175
3473	134
3474	136
3475	138
3476	139
3477	126
3478	125
3479	134
3480	124
3481	121
3482	113
3483	98
3484	109
3485	114
3486	109
3487	96
3488	95
3489	98
3490	99
3491	79
3492	71
3493	58
3494	82
3495	55
3496	67
3497	66
3498	88
3499	68
3500	64
3501	49
3502	54
3503	69
3504	56
3505	59
3506	45
3507	48
3508	41
3509	38
3510	41
3511	38
3512	44
3513	39
3514	40
3515	38
3516	35
3517	32
3518	26
3519	32
3520	24
3521	29
3522	24
3523	30
3524	29
3525	26
3526	15
3527	23
3528	27
3529	19
3530	32
3531	17
3532	17
3533	19
3534	17
3535	16
3536	17
3537	10
3538	9
3539	17
3540	11
3541	8
3542	13
3543	10
3544	9
3545	11
3546	5
3547	13
3548	9
3549	10
3550	8
3551	11
3552	16
3553	8
3554	13
3555	7
3556	9
3557	6
3558	9
3559	5
3560	8
3561	8
3562	7
3563	7
3564	5
3565	5
3566	12
3567	4
3568	4
3569	4
3570	3
3571	6
3572	6
3573	5
3574	8
3575	9
3576	2
3577	2
3578	4
3579	0
3580	1
3581	8
3582	2
3583	3
3584	5
3585	1
3586	2
3587	3
3588	2
3589	2
3590	1
3591	3
3592	6
3593	8
3594	3
3595	5
3596	3
3597	3
3598	3
3599	3
3600	5
3601	2
3602	5
3603	3
3604	4
3605	4
3606	1
3607	5
3608	1
3609	0
3610	2
3611	5
3612	4
3613	0
3614	1
3615	5
3616	6
3617	2
3618	3
3619	1
3620	2
3621	4
3622	3
3623	2
3624	1
3625	3
3626	1
3627	0
3628	2
3629	5
3630	0
3631	2
3632	4
3633	1
3634	3
3635	0
3636	2
3637	1
3638	3
3639	0
3640	4
3641	3
3642	2
3643	5
3644	1
3645	2
3646	1
3647	2
3648	0
3649	3
3650	1
3651	2
3652	5
3653	1
3654	2
3655	0
3656	3
3657	1
3658	2
3659	1
3660	4
3661	3
3662	0
3663	2
3664	2
3665	0
3666	3
3667	2
3668	0
3669	0
3670	1
3671	1
3672	1
3673	1
3674	0
3675	1
3676	3
3677	3
3678	1
3679	2
3680	1
3681	0
3682	0
3683	1
3684	0
3685	0
3686	0
3687	1
3688	3
3689	2
3690	0
3691	2
3692	2
3693	2
3694	0
3695	6
3696	0
3697	2
3698	2
3699	1
3700	2
3701	0
3702	0
3703	3
3704	0
3705	5
3706	2
3707	2
3708	1
3709	1
3710	1
3711	2
3712	0
3713	0
3714	0
3715	2
3716	2
3717	1
3718	1
3719	1
3720	1
3721	3
3722	2
3723	3
3724	1
3725	1
3726	5
3727	0
3728	1
3729	1
3730	2
3731	1
3732	1
3733	0
3734	1
3735	2
3736	0
3737	0
3738	2
3739	1
3740	3
3741	3
3742	0
3743	2
3744	0
3745	1
3746	2
3747	1
3748	3
3749	0
3750	1
3751	2
3752	0
3753	1
3754	0
3755	0
3756	0
3757	1
3758	3
3759	2
3760	0
3761	2
3762	2
3763	0
3764	2
3765	1
3766	0
3767	2
3768	0
3769	0
3770	1
3771	3
3772	0
3773	1
3774	0
3775	0
3776	2
3777	2
3778	1
3779	1
3780	1
3781	1
3782	1
3783	0
3784	0
3785	3
3786	4
3787	1
3788	2
3789	2
3790	2
3791	1
3792	0
3793	1
3794	4
3795	0
3796	1
3797	1
3798	2
3799	2
3800	2
3801	1
3802	0
3803	0
3804	0
3805	0
3806	1
3807	3
3808	0
3809	0
3810	1
3811	1
3812	2
3813	1
3814	0
3815	0
3816	1
3817	1
3818	0
3819	0
3820	0
3821	0
3822	2
3823	0
3824	0
3825	4
3826	1
3827	0
3828	0
3829	1
3830	0
3831	0
3832	1
3833	0
3834	2
3835	1
3836	0
3837	1
3838	0
3839	3
3840	0
3841	0
3842	2
3843	2
3844	0
3845	1
3846	0
3847	0
3848	1
3849	1
3850	0
3851	1
3852	0
3853	2
3854	0
3855	2
3856	0
3857	0
3858	0
3859	1
3860	0
3861	2
3862	1
3863	0
3864	1
3865	1
3866	2
3867	0
3868	0
3869	2
3870	0
3871	2
3872	1
3873	1
3874	5
3875	0
3876	1
3877	1
3878	0
3879	1
3880	0
3881	2
3882	0
3883	0
3884	0
3885	2
3886	0
3887	1
3888	2
3889	1
3890	1
3891	0
3892	1
3893	2
3894	0
3895	0
3896	0
3897	1
3898	0
3899	1
3900	0
3901	2
3902	2
3903	0
3904	0
3905	1
3906	0
3907	0
3908	1
3909	1
3910	2
3911	1
3912	1
3913	1
3914	1
3915	1
3916	0
3917	1
3918	2
3919	0
3920	0
3921	2
3922	1
3923	1
3924	0
3925	0
3926	1
3927	2
3928	0
3929	0
3930	0
3931	1
3932	0
3933	0
3934	0
3935	1
3936	4
3937	1
3938	0
3939	0
3940	1
3941	0
3942	1
3943	1
3944	2
3945	1
3946	0
3947	0
3948	2
3949	0
3950	2
3951	0
3952	0
3953	2
3954	0
3955	0
3956	3
3957	1
3958	2
3959	1
3960	0
3961	0
3962	0
3963	1
3964	0
3965	0
3966	1
3967	1
3968	0
3969	0
3970	1
3971	0
3972	0
3973	0
3974	0
3975	1
3976	0
3977	1
3978	1
3979	1
3980	0
3981	2
3982	0
3983	0
3984	0
3985	2
3986	0
3987	0
3988	0
3989	0
3990	0
3991	0
3992	1
3993	1
3994	1
3995	2
3996	0
3997	1
3998	1
3999	0
4000	1
4001	1
4002	1
4003	0
4004	0
4005	2
4006	1
4007	1
4008	0
4009	0
4010	3
4011	0
4012	0
4013	1
4014	0
4015	0
4016	0
4017	0
4018	0
4019	2
4020	2
4021	0
4022	1
4023	1
4024	0
4025	1
4026	1
4027	0
4028	3
4029	0
4030	2
4031	1
4032	0
4033	1
4034	0
4035	1
4036	1
4037	0
4038	1
4039	0
4040	2
4041	0
4042	0
4043	2
4044	5
4045	2
4046	1
4047	1
4048	1
4049	2
4050	1
4051	1
4052	3
4053	1
4054	1
4055	2
4056	1
4057	1
4058	1
4059	1
4060	0
4061	2
4062	0
4063	3
4064	1
4065	0
4066	0
4067	0
4068	0
4069	0
4070	0
4071	1
4072	0
4073	0
4074	1
4075	1
4076	2
4077	2
4078	3
4079	1
4080	1
4081	0
4082	2
4083	0
4084	1
4085	1
4086	0
4087	0
4088	0
4089	2
4090	1
4091	1
4092	0
4093	1
4094	1
4095	0
4096	1
4097	0
4098	1
4099	1
4100	0
4101	0
4102	0
4103	1
4104	0
4105	4
4106	1
4107	1
4108	1
4109	1
4110	0
4111	0
4112	0
4113	0
4114	2
4115	0
4116	1
4117	1
4118	1
4119	1
4120	0
4121	3
4122	0
4123	1
4124	3
4125	0
4126	0
4127	1
4128	0
4129	0
4130	1
4131	0
4132	1
4133	0
4134	0
4135	1
4136	1
4137	0
4138	0
4139	0
4140	1
4141	0
4142	1
4143	1
4144	1
4145	0
4146	2
4147	0
4148	0
4149	1
4150	0
4151	0
4152	0
4153	0
4154	2
4155	1
4156	0
4157	1
4158	1
4159	1
4160	1
4161	0
4162	1
4163	0
4164	0
4165	2
4166	1
4167	0
4168	0
4169	1
4170	1
4171	0
4172	1
4173	1
4174	0
4175	0
4176	0
4177	0
4178	0
4179	1
4180	1
4181	0
4182	3
4183	0
4184	1
4185	0
4186	0
4187	1
4188	1
4189	1
4190	1
4191	0
4192	0
4193	1
4194	1
4195	1
4196	1
4197	0
4198	1
4199	1
4200	0
4201	0
4202	0
4203	0
4204	1
4205	0
4206	1
4207	1
4208	1
4209	1
4210	0
4211	1
4212	1
4213	0
4214	0
4215	0
4216	1
4217	0
4218	1
4219	1
4220	0
4221	1
4222	0
4223	1
4224	1
4225	1
4226	1
4227	2
4228	1
4229	0
4230	0
4231	1
4232	0
4233	0
4234	0
4235	0
4236	0
4237	0
4238	0
4239	0
4240	0
4241	0
4242	0
4243	0
4244	1
4245	0
4246	2
4247	0
4248	0
4249	1
4250	0
4251	0
4252	0
4253	1
4254	1
4255	1
4256	0
4257	0
4258	1
4259	2
4260	0
4261	1
4262	0
4263	1
4264	0
4265	1
4266	0
4267	0
4268	0
4269	0
4270	1
4271	0
4272	0
4273	0
4274	1
4275	0
4276	2
4277	1
4278	2
4279	0
4280	0
4281	2
4282	1
4283	0
4284	1
4285	0
4286	0
4287	0
4288	2
4289	0
4290	0
4291	1
4292	1
4293	1
4294	0
4295	2
4296	1
4297	0
4298	0
4299	2
4300	0
4301	1
4302	1
4303	0
4304	2
4305	0
4306	0
4307	1
4308	0
4309	0
4310	0
4311	1
4312	0
4313	0
4314	1
4315	3
4316	0
4317	0
4318	0
4319	2
4320	1
4321	0
4322	2
4323	0
4324	1
4325	1
4326	1
4327	0
4328	0
4329	0
4330	1
4331	0
4332	0
4333	1
4334	0
4335	0
4336	2
4337	0
4338	0
4339	0
4340	0
4341	0
4342	0
4343	0
4344	0
4345	0
4346	0
4347	0
4348	0
4349	0
4350	1
4351	1
4352	0
4353	1
4354	0
4355	0
4356	1
4357	1
4358	1
4359	2
4360	0
4361	0
4362	1
4363	1
4364	1
4365	0
4366	0
4367	0
4368	0
4369	0
4370	1
4371	0
4372	0
4373	2
4374	0
4375	0
4376	0
4377	0
4378	1
4379	0
4380	0
4381	0
4382	0
4383	1
4384	0
4385	0
4386	0
4387	1
4388	0
4389	0
4390	0
4391	1
4392	0
4393	0
4394	0
4395	0
4396	0
4397	1
4398	0
4399	0
4400	1
4401	1
4402	1
4403	1
4404	0
4405	0
4406	0
4407	1
4408	0
4409	0
4410	1
4411	0
4412	1
4413	0
4414	0
4415	0
4416	0
4417	0
4418	1
4419	0
4420	1
4421	0
4422	1
4423	1
4424	1
4425	1
4426	0
4427	1
4428	0
4429	0
4430	0
4431	0
4432	1
4433	0
4434	0
4435	0
4436	0
4437	1
4438	1
4439	0
4440	0
4441	0
4442	0
4443	0
4444	1
4445	0
4446	0
4447	0
4448	3
4449	0
4450	1
4451	0
4452	1
4453	0
4454	0
4455	1
4456	1
4457	1
4458	0
4459	0
4460	0
4461	0
4462	0
4463	0
4464	0
4465	0
4466	0
4467	0
4468	0
4469	0
4470	1
4471	0
4472	0
4473	1
4474	0
4475	1
4476	1
4477	0
4478	0
4479	0
4480	0
4481	0
4482	0
4483	0
4484	1
4485	0
4486	0
4487	0
4488	0
4489	0
4490	0
4491	1
4492	1
4493	0
4494	2
4495	2
4496	0
4497	1
4498	1
4499	1
4500	0
4501	2
4502	0
4503	0
4504	0
4505	0
4506	0
4507	0
4508	0
4509	1
4510	1
4511	1
4512	0
4513	0
4514	1
4515	1
4516	0
4517	0
4518	0
4519	0
4520	0
4521	0
4522	0
4523	0
4524	0
4525	0
4526	1
4527	0
4528	0
4529	0
4530	2
4531	0
4532	0
4533	0
4534	2
4535	1
4536	0
4537	1
4538	0
4539	0
4540	0
4541	1
4542	0
4543	0
4544	0
4545	0
4546	0
4547	0
4548	1
4549	1
4550	1
4551	0
4552	1
4553	0
4554	0
4555	0
4556	1
4557	0
4558	0
4559	1
4560	0
4561	0
4562	0
4563	0
4564	1
4565	1
4566	0
4567	1
4568	0
4569	1
4570	0
4571	0
4572	0
4573	0
4574	1
4575	0
4576	0
4577	1
4578	0
4579	1
4580	0
4581	0
4582	0
4583	0
4584	0
4585	0
4586	1
4587	1
4588	0
4589	0
4590	1
4591	0
4592	0
4593	0
4594	0
4595	1
4596	0
4597	0
4598	1
4599	0
4600	0
4601	0
4602	1
4603	1
4604	0
4605	0
4606	0
4607	0
4608	1
4609	1
4610	0
4611	0
4612	0
4613	0
4614	0
4615	0
4616	0
4617	0
4618	1
4619	0
4620	0
4621	0
4622	0
4623	0
4624	0
4625	0
4626	0
4627	0
4628	0
4629	0
4630	0
4631	0
4632	0
4633	0
4634	1
4635	0
4636	1
4637	0
4638	0
4639	1
4640	0
4641	0
4642	0
4643	0
4644	0
4645	0
4646	0
4647	0
4648	0
4649	0
4650	0
4651	0
4652	1
4653	1
4654	0
4655	0
4656	0
4657	0
4658	1
4659	0
4660	1
4661	1
4662	1
4663	0
4664	0
4665	0
4666	0
4667	0
4668	0
4669	0
4670	0
4671	1
4672	0
4673	2
4674	0
4675	0
4676	0
4677	1
4678	1
4679	0
4680	0
4681	1
4682	0
4683	0
4684	0
4685	1
4686	1
4687	1
4688	0
4689	0
4690	0
4691	0
4692	2
4693	1
4694	0
4695	0
4696	0
4697	0
4698	0
4699	0
4700	0
4701	0
4702	0
4703	0
4704	0
4705	0
4706	1
4707	0
4708	0
4709	0
4710	0
4711	1
4712	0
4713	0
4714	1
4715	1
4716	0
4717	1
4718	0
4719	0
4720	0
4721	0
4722	0
4723	0
4724	0
4725	0
4726	0
4727	0
4728	0
4729	0
4730	0
4731	0
4732	0
4733	1
4734	0
4735	0
4736	0
4737	0
4738	0
4739	1
4740	0
4741	0
4742	0
4743	0
4744	1
4745	0
4746	0
4747	0
4748	0
4749	0
4750	0
4751	1
4752	0
4753	0
4754	0
4755	0
4756	0
4757	0
4758	1
4759	0
4760	0
4761	0
4762	0
4763	0
4764	0
4765	1
4766	0
4767	1
4768	3
4769	0
4770	0
4771	0
4772	0
4773	0
4774	0
4775	0
4776	0
4777	1
4778	0
4779	1
4780	2
4781	0
4782	2
4783	0
4784	2
4785	0
4786	0
4787	0
4788	1
4789	0
4790	0
4791	0
4792	1
4793	0
4794	0
4795	0
4796	0
4797	0
4798	0
4799	0
4800	0
4801	0
4802	0
4803	1
4804	1
4805	0
4806	0
4807	1
4808	0
4809	0
4810	0
4811	0
4812	0
4813	1
4814	1
4815	0
4816	0
4817	0
4818	0
4819	2
4820	0
4821	1
4822	1
4823	2
4824	0
4825	0
4826	0
4827	0
4828	0
4829	0
4830	0
4831	0
4832	1
4833	0
4834	0
4835	0
4836	0
4837	0
4838	0
4839	0
4840	0
4841	0
4842	1
4843	0
4844	0
4845	0
4846	0
4847	1
4848	1
4849	0
4850	0
4851	0
4852	0
4853	0
4854	0
4855	0
4856	0
4857	1
4858	0
4859	0
4860	0
4861	0
4862	0
4863	0
4864	0
4865	0
4866	1
4867	0
4868	2
4869	1
4870	0
4871	0
4872	0
4873	0
4874	0
4875	0
4876	1
4877	0
4878	0
4879	0
4880	1
4881	1
4882	0
4883	0
4884	0
4885	0
4886	0
4887	0
4888	0
4889	0
4890	1
4891	1
4892	0
4893	1
4894	0
4895	0
4896	0
4897	1
4898	0
4899	0
4900	0
4901	0
4902	1
4903	1
4904	0
4905	0
4906	0
4907	0
4908	1
4909	0
4910	2
4911	0
4912	1
4913	1
4914	0
4915	0
4916	0
4917	0
4918	2
4919	2
4920	0
4921	1
4922	0
4923	0
4924	0
4925	0
4926	0
4927	0
4928	0
4929	0
4930	0
4931	0
4932	0
4933	0
4934	0
4935	0
4936	0
4937	0
4938	1
4939	0
4940	1
4941	0
4942	0
4943	0
4944	0
4945	0
4946	0
4947	0
4948	0
4949	0
4950	0
4951	0
4952	0
4953	0
4954	0
4955	1
4956	1
4957	0
4958	0
4959	0
4960	1
4961	1
4962	0
4963	0
4964	0
4965	0
4966	0
4967	0
4968	0
4969	0
4970	0
4971	0
4972	1
4973	0
4974	1
4975	0
4976	1
4977	0
4978	0
4979	1
4980	0
4981	0
4982	1
4983	1
4984	1
4985	0
4986	0
4987	0
4988	1
4989	1
4990	0
4991	0
4992	0
4993	0
4994	0
4995	0
4996	1
4997	0
4998	0
4999	0
5000	0
5001	0
5002	0
5003	0
5004	1
5005	0
5006	0
5007	1
5008	1
5009	1
5010	1
5011	1
5012	0
5013	2
5014	0
5015	0
5016	3
5017	0
5018	0
5019	0
5020	0
5021	0
5022	1
5023	0
5024	1
5025	0
5026	0
5027	0
5028	1
5029	1
5030	0
5031	0
5032	0
5033	0
5034	2
5035	0
5036	1
5037	0
5038	0
5039	0
5040	0
5041	0
5042	0
5043	1
5044	0
5045	0
5046	0
5047	0
5048	1
5049	0
5050	0
5051	1
5052	0
5053	0
5054	0
5055	1
5056	0
5057	0
5058	0
5059	1
5060	0
5061	0
5062	1
5063	1
5064	1
5065	0
5066	0
5067	0
5068	0
5069	0
5070	0
5071	1
5072	0
5073	0
5074	0
5075	0
5076	0
5077	0
5078	0
5079	1
5080	1
5081	0
5082	0
5083	0
5084	0
5085	0
5086	1
5087	0
5088	0
5089	1
5090	0
5091	0
5092	0
5093	0
5094	0
5095	0
5096	1
5097	1
5098	1
5099	0
5100	0
5101	0
5102	0
5103	0
5104	0
5105	0
5106	0
5107	0
5108	1
5109	0
5110	0
5111	0
5112	0
5113	0
5114	1
5115	0
5116	0
5117	1
5118	0
5119	0
5120	0
5121	0
5122	1
5123	0
5124	0
5125	0
5126	0
5127	0
5128	1
5129	1
5130	1
5131	0
5132	0
5133	0
5134	0
5135	0
5136	2
5137	0
5138	1
5139	0
5140	0
5141	1
5142	0
5143	0
5144	1
5145	0
5146	1
5147	1
5148	1
5149	0
5150	0
5151	0
5152	0
5153	0
5154	2
5155	1
5156	1
5157	0
5158	0
5159	0
5160	0
5161	0
5162	0
5163	0
5164	0
5165	0
5166	0
5167	0
5168	1
5169	0
5170	1
5171	0
5172	0
5173	0
5174	0
5175	0
5176	0
5177	0
5178	0
5179	0
5180	0
5181	0
5182	1
5183	0
5184	0
5185	0
5186	0
5187	0
5188	0
5189	0
5190	0
5191	0
5192	2
5193	0
5194	0
5195	1
5196	0
5197	0
5198	0
5199	0
5200	0
5201	0
5202	1
5203	0
5204	0
5205	0
5206	0
5207	0
5208	0
5209	0
5210	0
5211	0
5212	1
5213	0
5214	0
5215	0
5216	1
5217	0
5218	2
5219	0
5220	0
5221	1
5222	1
5223	0
5224	0
5225	0
5226	0
5227	0
5228	0
5229	0
5230	1
5231	0
5232	0
5233	1
5234	0
5235	0
5236	0
5237	0
5238	0
5239	0
5240	0
5241	1
5242	0
5243	0
5244	0
5245	0
5246	0
5247	0
5248	0
5249	0
5250	1
5251	0
5252	0
5253	0
5254	1
5255	1
5256	0
5257	0
5258	1
5259	0
5260	1
5261	0
5262	0
5263	0
5264	1
5265	0
5266	0
5267	1
5268	0
5269	0
5270	0
5271	0
5272	0
5273	0
5274	1
5275	0
5276	0
5277	0
5278	0
5279	0
5280	0
5281	0
5282	0
5283	0
5284	0
5285	0
5286	1
5287	0
5288	0
5289	0
5290	1
5291	0
5292	1
5293	1
5294	1
5295	0
5296	0
5297	0
5298	0
5299	0
5300	0
5301	1
5302	0
5303	0
5304	0
5305	0
5306	0
5307	2
5308	0
5309	1
5310	0
5311	0
5312	1
5313	0
5314	0
5315	1
5316	0
5317	1
5318	1
5319	0
5320	0
5321	0
5322	0
5323	0
5324	0
5325	0
5326	0
5327	0
5328	0
5329	0
5330	0
5331	0
5332	0
5333	1
5334	0
5335	0
5336	0
5337	0
5338	1
5339	0
5340	0
5341	0
5342	1
5343	0
5344	0
5345	0
5346	1
5347	0
5348	1
5349	1
5350	0
5351	0
5352	0
5353	0
5354	0
5355	0
5356	0
5357	0
5358	1
5359	0
5360	1
5361	0
5362	0
5363	0
5364	0
5365	0
5366	0
5367	0
5368	0
5369	0
5370	0
5371	0
5372	0
5373	0
5374	0
5375	0
5376	0
5377	0
5378	0
5379	0
5380	0
5381	0
5382	0
5383	1
5384	0
5385	0
5386	0
5387	0
5388	0
5389	1
5390	0
5391	0
5392	0
5393	0
5394	1
5395	0
5396	1
5397	0
5398	0
5399	1
5400	0
5401	1
5402	1
5403	1
5404	1
5405	0
5406	0
5407	0
5408	0
5409	0
5410	0
5411	0
5412	0
5413	0
5414	0
5415	0
5416	0
5417	1
5418	0
5419	1
5420	0
5421	0
5422	0
5423	0
5424	0
5425	0
5426	0
5427	1
5428	0
5429	0
5430	0
5431	0
5432	0
5433	1
5434	1
5435	0
5436	0
5437	0
5438	1
5439	0
5440	0
5441	0
5442	0
5443	0
5444	0
5445	0
5446	0
5447	0
5448	1
5449	0
5450	0
5451	1
5452	0
5453	0
5454	0
5455	1
5456	0
5457	0
5458	0
5459	0
5460	0
5461	0
5462	1
5463	1
5464	1
5465	0
5466	1
5467	1
5468	0
5469	1
5470	0
5471	0
5472	0
5473	1
5474	0
5475	0
5476	0
5477	0
5478	0
5479	0
5480	0
5481	0
5482	1
5483	0
5484	1
5485	1
5486	0
5487	0
5488	0
5489	0
5490	0
5491	1
5492	0
5493	0
5494	1
5495	1
5496	0
5497	0
5498	0
5499	0
5500	0
5501	0
5502	1
5503	2
5504	0
5505	1
5506	0
5507	0
5508	0
5509	0
5510	0
5511	0
5512	1
5513	0
5514	0
5515	1
5516	0
5517	0
5518	0
5519	0
5520	0
5521	1
5522	1
5523	0
5524	1
5525	0
5526	0
5527	1
5528	0
5529	1
5530	1
5531	0
5532	0
5533	1
5534	0
5535	0
5536	0
5537	1
5538	0
5539	0
5540	0
5541	0
5542	1
5543	0
5544	0
5545	0
5546	0
5547	0
5548	1
5549	1
5550	0
5551	0
5552	0
5553	0
5554	0
5555	0
5556	1
5557	1
5558	1
5559	1
5560	0
5561	0
5562	0
5563	0
5564	1
5565	0
5566	0
5567	0
5568	0
5569	0
5570	1
5571	0
5572	0
5573	0
5574	0
5575	2
5576	0
5577	0
5578	0
5579	0
5580	0
5581	0
5582	0
5583	1
5584	0
5585	1
5586	0
5587	1
5588	0
5589	1
5590	0
5591	0
5592	0
5593	1
5594	0
5595	0
5596	1
5597	1
5598	0
5599	0
5600	0
5601	0
5602	1
5603	0
5604	1
5605	0
5606	0
5607	0
5608	0
5609	1
5610	0
5611	2
5612	2
5613	0
5614	1
5615	2
5616	1
5617	0
5618	0
5619	0
5620	0
5621	0
5622	0
5623	1
5624	0
5625	1
5626	0
5627	3
5628	1
5629	0
5630	0
5631	0
5632	0
5633	1
5634	1
5635	2
5636	0
5637	1
5638	1
5639	3
5640	1
5641	2
5642	0
5643	0
5644	0
5645	0
5646	0
5647	0
5648	0
5649	0
5650	0
5651	2
5652	0
5653	1
5654	2
5655	0
5656	0
5657	0
5658	0
5659	1
5660	1
5661	1
5662	3
5663	0
5664	0
5665	0
5666	0
5667	0
5668	1
5669	3
5670	0
5671	1
5672	1
5673	0
5674	4
5675	0
5676	0
5677	0
5678	0
5679	1
5680	1
5681	0
5682	1
5683	0
5684	1
5685	0
5686	2
5687	2
5688	1
5689	0
5690	0
5691	1
5692	0
5693	1
5694	0
5695	1
5696	1
5697	1
5698	0
5699	2
5700	1
5701	2
5702	2
5703	1
5704	1
5705	1
5706	2
5707	1
5708	0
5709	0
5710	2
5711	1
5712	1
5713	2
5714	1
5715	1
5716	2
5717	1
5718	1
5719	3
5720	0
5721	1
5722	3
5723	3
5724	2
5725	2
5726	0
5727	2
5728	1
5729	1
5730	0
5731	3
5732	2
5733	3
5734	1
5735	0
5736	4
5737	4
5738	3
5739	1
5740	4
5741	2
5742	2
5743	4
5744	2
5745	4
5746	1
5747	2
5748	2
5749	1
5750	2
5751	3
5752	2
5753	2
5754	1
5755	4
5756	3
5757	2
5758	3
5759	2
5760	2
5761	1
5762	2
5763	4
5764	0
5765	4
5766	7
5767	6
5768	5
5769	4
5770	6
5771	1
5772	5
5773	7
5774	8
5775	9
5776	7
5777	5
5778	3
5779	5
5780	2
5781	3
5782	7
5783	11
5784	6
5785	6
5786	1
5787	2
5788	9
5789	3
5790	8
5791	2
5792	5
5793	6
5794	2
5795	6
5796	9
5797	6
5798	5
5799	6
5800	7
5801	4
5802	6
5803	6
5804	7
5805	5
5806	8
5807	5
5808	9
5809	6
5810	6
5811	7
5812	9
5813	12
5814	9
5815	5
5816	8
5817	5
5818	11
5819	4
5820	2
5821	5
5822	7
5823	11
5824	11
5825	13
5826	3
5827	9
5828	8
5829	8
5830	9
5831	8
5832	11
5833	8
5834	9
5835	3
5836	5
5837	11
5838	4
5839	11
5840	5
5841	8
5842	11
5843	13
5844	11
5845	5
5846	7
5847	7
5848	9
5849	13
5850	17
5851	14
5852	10
5853	2
5854	8
5855	6
5856	9
5857	12
5858	5
5859	8
5860	9
5861	16
5862	9
5863	13
5864	8
5865	13
5866	9
5867	9
5868	8
5869	9
5870	8
5871	17
5872	3
5873	10
5874	11
5875	9
5876	9
5877	9
5878	13
5879	11
5880	8
5881	16
5882	5
5883	13
5884	10
5885	9
5886	14
5887	14
5888	10
5889	11
5890	13
5891	8
5892	8
5893	7
5894	7
5895	6
5896	7
5897	6
5898	11
5899	11
5900	13
5901	10
5902	11
5903	7
5904	14
5905	11
5906	9
5907	13
5908	13
5909	10
5910	8
5911	5
5912	11
5913	10
5914	11
5915	6
5916	11
5917	10
5918	16
5919	12
5920	10
5921	11
5922	8
5923	6
5924	5
5925	9
5926	8
5927	12
5928	9
5929	7
5930	10
5931	10
5932	8
5933	6
5934	7
5935	8
5936	5
5937	9
5938	7
5939	11
5940	3
5941	9
5942	8
5943	4
5944	10
5945	8
5946	13
5947	10
5948	9
5949	5
5950	8
5951	7
5952	8
5953	8
5954	7
5955	5
5956	8
5957	5
5958	7
5959	3
5960	9
5961	4
5962	6
5963	5
5964	1
5965	2
5966	3
5967	6
5968	6
5969	3
5970	5
5971	7
5972	5
5973	7
5974	9
5975	7
5976	2
5977	4
5978	4
5979	3
5980	6
5981	8
5982	5
5983	4
5984	5
5985	3
5986	4
5987	4
5988	6
5989	5
5990	9
5991	6
5992	0
5993	7
5994	3
5995	7
5996	5
5997	4
5998	5
5999	2
6000	3
6001	5
6002	2
6003	1
6004	6
6005	1
6006	2
6007	1
6008	5
6009	3
6010	3
6011	2
6012	2
6013	5
6014	5
6015	2
6016	4
6017	7
6018	2
6019	4
6020	2
6021	3
6022	3
6023	3
6024	1
6025	3
6026	2
6027	0
6028	6
6029	2
6030	2
6031	1
6032	1
6033	2
6034	2
6035	1
6036	1
6037	2
6038	1
6039	1
6040	2
6041	0
6042	1
6043	4
6044	1
6045	1
6046	2
6047	3
6048	5
6049	2
6050	2
6051	1
6052	0
6053	3
6054	2
6055	2
6056	3
6057	1
6058	2
6059	1
6060	0
6061	3
6062	2
6063	1
6064	5
6065	5
6066	1
6067	1
6068	2
6069	4
6070	1
6071	3
6072	0
6073	4
6074	3
6075	3
6076	0
6077	2
6078	4
6079	1
6080	2
6081	2
6082	2
6083	7
6084	1
6085	2
6086	2
6087	0
6088	3
6089	1
6090	3
6091	4
6092	4
6093	2
6094	2
6095	2
6096	1
6097	1
6098	3
6099	3
6100	5
6101	5
6102	2
6103	4
6104	3
6105	7
6106	4
6107	3
6108	9
6109	8
6110	7
6111	7
6112	4
6113	2
6114	3
6115	3
6116	4
6117	4
6118	5
6119	2
6120	4
6121	3
6122	0
6123	2
6124	3
6125	5
6126	2
6127	2
6128	5
6129	3
6130	2
6131	3
6132	3
6133	2
6134	5
6135	0
6136	2
6137	1
6138	4
6139	0
6140	1
6141	0
6142	1
6143	1
6144	3
6145	3
6146	19
6147	52
6148	68
6149	101
6150	74
6151	55
6152	32
6153	27
6154	19
6155	15
6156	22
6157	53
6158	46
6159	20
6160	4
6161	0
6162	0
6163	0
6164	0
6165	0
6166	0
6167	0
6168	0
6169	0
6170	0
6171	0
6172	0
6173	0
6174	0
6175	0
6176	0
6177	0
6178	0
6179	0
6180	0
6181	0
6182	0
6183	0
6184	0
6185	0
6186	0
6187	0
6188	0
6189	0
6190	0
6191	0
6192	0
6193	0
6194	0
6195	0
6196	0
6197	0
6198	0
6199	0
6200	0
6201	0
6202	0
6203	0
6204	0
6205	0
6206	0
6207	0
6208	0
6209	0
6210	0
6211	0
6212	0
6213	0
6214	0
6215	0
6216	0
6217	0
6218	0
6219	0
6220	0
6221	0
6222	0
6223	0
6224	0
6225	0
6226	0
6227	0
6228	0
6229	0
6230	0
6231	0
6232	0
6233	0
6234	0
6235	0
6236	0
6237	0
6238	0
6239	0
6240	0
6241	0
6242	0
6243	0
6244	0
6245	0
6246	0
6247	0
6248	0
6249	0
6250	0
6251	0
6252	0
6253	0
6254	0
6255	0
6256	0
6257	0
6258	0
6259	0
6260	0
6261	0
6262	0
6263	0
6264	0
6265	0
6266	0
6267	0
6268	0
6269	0
6270	0
6271	0
6272	0
6273	0
6274	0
6275	0
6276	0
6277	0
6278	0
6279	0
6280	0
6281	0
6282	0
6283	0
6284	0
6285	0
6286	0
6287	0
6288	0
6289	0
6290	0
6291	0
6292	0
6293	0
6294	0
6295	0
6296	0
6297	0
6298	0
6299	0
6300	0
6301	0
6302	0
6303	0
6304	0
6305	0
6306	0
6307	0
6308	0
6309	0
6310	0
6311	0
6312	0
6313	0
6314	0
6315	0
6316	0
6317	0
6318	0
6319	0
6320	0
6321	0
6322	0
6323	0
6324	0
6325	0
6326	0
6327	0
6328	0
6329	0
6330	0
6331	0
6332	0
6333	0
6334	0
6335	0
6336	0
6337	0
6338	0
6339	0
6340	0
6341	0
6342	0
6343	0
6344	0
6345	0
6346	0
6347	0
6348	0
6349	0
6350	0
6351	0
6352	0
6353	0
6354	0
6355	0
6356	0
6357	0
6358	0
6359	0
6360	0
6361	0
6362	0
6363	0
6364	0
6365	0
6366	0
6367	0
6368	0
6369	0
6370	0
6371	0
6372	0
6373	0
6374	0
6375	0
6376	0
6377	0
6378	0
6379	0
6380	0
6381	0
6382	0
6383	0
6384	0
6385	0
6386	0
6387	0
6388	0
6389	0
6390	0
6391	0
6392	0
6393	0
6394	0
6395	0
6396	0
6397	0
6398	0
6399	0
6400	0
6401	0
6402	0
6403	0
6404	0
6405	0
6406	0
6407	0
6408	0
6409	0
6410	0
6411	0
6412	0
6413	0
6414	0
6415	0
6416	0
6417	0
6418	0
6419	0
6420	0
6421	0
6422	0
6423	0
6424	0
6425	0
6426	0
6427	0
6428	0
6429	0
6430	0
6431	0
6432	0
6433	0
6434	0
6435	0
6436	0
6437	0
6438	0
6439	0
6440	0
6441	0
6442	0
6443	0
6444	0
6445	0
6446	0
6447	0
6448	0
6449	0
6450	0
6451	0
6452	0
6453	0
6454	0
6455	0
6456	0
6457	0
6458	0
6459	0
6460	0
6461	0
6462	0
6463	0
6464	0
6465	0
6466	0
6467	0
6468	0
6469	0
6470	0
6471	0
6472	0
6473	0
6474	0
6475	0
6476	0
6477	0
6478	0
6479	0
6480	0
6481	0
6482	0
6483	0
6484	0
6485	0
6486	0
6487	0
6488	0
6489	0
6490	0
6491	0
6492	0
6493	0
6494	0
6495	0
6496	0
6497	0
6498	0
6499	0
6500	0
6501	0
6502	0
6503	0
6504	0
6505	0
6506	0
6507	0
6508	0
6509	0
6510	0
6511	0
6512	0
6513	0
6514	0
6515	0
6516	0
6517	0
6518	0
6519	0
6520	0
6521	0
6522	0
6523	0
6524	0
6525	0
6526	0
6527	0
6528	0
6529	0
6530	0
6531	0
6532	0
6533	0
6534	0
6535	0
6536	0
6537	0
6538	0
6539	0
6540	0
6541	0
6542	0
6543	0
6544	0
6545	0
6546	0
6547	0
6548	0
6549	0
6550	0
6551	0
6552	0
6553	0
6554	0
6555	0
6556	0
6557	0
6558	0
6559	0
6560	0
6561	0
6562	0
6563	0
6564	0
6565	0
6566	0
6567	0
6568	0
6569	0
6570	0
6571	0
6572	0
6573	0
6574	0
6575	0
6576	0
6577	0
6578	0
6579	0
6580	0
6581	0
6582	0
6583	0
6584	0
6585	0
6586	0
6587	0
6588	0
6589	0
6590	0
6591	0
6592	0
6593	0
6594	0
6595	0
6596	0
6597	0
6598	0
6599	0
6600	0
6601	0
6602	0
6603	0
6604	0
6605	0
6606	0
6607	0
6608	0
6609	0
6610	0
6611	0
6612	0
6613	0
6614	0
6615	0
6616	0
6617	0
6618	0
6619	0
6620	0
6621	0
6622	0
6623	0
6624	0
6625	0
6626	0
6627	0
6628	0
6629	0
6630	0
6631	0
6632	0
6633	0
6634	0
6635	0
6636	0
6637	0
6638	0
6639	0
6640	0
6641	0
6642	0
6643	0
6644	0
6645	0
6646	0
6647	0
6648	0
6649	0
6650	0
6651	0
6652	0
6653	0
6654	0
6655	0
6656	0
6657	0
6658	0
6659	0
6660	0
6661	0
6662	0
6663	0
6664	0
6665	0
6666	0
6667	0
6668	0
6669	0
6670	0
6671	0
6672	0
6673	0
6674	0
6675	0
6676	0
6677	0
6678	0
6679	0
6680	0
6681	0
6682	0
6683	0
6684	0
6685	0
6686	0
6687	0
6688	0
6689	0
6690	0
6691	0
6692	0
6693	0
6694	0
6695	0
6696	0
6697	0
6698	0
6699	0
6700	0
6701	0
6702	0
6703	0
6704	0
6705	0
6706	0
6707	0
6708	0
6709	0
6710	0
6711	0
6712	0
6713	0
6714	0
6715	0
6716	0
6717	0
6718	0
6719	0
6720	0
6721	0
6722	0
6723	0
6724	0
6725	0
6726	0
6727	0
6728	0
6729	0
6730	0
6731	0
6732	0
6733	0
6734	0
6735	0
6736	0
6737	0
6738	0
6739	0
6740	0
6741	0
6742	0
6743	0
6744	0
6745	0
6746	0
6747	0
6748	0
6749	0
6750	0
6751	0
6752	0
6753	0
6754	0
6755	0
6756	0
6757	0
6758	0
6759	0
6760	0
6761	0
6762	0
6763	0
6764	0
6765	0
6766	0
6767	0
6768	0
6769	0
6770	0
6771	0
6772	0
6773	0
6774	0
6775	0
6776	0
6777	0
6778	0
6779	0
6780	0
6781	0
6782	0
6783	0
6784	0
6785	0
6786	0
6787	0
6788	0
6789	0
6790	0
6791	0
6792	0
6793	0
6794	0
6795	0
6796	0
6797	0
6798	0
6799	0
6800	0
6801	0
6802	0
6803	0
6804	0
6805	0
6806	0
6807	0
6808	0
6809	0
6810	0
6811	0
6812	0
6813	0
6814	0
6815	0
6816	0
6817	0
6818	0
6819	0
6820	0
6821	0
6822	0
6823	0
6824	0
6825	0
6826	0
6827	0
6828	0
6829	0
6830	0
6831	0
6832	0
6833	0
6834	0
6835	0
6836	0
6837	0
6838	0
6839	0
6840	0
6841	0
6842	0
6843	0
6844	0
6845	0
6846	0
6847	0
6848	0
6849	0
6850	0
6851	0
6852	0
6853	0
6854	0
6855	0
6856	0
6857	0
6858	0
6859	0
6860	0
6861	0
6862	0
6863	0
6864	0
6865	0
6866	0
6867	0
6868	0
6869	0
6870	0
6871	0
6872	0
6873	0
6874	0
6875	0
6876	0
6877	0
6878	0
6879	0
6880	0
6881	0
6882	0
6883	0
6884	0
6885	0
6886	0
6887	0
6888	0
6889	0
6890	0
6891	0
6892	0
6893	0
6894	0
6895	0
6896	0
6897	0
6898	0
6899	0
6900	0
6901	0
6902	0
6903	0
6904	0
6905	0
6906	0
6907	0
6908	0
6909	0
6910	0
6911	0
6912	0
6913	0
6914	0
6915	0
6916	0
6917	0
6918	0
6919	0
6920	0
6921	0
6922	0
6923	0
6924	0
6925	0
6926	0
6927	0
6928	0
6929	0
6930	0
6931	0
6932	0
6933	0
6934	0
6935	0
6936	0
6937	0
6938	0
6939	0
6940	0
6941	0
6942	0
6943	0
6944	0
6945	0
6946	0
6947	0
6948	0
6949	0
6950	0
6951	0
6952	0
6953	0
6954	0
6955	0
6956	0
6957	0
6958	0
6959	0
6960	0
6961	0
6962	0
6963	0
6964	0
6965	0
6966	0
6967	0
6968	0
6969	0
6970	0
6971	0
6972	0
6973	0
6974	0
6975	0
6976	0
6977	0
6978	0
6979	0
6980	0
6981	0
6982	0
6983	0
6984	0
6985	0
6986	0
6987	0
6988	0
6989	0
6990	0
6991	0
6992	0
6993	0
6994	0
6995	0
6996	0
6997	0
6998	0
6999	0
7000	0
7001	0
7002	0
7003	0
7004	0
7005	0
7006	0
7007	0
7008	0
7009	0
7010	0
7011	0
7012	0
7013	0
7014	0
7015	0
7016	0
7017	0
7018	0
7019	0
7020	0
7021	0
7022	0
7023	0
7024	0
7025	0
7026	0
7027	0
7028	0
7029	0
7030	0
7031	0
7032	0
7033	0
7034	0
7035	0
7036	0
7037	0
7038	0
7039	0
7040	0
7041	0
7042	0
7043	0
7044	0
7045	0
7046	0
7047	0
7048	0
7049	0
7050	0
7051	0
7052	0
7053	0
7054	0
7055	0
7056	0
7057	0
7058	0
7059	0
7060	0
7061	0
7062	0
7063	0
7064	0
7065	0
7066	0
7067	0
7068	0
7069	0
7070	0
7071	0
7072	0
7073	0
7074	0
7075	0
7076	0
7077	0
7078	0
7079	0
7080	0
7081	0
7082	0
7083	0
7084	0
7085	0
7086	0
7087	0
7088	0
7089	0
7090	0
7091	0
7092	0
7093	0
7094	0
7095	0
7096	0
7097	0
7098	0
7099	0
7100	0
7101	0
7102	0
7103	0
7104	0
7105	0
7106	0
7107	0
7108	0
7109	0
7110	0
7111	0
7112	0
7113	0
7114	0
7115	0
7116	0
7117	0
7118	0
7119	0
7120	0
7121	0
7122	0
7123	0
7124	0
7125	0
7126	0
7127	0
7128	0
7129	0
7130	0
7131	0
7132	0
7133	0
7134	0
7135	0
7136	0
7137	0
7138	0
7139	0
7140	0
7141	0
7142	0
7143	0
7144	0
7145	0
7146	0
7147	0
7148	0
7149	0
7150	0
7151	0
7152	0
7153	0
7154	0
7155	0
7156	0
7157	0
7158	0
7159	0
7160	0
7161	0
7162	0
7163	0
7164	0
7165	0
7166	0
7167	0
7168	0
7169	0
7170	0
7171	0
7172	0
7173	0
7174	0
7175	0
7176	0
7177	0
7178	0
7179	0
7180	0
7181	0
7182	0
7183	0
7184	0
7185	0
7186	0
7187	0
7188	0
7189	0
7190	0
7191	0
7192	0
7193	0
7194	0
7195	0
7196	0
7197	0
7198	0
7199	0
7200	0
7201	0
7202	0
7203	0
7204	0
7205	0
7206	0
7207	0
7208	0
7209	0
7210	0
7211	0
7212	0
7213	0
7214	0
7215	0
7216	0
7217	0
7218	0
7219	0
7220	0
7221	0
7222	0
7223	0
7224	0
7225	0
7226	0
7227	0
7228	0
7229	0
7230	0
7231	0
7232	0
7233	0
7234	0
7235	0
7236	0
7237	0
7238	0
7239	0
7240	0
7241	0
7242	0
7243	0
7244	0
7245	0
7246	0
7247	0
7248	0
7249	0
7250	0
7251	0
7252	0
7253	0
7254	0
7255	0
7256	0
7257	0
7258	0
7259	0
7260	0
7261	0
7262	0
7263	0
7264	0
7265	0
7266	0
7267	0
7268	0
7269	0
7270	0
7271	0
7272	0
7273	0
7274	0
7275	0
7276	0
7277	0
7278	0
7279	0
7280	0
7281	0
7282	0
7283	0
7284	0
7285	0
7286	0
7287	0
7288	0
7289	0
7290	0
7291	0
7292	0
7293	0
7294	0
7295	0
7296	0
7297	0
7298	0
7299	0
7300	0
7301	0
7302	0
7303	0
7304	0
7305	0
7306	0
7307	0
7308	0
7309	0
7310	0
7311	0
7312	0
7313	0
7314	0
7315	0
7316	0
7317	0
7318	0
7319	0
7320	0
7321	0
7322	0
7323	0
7324	0
7325	0
7326	0
7327	0
7328	0
7329	0
7330	0
7331	0
7332	0
7333	0
7334	0
7335	0
7336	0
7337	0
7338	0
7339	0
7340	0
7341	0
7342	0
7343	0
7344	0
7345	0
7346	0
7347	0
7348	0
7349	0
7350	0
7351	0
7352	0
7353	0
7354	0
7355	0
7356	0
7357	0
7358	0
7359	0
7360	0
7361	0
7362	0
7363	0
7364	0
7365	0
7366	0
7367	0
7368	0
7369	0
7370	0
7371	0
7372	0
7373	0
7374	0
7375	0
7376	0
7377	0
7378	0
7379	0
7380	0
7381	0
7382	0
7383	0
7384	0
7385	0
7386	0
7387	0
7388	0
7389	0
7390	0
7391	0
7392	0
7393	0
7394	0
7395	0
7396	0
7397	0
7398	0
7399	0
7400	0
7401	0
7402	0
7403	0
7404	0
7405	0
7406	0
7407	0
7408	0
7409	0
7410	0
7411	0
7412	0
7413	0
7414	0
7415	0
7416	0
7417	0
7418	0
7419	0
7420	0
7421	0
7422	0
7423	0
7424	0
7425	0
7426	0
7427	0
7428	0
7429	0
7430	0
7431	0
7432	0
7433	0
7434	0
7435	0
7436	0
7437	0
7438	0
7439	0
7440	0
7441	0
7442	0
7443	0
7444	0
7445	0
7446	0
7447	0
7448	0
7449	0
7450	0
7451	0
7452	0
7453	0
7454	0
7455	0
7456	0
7457	0
7458	0
7459	0
7460	0
7461	0
7462	0
7463	0
7464	0
7465	0
7466	0
7467	0
7468	0
7469	0
7470	0
7471	0
7472	0
7473	0
7474	0
7475	0
7476	0
7477	0
7478	0
7479	0
7480	0
7481	0
7482	0
7483	0
7484	0
7485	0
7486	0
7487	0
7488	0
7489	0
7490	0
7491	0
7492	0
7493	0
7494	0
7495	0
7496	0
7497	0
7498	0
7499	0
7500	0
7501	0
7502	0
7503	0
7504	0
7505	0
7506	0
7507	0
7508	0
7509	0
7510	0
7511	0
7512	0
7513	0
7514	0
7515	0
7516	0
7517	0
7518	0
7519	0
7520	0
7521	0
7522	0
7523	0
7524	0
7525	0
7526	0
7527	0
7528	0
7529	0
7530	0
7531	0
7532	0
7533	0
7534	0
7535	0
7536	0
7537	0
7538	0
7539	0
7540	0
7541	0
7542	0
7543	0
7544	0
7545	0
7546	0
7547	0
7548	0
7549	0
7550	0
7551	0
7552	0
7553	0
7554	0
7555	0
7556	0
7557	0
7558	0
7559	0
7560	0
7561	0
7562	0
7563	0
7564	0
7565	0
7566	0
7567	0
7568	0
7569	0
7570	0
7571	0
7572	0
7573	0
7574	0
7575	0
7576	0
7577	0
7578	0
7579	0
7580	0
7581	0
7582	0
7583	0
7584	0
7585	0
7586	0
7587	0
7588	0
7589	0
7590	0
7591	0
7592	0
7593	0
7594	0
7595	0
7596	0
7597	0
7598	0
7599	0
7600	0
7601	0
7602	0
7603	0
7604	0
7605	0
7606	0
7607	0
7608	0
7609	0
7610	0
7611	0
7612	0
7613	0
7614	0
7615	0
7616	0
7617	0
7618	0
7619	0
7620	0
7621	0
7622	0
7623	0
7624	0
7625	0
7626	0
7627	0
7628	0
7629	0
7630	0
7631	0
7632	0
7633	0
7634	0
7635	0
7636	0
7637	0
7638	0
7639	0
7640	0
7641	0
7642	0
7643	0
7644	0
7645	0
7646	0
7647	0
7648	0
7649	0
7650	0
7651	0
7652	0
7653	0
7654	0
7655	0
7656	0
7657	0
7658	0
7659	0
7660	0
7661	0
7662	0
7663	0
7664	0
7665	0
7666	0
7667	0
7668	0
7669	0
7670	0
7671	0
7672	0
7673	0
7674	0
7675	0
7676	0
7677	0
7678	0
7679	0
7680	0
7681	0
7682	0
7683	0
7684	0
7685	0
7686	0
7687	0
7688	0
7689	0
7690	0
7691	0
7692	0
7693	0
7694	0
7695	0
7696	0
7697	0
7698	0
7699	0
7700	0
7701	0
7702	0
7703	0
7704	0
7705	0
7706	0
7707	0
7708	0
7709	0
7710	0
7711	0
7712	0
7713	0
7714	0
7715	0
7716	0
7717	0
7718	0
7719	0
7720	0
7721	0
7722	0
7723	0
7724	0
7725	0
7726	0
7727	0
7728	0
7729	0
7730	0
7731	0
7732	0
7733	0
7734	0
7735	0
7736	0
7737	0
7738	0
7739	0
7740	0
7741	0
7742	0
7743	0
7744	0
7745	0
7746	0
7747	0
7748	0
7749	0
7750	0
7751	0
7752	0
7753	0
7754	0
7755	0
7756	0
7757	0
7758	0
7759	0
7760	0
7761	0
7762	0
7763	0
7764	0
7765	0
7766	0
7767	0
7768	0
7769	0
7770	0
7771	0
7772	0
7773	0
7774	0
7775	0
7776	0
7777	0
7778	0
7779	0
7780	0
7781	0
7782	0
7783	0
7784	0
7785	0
7786	0
7787	0
7788	0
7789	0
7790	0
7791	0
7792	0
7793	0
7794	0
7795	0
7796	0
7797	0
7798	0
7799	0
7800	0
7801	0
7802	0
7803	0
7804	0
7805	0
7806	0
7807	0
7808	0
7809	0
7810	0
7811	0
7812	0
7813	0
7814	0
7815	0
7816	0
7817	0
7818	0
7819	0
7820	0
7821	0
7822	0
7823	0
7824	0
7825	0
7826	0
7827	0
7828	0
7829	0
7830	0
7831	0
7832	0
7833	0
7834	0
7835	0
7836	0
7837	0
7838	0
7839	0
7840	0
7841	0
7842	0
7843	0
7844	0
7845	0
7846	0
7847	0
7848	0
7849	0
7850	0
7851	0
7852	0
7853	0
7854	0
7855	0
7856	0
7857	0
7858	0
7859	0
7860	0
7861	0
7862	0
7863	0
7864	0
7865	0
7866	0
7867	0
7868	0
7869	0
7870	0
7871	0
7872	0
7873	0
7874	0
7875	0
7876	0
7877	0
7878	0
7879	0
7880	0
7881	0
7882	0
7883	0
7884	0
7885	0
7886	0
7887	0
7888	0
7889	0
7890	0
7891	0
7892	0
7893	0
7894	0
7895	0
7896	0
7897	0
7898	0
7899	0
7900	0
7901	0
7902	0
7903	0
7904	0
7905	0
7906	0
7907	0
7908	0
7909	0
7910	0
7911	0
7912	0
7913	0
7914	0
7915	0
7916	0
7917	0
7918	0
7919	0
7920	0
7921	0
7922	0
7923	0
7924	0
7925	0
7926	0
7927	0
7928	0
7929	0
7930	0
7931	0
7932	0
7933	0
7934	0
7935	0
7936	0
7937	0
7938	0
7939	0
7940	0
7941	0
7942	0
7943	0
7944	0
7945	0
7946	0
7947	0
7948	0
7949	0
7950	0
7951	0
7952	0
7953	0
7954	0
7955	0
7956	0
7957	0
7958	0
7959	0
7960	0
7961	0
7962	0
7963	0
7964	0
7965	0
7966	0
7967	0
7968	0
7969	0
7970	0
7971	0
7972	0
7973	0
7974	0
7975	0
7976	0
7977	0
7978	0
7979	0
7980	0
7981	0
7982	0
7983	0
7984	0
7985	0
7986	0
7987	0
7988	0
7989	0
7990	0
7991	0
7992	0
7993	0
7994	0
7995	0
7996	0
7997	0
7998	0
7999	0
8000	0
8001	0
8002	0
8003	0
8004	0
8005	0
8006	0
8007	0
8008	0
8009	0
8010	0
8011	0
8012	0
8013	0
8014	0
8015	0
8016	0
8017	0
8018	0
8019	0
8020	0
8021	0
8022	0
8023	0
8024	0
8025	0
8026	0
8027	0
8028	0
8029	0
8030	0
8031	0
8032	0
8033	0
8034	0
8035	0
8036	0
8037	0
8038	0
8039	0
8040	0
8041	0
8042	0
8043	0
8044	0
8045	0
8046	0
8047	0
8048	0
8049	0
8050	0
8051	0
8052	0
8053	0
8054	0
8055	0
8056	0
8057	0
8058	0
8059	0
8060	0
8061	0
8062	0
8063	0
8064	0
8065	0
8066	0
8067	0
8068	0
8069	0
8070	0
8071	0
8072	0
8073	0
8074	0
8075	0
8076	0
8077	0
8078	0
8079	0
8080	0
8081	0
8082	0
8083	0
8084	0
8085	0
8086	0
8087	0
8088	0
8089	0
8090	0
8091	0
8092	0
8093	0
8094	0
8095	0
8096	0
8097	0
8098	0
8099	0
8100	0
8101	0
8102	0
8103	0
8104	0
8105	0
8106	0
8107	0
8108	0
8109	0
8110	0
8111	0
8112	0
8113	0
8114	0
8115	0
8116	0
8117	0
8118	0
8119	0
8120	0
8121	0
8122	0
8123	0
8124	0
8125	0
8126	0
8127	0
8128	0
8129	0
8130	0
8131	0
8132	0
8133	0
8134	0
8135	0
8136	0
8137	0
8138	0
8139	0
8140	0
8141	0
8142	0
8143	0
8144	0
8145	0
8146	0
8147	0
8148	0
8149	0
8150	0
8151	0
8152	0
8153	0
8154	0
8155	0
8156	0
8157	0
8158	0
8159	0
8160	0
8161	0
8162	0
8163	0
8164	0
8165	0
8166	0
8167	0
8168	0
8169	0
8170	0
8171	0
8172	0
8173	0
8174	0
8175	0
8176	0
8177	0
8178	0
8179	0
8180	0
8181	0
8182	0
8183	0
8184	0
8185	0
8186	0
8187	0
8188	0
8189	0
8190	0
8191	0
