0	0
1	0
2	0
3	0
4	0
5	0
6	0
7	0
8	0
9	0
10	0
11	0
12	0
13	0
14	0
15	0
16	0
17	0
18	0
19	0
20	0
21	0
22	0
23	0
24	0
25	0
26	0
27	0
28	0
29	0
30	0
31	0
32	0
33	0
34	0
35	0
36	0
37	0
38	0
39	0
40	0
41	0
42	0
43	0
44	0
45	0
46	0
47	0
48	0
49	0
50	0
51	0
52	0
53	0
54	0
55	0
56	0
57	0
58	0
59	0
60	0
61	0
62	0
63	0
64	0
65	0
66	0
67	0
68	0
69	0
70	0
71	0
72	0
73	0
74	0
75	0
76	0
77	0
78	0
79	0
80	0
81	0
82	0
83	0
84	0
85	0
86	0
87	0
88	0
89	0
90	0
91	0
92	0
93	0
94	0
95	0
96	0
97	0
98	0
99	0
100	0
101	0
102	0
103	0
104	0
105	0
106	0
107	0
108	0
109	0
110	0
111	0
112	0
113	0
114	0
115	0
116	0
117	0
118	0
119	0
120	0
121	0
122	0
123	0
124	0
125	0
126	0
127	0
128	0
129	0
130	0
131	0
132	0
133	0
134	0
135	0
136	0
137	0
138	0
139	0
140	0
141	0
142	0
143	0
144	0
145	0
146	0
147	0
148	0
149	0
150	0
151	0
152	0
153	0
154	0
155	0
156	0
157	0
158	0
159	0
160	0
161	0
162	0
163	0
164	0
165	0
166	0
167	0
168	0
169	0
170	0
171	0
172	0
173	0
174	0
175	0
176	0
177	0
178	0
179	0
180	0
181	0
182	0
183	0
184	0
185	0
186	0
187	0
188	0
189	0
190	0
191	0
192	0
193	0
194	0
195	0
196	0
197	0
198	0
199	0
200	0
201	0
202	0
203	0
204	0
205	0
206	0
207	0
208	0
209	0
210	0
211	0
212	0
213	0
214	0
215	0
216	0
217	0
218	0
219	0
220	0
221	0
222	0
223	0
224	0
225	0
226	0
227	0
228	0
229	0
230	0
231	0
232	0
233	0
234	0
235	0
236	0
237	0
238	0
239	0
240	0
241	0
242	0
243	0
244	0
245	0
246	0
247	0
248	0
249	0
250	0
251	0
252	0
253	0
254	0
255	0
256	0
257	0
258	0
259	0
260	0
261	0
262	0
263	0
264	0
265	0
266	0
267	0
268	0
269	0
270	0
271	0
272	0
273	0
274	0
275	0
276	0
277	0
278	0
279	0
280	0
281	0
282	0
283	0
284	0
285	0
286	0
287	0
288	0
289	0
290	0
291	0
292	0
293	0
294	0
295	0
296	0
297	0
298	0
299	0
300	0
301	0
302	0
303	0
304	0
305	0
306	0
307	0
308	0
309	0
310	0
311	0
312	0
313	0
314	0
315	0
316	0
317	0
318	0
319	0
320	0
321	0
322	0
323	0
324	0
325	0
326	0
327	0
328	0
329	0
330	0
331	0
332	0
333	0
334	0
335	0
336	0
337	0
338	0
339	0
340	0
341	0
342	0
343	0
344	0
345	0
346	0
347	0
348	0
349	0
350	0
351	0
352	0
353	0
354	0
355	0
356	0
357	0
358	0
359	0
360	0
361	0
362	0
363	0
364	0
365	0
366	0
367	0
368	0
369	0
370	0
371	0
372	0
373	0
374	0
375	0
376	0
377	0
378	0
379	0
380	0
381	0
382	0
383	0
384	0
385	0
386	0
387	0
388	0
389	0
390	0
391	0
392	0
393	0
394	0
395	0
396	0
397	0
398	0
399	0
400	0
401	0
402	0
403	0
404	0
405	0
406	0
407	0
408	0
409	0
410	0
411	0
412	0
413	0
414	0
415	0
416	0
417	0
418	0
419	0
420	0
421	0
422	0
423	0
424	0
425	0
426	0
427	0
428	0
429	0
430	0
431	0
432	0
433	0
434	0
435	0
436	0
437	0
438	0
439	0
440	0
441	0
442	0
443	0
444	0
445	0
446	0
447	0
448	0
449	0
450	0
451	0
452	0
453	0
454	0
455	0
456	0
457	0
458	0
459	0
460	0
461	0
462	0
463	0
464	0
465	0
466	0
467	0
468	0
469	0
470	0
471	0
472	0
473	0
474	0
475	0
476	0
477	0
478	0
479	0
480	0
481	0
482	0
483	0
484	0
485	0
486	0
487	0
488	0
489	0
490	0
491	0
492	0
493	0
494	0
495	0
496	0
497	0
498	0
499	0
500	0
501	0
502	0
503	0
504	0
505	0
506	0
507	0
508	0
509	0
510	0
511	0
512	0
513	0
514	0
515	0
516	0
517	0
518	0
519	0
520	0
521	0
522	0
523	0
524	0
525	0
526	0
527	0
528	0
529	0
530	0
531	0
532	0
533	0
534	0
535	0
536	0
537	0
538	0
539	0
540	0
541	1
542	9
543	38
544	73
545	93
546	82
547	91
548	111
549	92
550	80
551	77
552	74
553	89
554	73
555	98
556	93
557	97
558	81
559	88
560	86
561	87
562	102
563	87
564	72
565	91
566	97
567	95
568	87
569	88
570	93
571	87
572	86
573	76
574	101
575	85
576	93
577	85
578	79
579	94
580	92
581	93
582	85
583	79
584	82
585	77
586	86
587	101
588	77
589	86
590	85
591	79
592	98
593	85
594	93
595	87
596	88
597	80
598	93
599	80
600	80
601	81
602	81
603	87
604	90
605	82
606	73
607	76
608	77
609	99
610	92
611	96
612	85
613	80
614	96
615	91
616	97
617	89
618	95
619	77
620	81
621	91
622	101
623	83
624	77
625	76
626	69
627	80
628	88
629	77
630	89
631	95
632	85
633	95
634	80
635	72
636	84
637	80
638	86
639	87
640	99
641	93
642	78
643	93
644	84
645	87
646	70
647	83
648	73
649	87
650	82
651	74
652	79
653	83
654	89
655	80
656	87
657	76
658	91
659	86
660	95
661	70
662	84
663	90
664	84
665	99
666	95
667	84
668	73
669	77
670	77
671	81
672	82
673	72
674	80
675	83
676	86
677	81
678	84
679	89
680	97
681	82
682	87
683	74
684	96
685	80
686	83
687	88
688	75
689	75
690	69
691	83
692	73
693	83
694	85
695	68
696	98
697	81
698	78
699	77
700	84
701	86
702	99
703	88
704	84
705	84
706	76
707	80
708	86
709	80
710	60
711	89
712	81
713	80
714	91
715	94
716	81
717	87
718	76
719	84
720	66
721	82
722	91
723	73
724	73
725	84
726	71
727	71
728	102
729	85
730	83
731	79
732	72
733	91
734	74
735	98
736	95
737	84
738	91
739	91
740	104
741	73
742	77
743	66
744	84
745	63
746	82
747	69
748	85
749	74
750	84
751	85
752	90
753	84
754	83
755	82
756	90
757	81
758	72
759	95
760	99
761	67
762	75
763	97
764	78
765	63
766	74
767	72
768	73
769	84
770	78
771	84
772	72
773	77
774	79
775	100
776	90
777	84
778	78
779	65
780	97
781	88
782	77
783	75
784	81
785	72
786	79
787	66
788	73
789	71
790	84
791	84
792	81
793	80
794	88
795	89
796	83
797	86
798	76
799	81
800	76
801	98
802	93
803	96
804	87
805	75
806	91
807	79
808	84
809	62
810	77
811	70
812	90
813	88
814	79
815	78
816	88
817	74
818	78
819	75
820	93
821	80
822	80
823	77
824	77
825	88
826	87
827	77
828	83
829	67
830	68
831	79
832	101
833	83
834	77
835	86
836	81
837	72
838	80
839	85
840	71
841	68
842	78
843	70
844	75
845	86
846	81
847	58
848	91
849	79
850	84
851	88
852	73
853	91
854	90
855	70
856	69
857	75
858	90
859	72
860	82
861	78
862	83
863	68
864	85
865	105
866	80
867	68
868	85
869	73
870	87
871	67
872	72
873	79
874	74
875	86
876	88
877	70
878	73
879	84
880	81
881	76
882	83
883	102
884	76
885	78
886	76
887	77
888	84
889	79
890	73
891	80
892	82
893	87
894	85
895	80
896	85
897	76
898	81
899	85
900	63
901	74
902	84
903	79
904	85
905	69
906	75
907	79
908	88
909	79
910	84
911	73
912	80
913	85
914	76
915	99
916	80
917	100
918	88
919	112
920	81
921	74
922	67
923	81
924	72
925	82
926	89
927	83
928	74
929	68
930	88
931	82
932	80
933	82
934	74
935	86
936	90
937	80
938	68
939	80
940	82
941	80
942	99
943	83
944	88
945	75
946	97
947	99
948	93
949	82
950	62
951	85
952	72
953	91
954	92
955	80
956	73
957	79
958	91
959	75
960	83
961	68
962	83
963	76
964	68
965	76
966	81
967	72
968	87
969	96
970	81
971	89
972	72
973	71
974	86
975	68
976	91
977	73
978	74
979	57
980	69
981	85
982	88
983	70
984	56
985	78
986	89
987	84
988	98
989	84
990	97
991	96
992	84
993	97
994	79
995	75
996	93
997	71
998	76
999	94
1000	90
1001	86
1002	80
1003	83
1004	84
1005	81
1006	85
1007	78
1008	79
1009	90
1010	78
1011	63
1012	91
1013	74
1014	80
1015	93
1016	88
1017	82
1018	72
1019	73
1020	101
1021	78
1022	74
1023	85
1024	87
1025	77
1026	89
1027	82
1028	73
1029	83
1030	83
1031	82
1032	70
1033	82
1034	89
1035	90
1036	87
1037	83
1038	94
1039	76
1040	86
1041	70
1042	92
1043	101
1044	73
1045	93
1046	91
1047	96
1048	98
1049	87
1050	96
1051	73
1052	94
1053	85
1054	65
1055	88
1056	85
1057	76
1058	86
1059	90
1060	76
1061	99
1062	80
1063	64
1064	83
1065	83
1066	94
1067	84
1068	89
1069	74
1070	70
1071	61
1072	89
1073	84
1074	98
1075	86
1076	85
1077	76
1078	85
1079	78
1080	95
1081	78
1082	99
1083	95
1084	87
1085	77
1086	85
1087	68
1088	74
1089	76
1090	81
1091	78
1092	96
1093	77
1094	89
1095	76
1096	86
1097	83
1098	97
1099	96
1100	80
1101	82
1102	101
1103	80
1104	90
1105	69
1106	85
1107	85
1108	80
1109	75
1110	92
1111	87
1112	90
1113	80
1114	88
1115	80
1116	89
1117	69
1118	82
1119	84
1120	100
1121	100
1122	88
1123	93
1124	104
1125	79
1126	92
1127	92
1128	78
1129	81
1130	77
1131	89
1132	82
1133	91
1134	84
1135	90
1136	80
1137	99
1138	92
1139	79
1140	85
1141	89
1142	103
1143	93
1144	101
1145	88
1146	81
1147	65
1148	84
1149	90
1150	78
1151	86
1152	77
1153	79
1154	89
1155	90
1156	76
1157	76
1158	87
1159	91
1160	82
1161	93
1162	80
1163	67
1164	86
1165	95
1166	87
1167	86
1168	107
1169	83
1170	91
1171	73
1172	70
1173	85
1174	70
1175	82
1176	90
1177	92
1178	92
1179	82
1180	84
1181	88
1182	69
1183	97
1184	99
1185	95
1186	89
1187	95
1188	67
1189	71
1190	87
1191	76
1192	82
1193	79
1194	81
1195	86
1196	101
1197	75
1198	83
1199	83
1200	92
1201	75
1202	90
1203	71
1204	81
1205	102
1206	96
1207	94
1208	102
1209	89
1210	71
1211	94
1212	78
1213	83
1214	93
1215	79
1216	94
1217	83
1218	74
1219	83
1220	93
1221	72
1222	84
1223	90
1224	95
1225	88
1226	92
1227	94
1228	102
1229	98
1230	84
1231	76
1232	95
1233	65
1234	77
1235	97
1236	88
1237	87
1238	87
1239	97
1240	77
1241	90
1242	84
1243	95
1244	87
1245	89
1246	82
1247	83
1248	73
1249	84
1250	75
1251	82
1252	106
1253	78
1254	83
1255	72
1256	64
1257	79
1258	76
1259	78
1260	93
1261	73
1262	83
1263	74
1264	82
1265	91
1266	82
1267	88
1268	98
1269	82
1270	95
1271	78
1272	83
1273	85
1274	74
1275	66
1276	80
1277	84
1278	92
1279	79
1280	74
1281	76
1282	99
1283	75
1284	86
1285	82
1286	86
1287	73
1288	67
1289	89
1290	72
1291	78
1292	87
1293	98
1294	93
1295	93
1296	84
1297	80
1298	77
1299	96
1300	93
1301	92
1302	67
1303	77
1304	97
1305	65
1306	97
1307	86
1308	93
1309	65
1310	76
1311	74
1312	99
1313	91
1314	94
1315	89
1316	75
1317	96
1318	75
1319	74
1320	83
1321	80
1322	89
1323	85
1324	78
1325	82
1326	88
1327	88
1328	93
1329	92
1330	83
1331	96
1332	73
1333	79
1334	88
1335	96
1336	86
1337	74
1338	78
1339	78
1340	95
1341	75
1342	102
1343	109
1344	77
1345	88
1346	76
1347	91
1348	85
1349	75
1350	83
1351	90
1352	86
1353	91
1354	80
1355	90
1356	101
1357	78
1358	93
1359	94
1360	64
1361	87
1362	78
1363	74
1364	81
1365	90
1366	84
1367	88
1368	88
1369	80
1370	76
1371	75
1372	81
1373	73
1374	82
1375	81
1376	77
1377	91
1378	89
1379	77
1380	93
1381	96
1382	96
1383	99
1384	80
1385	86
1386	63
1387	91
1388	72
1389	75
1390	97
1391	98
1392	70
1393	104
1394	84
1395	98
1396	68
1397	98
1398	79
1399	82
1400	89
1401	107
1402	92
1403	93
1404	86
1405	80
1406	83
1407	87
1408	73
1409	76
1410	85
1411	93
1412	85
1413	64
1414	67
1415	90
1416	75
1417	75
1418	79
1419	77
1420	75
1421	103
1422	80
1423	99
1424	104
1425	71
1426	94
1427	73
1428	88
1429	75
1430	82
1431	69
1432	98
1433	78
1434	86
1435	75
1436	101
1437	98
1438	77
1439	79
1440	80
1441	103
1442	72
1443	91
1444	78
1445	99
1446	92
1447	103
1448	90
1449	92
1450	80
1451	74
1452	96
1453	73
1454	71
1455	86
1456	100
1457	75
1458	87
1459	100
1460	92
1461	86
1462	82
1463	73
1464	86
1465	80
1466	82
1467	73
1468	103
1469	85
1470	75
1471	83
1472	70
1473	85
1474	111
1475	72
1476	77
1477	77
1478	98
1479	86
1480	88
1481	93
1482	99
1483	112
1484	87
1485	87
1486	82
1487	89
1488	69
1489	75
1490	83
1491	71
1492	83
1493	88
1494	80
1495	88
1496	67
1497	78
1498	69
1499	72
1500	85
1501	81
1502	82
1503	82
1504	96
1505	93
1506	98
1507	91
1508	83
1509	75
1510	84
1511	89
1512	95
1513	91
1514	97
1515	97
1516	91
1517	79
1518	92
1519	92
1520	99
1521	72
1522	81
1523	73
1524	98
1525	68
1526	70
1527	85
1528	73
1529	100
1530	90
1531	86
1532	99
1533	92
1534	64
1535	69
1536	82
1537	75
1538	69
1539	89
1540	107
1541	90
1542	97
1543	81
1544	90
1545	92
1546	85
1547	84
1548	95
1549	81
1550	94
1551	76
1552	89
1553	83
1554	68
1555	66
1556	96
1557	90
1558	101
1559	87
1560	81
1561	96
1562	83
1563	73
1564	88
1565	100
1566	80
1567	106
1568	83
1569	98
1570	84
1571	80
1572	111
1573	79
1574	83
1575	103
1576	89
1577	92
1578	91
1579	92
1580	98
1581	90
1582	88
1583	98
1584	98
1585	100
1586	97
1587	98
1588	86
1589	81
1590	103
1591	72
1592	75
1593	80
1594	89
1595	84
1596	125
1597	92
1598	77
1599	100
1600	97
1601	85
1602	79
1603	77
1604	78
1605	94
1606	71
1607	95
1608	92
1609	64
1610	84
1611	93
1612	84
1613	83
1614	83
1615	101
1616	85
1617	72
1618	79
1619	95
1620	76
1621	112
1622	83
1623	88
1624	74
1625	80
1626	63
1627	97
1628	77
1629	68
1630	89
1631	85
1632	86
1633	88
1634	68
1635	84
1636	85
1637	65
1638	78
1639	109
1640	85
1641	93
1642	89
1643	110
1644	101
1645	83
1646	87
1647	71
1648	82
1649	91
1650	75
1651	80
1652	82
1653	76
1654	87
1655	89
1656	59
1657	92
1658	83
1659	72
1660	78
1661	93
1662	85
1663	73
1664	100
1665	82
1666	76
1667	85
1668	83
1669	77
1670	103
1671	75
1672	70
1673	87
1674	77
1675	81
1676	85
1677	89
1678	84
1679	84
1680	75
1681	96
1682	91
1683	82
1684	82
1685	86
1686	95
1687	65
1688	68
1689	95
1690	100
1691	70
1692	96
1693	63
1694	88
1695	99
1696	84
1697	76
1698	78
1699	92
1700	88
1701	82
1702	83
1703	85
1704	82
1705	92
1706	94
1707	105
1708	104
1709	78
1710	63
1711	91
1712	87
1713	90
1714	81
1715	83
1716	85
1717	100
1718	89
1719	71
1720	77
1721	82
1722	77
1723	70
1724	92
1725	98
1726	91
1727	81
1728	83
1729	82
1730	82
1731	91
1732	101
1733	76
1734	88
1735	73
1736	84
1737	77
1738	90
1739	86
1740	92
1741	90
1742	88
1743	78
1744	96
1745	80
1746	70
1747	99
1748	98
1749	86
1750	83
1751	82
1752	84
1753	77
1754	99
1755	90
1756	92
1757	86
1758	89
1759	79
1760	82
1761	93
1762	76
1763	59
1764	85
1765	81
1766	79
1767	80
1768	83
1769	96
1770	74
1771	66
1772	103
1773	103
1774	87
1775	72
1776	77
1777	92
1778	86
1779	104
1780	89
1781	83
1782	80
1783	92
1784	77
1785	79
1786	86
1787	59
1788	81
1789	101
1790	80
1791	98
1792	83
1793	88
1794	83
1795	87
1796	82
1797	74
1798	87
1799	82
1800	93
1801	91
1802	86
1803	68
1804	83
1805	95
1806	97
1807	94
1808	80
1809	110
1810	87
1811	105
1812	77
1813	90
1814	71
1815	99
1816	86
1817	83
1818	85
1819	86
1820	104
1821	82
1822	82
1823	71
1824	86
1825	102
1826	97
1827	77
1828	95
1829	76
1830	88
1831	86
1832	93
1833	80
1834	77
1835	81
1836	87
1837	85
1838	88
1839	100
1840	84
1841	79
1842	94
1843	81
1844	73
1845	95
1846	78
1847	80
1848	93
1849	77
1850	84
1851	87
1852	86
1853	101
1854	82
1855	85
1856	91
1857	81
1858	85
1859	85
1860	96
1861	87
1862	75
1863	82
1864	91
1865	74
1866	86
1867	84
1868	89
1869	93
1870	85
1871	93
1872	94
1873	92
1874	96
1875	78
1876	86
1877	98
1878	101
1879	78
1880	100
1881	97
1882	83
1883	89
1884	92
1885	80
1886	83
1887	95
1888	100
1889	88
1890	89
1891	77
1892	71
1893	82
1894	81
1895	92
1896	100
1897	92
1898	83
1899	80
1900	85
1901	99
1902	103
1903	74
1904	101
1905	88
1906	89
1907	88
1908	71
1909	84
1910	100
1911	102
1912	87
1913	93
1914	105
1915	88
1916	91
1917	94
1918	85
1919	110
1920	81
1921	87
1922	78
1923	99
1924	72
1925	106
1926	100
1927	89
1928	99
1929	99
1930	95
1931	110
1932	104
1933	82
1934	72
1935	92
1936	85
1937	90
1938	102
1939	86
1940	102
1941	79
1942	76
1943	86
1944	87
1945	106
1946	91
1947	97
1948	95
1949	68
1950	95
1951	83
1952	75
1953	92
1954	82
1955	74
1956	93
1957	74
1958	105
1959	91
1960	88
1961	95
1962	97
1963	102
1964	94
1965	89
1966	104
1967	112
1968	91
1969	107
1970	99
1971	89
1972	104
1973	91
1974	98
1975	98
1976	85
1977	95
1978	74
1979	94
1980	116
1981	105
1982	102
1983	115
1984	102
1985	94
1986	104
1987	110
1988	83
1989	113
1990	123
1991	90
1992	107
1993	96
1994	105
1995	96
1996	116
1997	111
1998	111
1999	102
2000	110
2001	99
2002	117
2003	109
2004	107
2005	94
2006	99
2007	105
2008	101
2009	97
2010	113
2011	116
2012	128
2013	132
2014	135
2015	96
2016	102
2017	103
2018	98
2019	116
2020	96
2021	104
2022	99
2023	98
2024	107
2025	135
2026	113
2027	107
2028	105
2029	128
2030	105
2031	113
2032	134
2033	117
2034	119
2035	122
2036	127
2037	116
2038	120
2039	107
2040	123
2041	119
2042	128
2043	143
2044	144
2045	123
2046	124
2047	134
2048	137
2049	135
2050	126
2051	119
2052	133
2053	144
2054	148
2055	140
2056	145
2057	143
2058	136
2059	136
2060	137
2061	130
2062	156
2063	167
2064	139
2065	130
2066	146
2067	138
2068	153
2069	148
2070	159
2071	146
2072	140
2073	161
2074	141
2075	132
2076	158
2077	147
2078	158
2079	148
2080	146
2081	168
2082	153
2083	156
2084	162
2085	165
2086	140
2087	171
2088	143
2089	178
2090	179
2091	159
2092	185
2093	156
2094	189
2095	194
2096	155
2097	174
2098	183
2099	180
2100	149
2101	166
2102	203
2103	183
2104	147
2105	182
2106	173
2107	168
2108	183
2109	197
2110	175
2111	166
2112	183
2113	192
2114	207
2115	173
2116	160
2117	176
2118	186
2119	205
2120	167
2121	198
2122	202
2123	197
2124	213
2125	221
2126	196
2127	198
2128	203
2129	179
2130	188
2131	183
2132	193
2133	218
2134	204
2135	217
2136	184
2137	198
2138	187
2139	195
2140	184
2141	190
2142	180
2143	193
2144	184
2145	182
2146	211
2147	200
2148	212
2149	180
2150	215
2151	196
2152	215
2153	189
2154	184
2155	213
2156	202
2157	214
2158	193
2159	223
2160	203
2161	198
2162	201
2163	194
2164	207
2165	193
2166	186
2167	199
2168	175
2169	221
2170	190
2171	232
2172	198
2173	198
2174	193
2175	185
2176	223
2177	195
2178	168
2179	213
2180	175
2181	206
2182	187
2183	197
2184	201
2185	207
2186	207
2187	213
2188	190
2189	188
2190	190
2191	198
2192	197
2193	192
2194	209
2195	189
2196	181
2197	193
2198	190
2199	174
2200	194
2201	167
2202	167
2203	197
2204	198
2205	186
2206	183
2207	184
2208	195
2209	181
2210	162
2211	180
2212	179
2213	168
2214	172
2215	160
2216	173
2217	178
2218	171
2219	163
2220	175
2221	158
2222	182
2223	175
2224	181
2225	152
2226	174
2227	159
2228	158
2229	155
2230	185
2231	161
2232	138
2233	163
2234	158
2235	152
2236	166
2237	157
2238	166
2239	150
2240	161
2241	144
2242	169
2243	134
2244	180
2245	141
2246	136
2247	166
2248	180
2249	128
2250	173
2251	121
2252	132
2253	127
2254	151
2255	132
2256	153
2257	137
2258	132
2259	138
2260	149
2261	121
2262	133
2263	136
2264	143
2265	146
2266	136
2267	129
2268	129
2269	152
2270	148
2271	115
2272	134
2273	136
2274	112
2275	114
2276	135
2277	122
2278	124
2279	127
2280	122
2281	131
2282	125
2283	155
2284	115
2285	118
2286	120
2287	117
2288	127
2289	122
2290	111
2291	120
2292	127
2293	116
2294	124
2295	99
2296	131
2297	118
2298	133
2299	134
2300	112
2301	125
2302	116
2303	125
2304	124
2305	122
2306	120
2307	111
2308	105
2309	114
2310	116
2311	114
2312	129
2313	107
2314	109
2315	119
2316	120
2317	115
2318	104
2319	117
2320	126
2321	119
2322	110
2323	114
2324	112
2325	92
2326	112
2327	109
2328	120
2329	102
2330	129
2331	119
2332	129
2333	121
2334	114
2335	106
2336	107
2337	106
2338	122
2339	128
2340	109
2341	107
2342	100
2343	107
2344	99
2345	113
2346	123
2347	120
2348	99
2349	110
2350	97
2351	99
2352	102
2353	109
2354	126
2355	99
2356	112
2357	113
2358	122
2359	110
2360	108
2361	133
2362	110
2363	109
2364	114
2365	105
2366	110
2367	101
2368	116
2369	100
2370	107
2371	113
2372	120
2373	121
2374	125
2375	100
2376	114
2377	128
2378	110
2379	115
2380	119
2381	111
2382	108
2383	108
2384	110
2385	111
2386	118
2387	121
2388	104
2389	112
2390	96
2391	121
2392	115
2393	130
2394	107
2395	107
2396	109
2397	104
2398	117
2399	106
2400	117
2401	117
2402	121
2403	107
2404	99
2405	127
2406	104
2407	112
2408	127
2409	99
2410	102
2411	129
2412	122
2413	131
2414	116
2415	97
2416	124
2417	100
2418	120
2419	120
2420	100
2421	108
2422	135
2423	119
2424	122
2425	121
2426	105
2427	127
2428	107
2429	124
2430	122
2431	136
2432	113
2433	108
2434	122
2435	119
2436	136
2437	120
2438	128
2439	123
2440	106
2441	131
2442	139
2443	124
2444	124
2445	130
2446	131
2447	104
2448	122
2449	133
2450	132
2451	112
2452	118
2453	109
2454	116
2455	111
2456	130
2457	136
2458	142
2459	125
2460	126
2461	132
2462	127
2463	125
2464	128
2465	137
2466	129
2467	132
2468	122
2469	111
2470	138
2471	112
2472	120
2473	134
2474	138
2475	130
2476	129
2477	125
2478	127
2479	116
2480	121
2481	123
2482	140
2483	131
2484	129
2485	145
2486	105
2487	131
2488	130
2489	118
2490	130
2491	131
2492	133
2493	141
2494	118
2495	126
2496	141
2497	125
2498	160
2499	112
2500	118
2501	133
2502	137
2503	126
2504	149
2505	138
2506	147
2507	147
2508	142
2509	138
2510	122
2511	122
2512	123
2513	162
2514	136
2515	158
2516	135
2517	116
2518	132
2519	128
2520	131
2521	156
2522	153
2523	125
2524	132
2525	128
2526	133
2527	135
2528	136
2529	131
2530	145
2531	137
2532	145
2533	129
2534	140
2535	163
2536	143
2537	154
2538	136
2539	142
2540	126
2541	157
2542	142
2543	171
2544	154
2545	152
2546	168
2547	162
2548	150
2549	174
2550	170
2551	155
2552	154
2553	154
2554	146
2555	160
2556	174
2557	165
2558	142
2559	158
2560	166
2561	172
2562	156
2563	169
2564	153
2565	196
2566	185
2567	183
2568	186
2569	194
2570	200
2571	162
2572	176
2573	179
2574	183
2575	173
2576	168
2577	173
2578	185
2579	156
2580	208
2581	154
2582	162
2583	186
2584	191
2585	215
2586	200
2587	209
2588	183
2589	211
2590	203
2591	191
2592	202
2593	176
2594	188
2595	205
2596	229
2597	240
2598	185
2599	230
2600	210
2601	211
2602	222
2603	211
2604	230
2605	227
2606	206
2607	218
2608	220
2609	233
2610	224
2611	277
2612	234
2613	248
2614	219
2615	254
2616	221
2617	236
2618	264
2619	244
2620	248
2621	253
2622	264
2623	230
2624	258
2625	277
2626	267
2627	250
2628	238
2629	259
2630	264
2631	298
2632	281
2633	254
2634	242
2635	288
2636	325
2637	293
2638	257
2639	298
2640	285
2641	284
2642	309
2643	281
2644	317
2645	315
2646	306
2647	305
2648	299
2649	295
2650	280
2651	314
2652	288
2653	309
2654	320
2655	328
2656	285
2657	359
2658	338
2659	345
2660	295
2661	296
2662	316
2663	357
2664	324
2665	353
2666	326
2667	348
2668	327
2669	364
2670	311
2671	340
2672	330
2673	330
2674	338
2675	363
2676	353
2677	341
2678	346
2679	369
2680	389
2681	360
2682	346
2683	337
2684	372
2685	377
2686	366
2687	406
2688	359
2689	374
2690	364
2691	383
2692	390
2693	388
2694	353
2695	379
2696	368
2697	402
2698	381
2699	421
2700	369
2701	399
2702	359
2703	395
2704	415
2705	393
2706	404
2707	386
2708	431
2709	396
2710	404
2711	437
2712	412
2713	413
2714	459
2715	435
2716	453
2717	406
2718	399
2719	430
2720	419
2721	460
2722	435
2723	436
2724	450
2725	424
2726	429
2727	449
2728	456
2729	462
2730	468
2731	453
2732	459
2733	439
2734	435
2735	476
2736	432
2737	436
2738	461
2739	440
2740	483
2741	435
2742	504
2743	463
2744	467
2745	480
2746	493
2747	493
2748	480
2749	484
2750	494
2751	533
2752	499
2753	516
2754	510
2755	562
2756	489
2757	510
2758	552
2759	524
2760	529
2761	555
2762	569
2763	551
2764	540
2765	557
2766	591
2767	565
2768	555
2769	602
2770	561
2771	604
2772	612
2773	566
2774	604
2775	613
2776	617
2777	631
2778	612
2779	662
2780	619
2781	690
2782	680
2783	690
2784	716
2785	715
2786	707
2787	759
2788	768
2789	741
2790	796
2791	769
2792	782
2793	834
2794	798
2795	863
2796	923
2797	871
2798	881
2799	925
2800	988
2801	1016
2802	980
2803	949
2804	999
2805	942
2806	1086
2807	1089
2808	1086
2809	1131
2810	1195
2811	1212
2812	1189
2813	1282
2814	1326
2815	1394
2816	1288
2817	1313
2818	1405
2819	1470
2820	1530
2821	1466
2822	1602
2823	1640
2824	1650
2825	1683
2826	1629
2827	1757
2828	1774
2829	1875
2830	1856
2831	2054
2832	1979
2833	2093
2834	2038
2835	2153
2836	2184
2837	2263
2838	2332
2839	2281
2840	2362
2841	2522
2842	2554
2843	2543
2844	2786
2845	2838
2846	2857
2847	3049
2848	2957
2849	3035
2850	3232
2851	3182
2852	3440
2853	3304
2854	3483
2855	3615
2856	3779
2857	3829
2858	3951
2859	3822
2860	4049
2861	4066
2862	4356
2863	4369
2864	4447
2865	4562
2866	4679
2867	4655
2868	4831
2869	5032
2870	5118
2871	5349
2872	5416
2873	5441
2874	5693
2875	5731
2876	5926
2877	6049
2878	6305
2879	6400
2880	6328
2881	6684
2882	6641
2883	6868
2884	6992
2885	7204
2886	7379
2887	7489
2888	7660
2889	7831
2890	8022
2891	8071
2892	8217
2893	8359
2894	8758
2895	8899
2896	9162
2897	9091
2898	9372
2899	9580
2900	9719
2901	9958
2902	10119
2903	10285
2904	10512
2905	10711
2906	10797
2907	11482
2908	11479
2909	11611
2910	11657
2911	12111
2912	12580
2913	12468
2914	12712
2915	13031
2916	13180
2917	13457
2918	13340
2919	13598
2920	14152
2921	14426
2922	14432
2923	14684
2924	14763
2925	15172
2926	15672
2927	15786
2928	15782
2929	16407
2930	16413
2931	16578
2932	16863
2933	17055
2934	17484
2935	17912
2936	17738
2937	17675
2938	18430
2939	18591
2940	18638
2941	19045
2942	19147
2943	19776
2944	19740
2945	20115
2946	20102
2947	20255
2948	20517
2949	21203
2950	21073
2951	21333
2952	21696
2953	21591
2954	21912
2955	22021
2956	22449
2957	22998
2958	23044
2959	23377
2960	23323
2961	23094
2962	23657
2963	24008
2964	24303
2965	24596
2966	24409
2967	24825
2968	25105
2969	25030
2970	25480
2971	25996
2972	26052
2973	26022
2974	26504
2975	26378
2976	26301
2977	26424
2978	26784
2979	26853
2980	27141
2981	27194
2982	27528
2983	27393
2984	27741
2985	27705
2986	28096
2987	27823
2988	28218
2989	28175
2990	28564
2991	28609
2992	28496
2993	28943
2994	28899
2995	28955
2996	28886
2997	28990
2998	29079
2999	29170
3000	29353
3001	29163
3002	29709
3003	29420
3004	29374
3005	29496
3006	29472
3007	29626
3008	29618
3009	29848
3010	29379
3011	29311
3012	29667
3013	29227
3014	29551
3015	29297
3016	29589
3017	29846
3018	29486
3019	29242
3020	29436
3021	29465
3022	29111
3023	29267
3024	29498
3025	28730
3026	28710
3027	29000
3028	29106
3029	28770
3030	28780
3031	28480
3032	28490
3033	28051
3034	28245
3035	28053
3036	28113
3037	27850
3038	27945
3039	27521
3040	27592
3041	27120
3042	27003
3043	26693
3044	26909
3045	26768
3046	26691
3047	26252
3048	26245
3049	25877
3050	25836
3051	25625
3052	25710
3053	24848
3054	25028
3055	24745
3056	24808
3057	24778
3058	24139
3059	23922
3060	23750
3061	23809
3062	23521
3063	23206
3064	22712
3065	22885
3066	22625
3067	22324
3068	22057
3069	21776
3070	21769
3071	21282
3072	21040
3073	20968
3074	20878
3075	20579
3076	20267
3077	19933
3078	19741
3079	19222
3080	19429
3081	19114
3082	18710
3083	18568
3084	18205
3085	18246
3086	17809
3087	17587
3088	17381
3089	17047
3090	17056
3091	16840
3092	16613
3093	16041
3094	15991
3095	15712
3096	15605
3097	15249
3098	14898
3099	14881
3100	14590
3101	14178
3102	13993
3103	13953
3104	13738
3105	13471
3106	13303
3107	12997
3108	12877
3109	12732
3110	12384
3111	12151
3112	11867
3113	11902
3114	11509
3115	11341
3116	11025
3117	10932
3118	10579
3119	10544
3120	10330
3121	10024
3122	10058
3123	9820
3124	9475
3125	9508
3126	9241
3127	9089
3128	8825
3129	8816
3130	8485
3131	8429
3132	8151
3133	7947
3134	7856
3135	7870
3136	7595
3137	7276
3138	7475
3139	7200
3140	7043
3141	6840
3142	6728
3143	6525
3144	6425
3145	6282
3146	6291
3147	6096
3148	6017
3149	5886
3150	5741
3151	5559
3152	5572
3153	5487
3154	5392
3155	5209
3156	5185
3157	5108
3158	4987
3159	4831
3160	4754
3161	4593
3162	4686
3163	4559
3164	4399
3165	4368
3166	4315
3167	4177
3168	4186
3169	4140
3170	4132
3171	3925
3172	3929
3173	3799
3174	3779
3175	3756
3176	3621
3177	3627
3178	3588
3179	3477
3180	3583
3181	3352
3182	3345
3183	3360
3184	3375
3185	3305
3186	3225
3187	3293
3188	3215
3189	3229
3190	3142
3191	3117
3192	3124
3193	2973
3194	3148
3195	3080
3196	3065
3197	3040
3198	3155
3199	2991
3200	3072
3201	3068
3202	2961
3203	3066
3204	2915
3205	3009
3206	2947
3207	3017
3208	2965
3209	3016
3210	2987
3211	2976
3212	2942
3213	3063
3214	3045
3215	3040
3216	3051
3217	3064
3218	3125
3219	3099
3220	3116
3221	3198
3222	3107
3223	3126
3224	3192
3225	3247
3226	3275
3227	3172
3228	3175
3229	3210
3230	3278
3231	3238
3232	3376
3233	3345
3234	3293
3235	3329
3236	3303
3237	3443
3238	3476
3239	3477
3240	3526
3241	3380
3242	3497
3243	3466
3244	3576
3245	3629
3246	3660
3247	3640
3248	3704
3249	3661
3250	3742
3251	3721
3252	3828
3253	3750
3254	3933
3255	3888
3256	3839
3257	3873
3258	3980
3259	3844
3260	3994
3261	4125
3262	4080
3263	3967
3264	3963
3265	4092
3266	4033
3267	4158
3268	4236
3269	4057
3270	4240
3271	4279
3272	4269
3273	4314
3274	4288
3275	4201
3276	4249
3277	4298
3278	4379
3279	4342
3280	4295
3281	4378
3282	4387
3283	4455
3284	4368
3285	4438
3286	4373
3287	4282
3288	4471
3289	4448
3290	4358
3291	4326
3292	4510
3293	4532
3294	4473
3295	4584
3296	4344
3297	4420
3298	4537
3299	4436
3300	4494
3301	4523
3302	4414
3303	4505
3304	4461
3305	4548
3306	4478
3307	4452
3308	4433
3309	4308
3310	4391
3311	4447
3312	4444
3313	4372
3314	4370
3315	4370
3316	4250
3317	4334
3318	4333
3319	4258
3320	4260
3321	4303
3322	4268
3323	4109
3324	4184
3325	4194
3326	4124
3327	4180
3328	4101
3329	4125
3330	4082
3331	4050
3332	4055
3333	4046
3334	4054
3335	4021
3336	3956
3337	3991
3338	3902
3339	3889
3340	3914
3341	3851
3342	3856
3343	3855
3344	3794
3345	3699
3346	3737
3347	3609
3348	3580
3349	3638
3350	3592
3351	3560
3352	3511
3353	3523
3354	3372
3355	3426
3356	3419
3357	3340
3358	3351
3359	3226
3360	3367
3361	3221
3362	3184
3363	3206
3364	3082
3365	3033
3366	3063
3367	3010
3368	3044
3369	2897
3370	2807
3371	2870
3372	2869
3373	2926
3374	2818
3375	2828
3376	2654
3377	2595
3378	2546
3379	2602
3380	2576
3381	2598
3382	2402
3383	2344
3384	2458
3385	2401
3386	2373
3387	2425
3388	2330
3389	2230
3390	2143
3391	2044
3392	2162
3393	2134
3394	2006
3395	1933
3396	1950
3397	1913
3398	1865
3399	1882
3400	1854
3401	1854
3402	1873
3403	1667
3404	1708
3405	1661
3406	1691
3407	1615
3408	1597
3409	1507
3410	1530
3411	1482
3412	1507
3413	1434
3414	1383
3415	1407
3416	1341
3417	1300
3418	1311
3419	1315
3420	1258
3421	1228
3422	1152
3423	1249
3424	1140
3425	1166
3426	1088
3427	1082
3428	1035
3429	1049
3430	1031
3431	922
3432	938
3433	967
3434	855
3435	850
3436	906
3437	842
3438	798
3439	777
3440	778
3441	783
3442	769
3443	732
3444	715
3445	715
3446	678
3447	662
3448	651
3449	605
3450	675
3451	584
3452	548
3453	558
3454	542
3455	514
3456	516
3457	497
3458	498
3459	443
3460	490
3461	456
3462	420
3463	457
3464	421
3465	422
3466	357
3467	382
3468	363
3469	342
3470	337
3471	358
3472	343
3473	309
3474	311
3475	301
3476	312
3477	320
3478	286
3479	277
3480	267
3481	235
3482	256
3483	262
3484	252
3485	242
3486	211
3487	210
3488	200
3489	211
3490	165
3491	185
3492	183
3493	184
3494	165
3495	165
3496	157
3497	150
3498	163
3499	149
3500	137
3501	129
3502	136
3503	121
3504	122
3505	109
3506	100
3507	117
3508	119
3509	108
3510	100
3511	103
3512	88
3513	91
3514	81
3515	77
3516	88
3517	81
3518	76
3519	81
3520	71
3521	78
3522	56
3523	68
3524	73
3525	54
3526	67
3527	42
3528	53
3529	56
3530	45
3531	30
3532	44
3533	43
3534	38
3535	39
3536	26
3537	44
3538	47
3539	24
3540	31
3541	28
3542	36
3543	19
3544	24
3545	27
3546	23
3547	26
3548	27
3549	26
3550	20
3551	16
3552	20
3553	26
3554	29
3555	6
3556	14
3557	24
3558	14
3559	19
3560	10
3561	18
3562	15
3563	11
3564	11
3565	14
3566	6
3567	16
3568	16
3569	7
3570	9
3571	14
3572	14
3573	10
3574	10
3575	15
3576	12
3577	8
3578	12
3579	9
3580	9
3581	8
3582	8
3583	6
3584	7
3585	9
3586	8
3587	11
3588	8
3589	9
3590	6
3591	5
3592	4
3593	5
3594	5
3595	9
3596	3
3597	5
3598	8
3599	2
3600	7
3601	6
3602	3
3603	6
3604	6
3605	6
3606	2
3607	1
3608	1
3609	1
3610	4
3611	2
3612	2
3613	4
3614	4
3615	2
3616	4
3617	3
3618	7
3619	7
3620	6
3621	1
3622	7
3623	6
3624	2
3625	6
3626	5
3627	4
3628	4
3629	2
3630	4
3631	4
3632	3
3633	6
3634	1
3635	4
3636	4
3637	2
3638	5
3639	4
3640	4
3641	2
3642	1
3643	4
3644	4
3645	2
3646	1
3647	4
3648	3
3649	3
3650	3
3651	1
3652	3
3653	4
3654	6
3655	3
3656	1
3657	2
3658	4
3659	3
3660	3
3661	2
3662	2
3663	0
3664	1
3665	5
3666	1
3667	4
3668	6
3669	2
3670	4
3671	3
3672	3
3673	3
3674	3
3675	3
3676	3
3677	3
3678	6
3679	2
3680	4
3681	0
3682	4
3683	1
3684	5
3685	2
3686	3
3687	4
3688	4
3689	2
3690	3
3691	4
3692	4
3693	0
3694	2
3695	3
3696	0
3697	3
3698	6
3699	2
3700	2
3701	3
3702	4
3703	3
3704	2
3705	3
3706	3
3707	1
3708	3
3709	5
3710	0
3711	2
3712	3
3713	5
3714	4
3715	5
3716	2
3717	1
3718	3
3719	6
3720	4
3721	3
3722	3
3723	2
3724	1
3725	1
3726	4
3727	5
3728	3
3729	0
3730	3
3731	1
3732	5
3733	4
3734	3
3735	4
3736	5
3737	3
3738	4
3739	6
3740	3
3741	2
3742	4
3743	3
3744	2
3745	2
3746	3
3747	1
3748	3
3749	2
3750	2
3751	5
3752	0
3753	4
3754	3
3755	4
3756	1
3757	3
3758	1
3759	1
3760	2
3761	2
3762	2
3763	3
3764	0
3765	2
3766	3
3767	2
3768	2
3769	3
3770	1
3771	3
3772	2
3773	3
3774	2
3775	3
3776	5
3777	2
3778	2
3779	3
3780	2
3781	2
3782	0
3783	4
3784	3
3785	1
3786	1
3787	2
3788	1
3789	3
3790	1
3791	5
3792	3
3793	1
3794	1
3795	1
3796	1
3797	4
3798	1
3799	1
3800	2
3801	2
3802	3
3803	2
3804	3
3805	2
3806	2
3807	4
3808	3
3809	1
3810	2
3811	1
3812	5
3813	4
3814	3
3815	0
3816	3
3817	1
3818	2
3819	5
3820	3
3821	1
3822	4
3823	2
3824	1
3825	0
3826	0
3827	3
3828	2
3829	1
3830	1
3831	0
3832	1
3833	1
3834	0
3835	0
3836	3
3837	2
3838	2
3839	2
3840	3
3841	2
3842	3
3843	1
3844	2
3845	2
3846	1
3847	2
3848	0
3849	2
3850	0
3851	0
3852	1
3853	4
3854	2
3855	1
3856	1
3857	2
3858	3
3859	2
3860	3
3861	1
3862	0
3863	3
3864	2
3865	0
3866	3
3867	0
3868	0
3869	2
3870	0
3871	0
3872	4
3873	1
3874	1
3875	1
3876	0
3877	3
3878	1
3879	3
3880	3
3881	1
3882	1
3883	0
3884	0
3885	3
3886	3
3887	3
3888	1
3889	1
3890	2
3891	4
3892	2
3893	0
3894	0
3895	2
3896	1
3897	2
3898	3
3899	1
3900	2
3901	0
3902	6
3903	1
3904	2
3905	2
3906	0
3907	0
3908	2
3909	3
3910	1
3911	3
3912	3
3913	1
3914	2
3915	6
3916	0
3917	2
3918	1
3919	3
3920	3
3921	1
3922	1
3923	0
3924	2
3925	1
3926	0
3927	4
3928	2
3929	0
3930	1
3931	5
3932	2
3933	2
3934	0
3935	2
3936	1
3937	0
3938	0
3939	1
3940	3
3941	2
3942	0
3943	3
3944	2
3945	2
3946	0
3947	2
3948	4
3949	3
3950	0
3951	0
3952	4
3953	0
3954	5
3955	2
3956	0
3957	1
3958	4
3959	4
3960	1
3961	3
3962	2
3963	2
3964	2
3965	0
3966	1
3967	0
3968	1
3969	0
3970	1
3971	2
3972	4
3973	2
3974	1
3975	2
3976	2
3977	3
3978	2
3979	1
3980	2
3981	1
3982	4
3983	0
3984	0
3985	4
3986	3
3987	0
3988	4
3989	2
3990	1
3991	2
3992	1
3993	2
3994	6
3995	1
3996	3
3997	1
3998	1
3999	0
4000	3
4001	3
4002	4
4003	0
4004	1
4005	1
4006	2
4007	3
4008	2
4009	0
4010	1
4011	1
4012	1
4013	3
4014	3
4015	0
4016	4
4017	2
4018	2
4019	1
4020	2
4021	3
4022	2
4023	1
4024	3
4025	1
4026	2
4027	2
4028	1
4029	1
4030	1
4031	2
4032	2
4033	2
4034	0
4035	1
4036	2
4037	1
4038	1
4039	3
4040	2
4041	1
4042	3
4043	3
4044	2
4045	0
4046	2
4047	2
4048	3
4049	1
4050	0
4051	1
4052	1
4053	4
4054	5
4055	3
4056	1
4057	2
4058	0
4059	3
4060	2
4061	3
4062	2
4063	0
4064	1
4065	3
4066	0
4067	0
4068	0
4069	1
4070	1
4071	0
4072	3
4073	0
4074	3
4075	3
4076	3
4077	3
4078	1
4079	1
4080	3
4081	3
4082	0
4083	3
4084	2
4085	1
4086	2
4087	2
4088	1
4089	2
4090	1
4091	2
4092	2
4093	1
4094	0
4095	2
4096	0
4097	0
4098	2
4099	0
4100	2
4101	3
4102	0
4103	1
4104	0
4105	1
4106	1
4107	3
4108	0
4109	1
4110	1
4111	4
4112	1
4113	3
4114	3
4115	2
4116	2
4117	3
4118	2
4119	1
4120	1
4121	0
4122	2
4123	0
4124	0
4125	4
4126	1
4127	0
4128	3
4129	1
4130	1
4131	1
4132	2
4133	2
4134	1
4135	2
4136	3
4137	1
4138	0
4139	2
4140	0
4141	2
4142	1
4143	1
4144	1
4145	0
4146	3
4147	2
4148	0
4149	2
4150	1
4151	0
4152	1
4153	1
4154	1
4155	0
4156	1
4157	2
4158	1
4159	3
4160	1
4161	1
4162	2
4163	0
4164	0
4165	1
4166	0
4167	0
4168	2
4169	0
4170	2
4171	0
4172	1
4173	1
4174	0
4175	2
4176	2
4177	3
4178	0
4179	3
4180	2
4181	0
4182	1
4183	1
4184	1
4185	0
4186	1
4187	0
4188	0
4189	1
4190	1
4191	2
4192	2
4193	0
4194	1
4195	1
4196	0
4197	2
4198	1
4199	0
4200	2
4201	2
4202	0
4203	1
4204	1
4205	0
4206	3
4207	0
4208	2
4209	0
4210	0
4211	0
4212	0
4213	0
4214	0
4215	1
4216	0
4217	1
4218	3
4219	4
4220	1
4221	1
4222	3
4223	2
4224	3
4225	1
4226	1
4227	0
4228	2
4229	0
4230	1
4231	0
4232	1
4233	1
4234	2
4235	2
4236	1
4237	1
4238	1
4239	1
4240	1
4241	0
4242	0
4243	0
4244	3
4245	1
4246	1
4247	1
4248	0
4249	0
4250	0
4251	0
4252	1
4253	0
4254	0
4255	1
4256	0
4257	0
4258	3
4259	1
4260	1
4261	2
4262	0
4263	1
4264	2
4265	1
4266	2
4267	1
4268	0
4269	3
4270	1
4271	1
4272	0
4273	2
4274	0
4275	1
4276	0
4277	0
4278	1
4279	0
4280	1
4281	2
4282	2
4283	3
4284	2
4285	3
4286	0
4287	4
4288	0
4289	1
4290	0
4291	2
4292	1
4293	1
4294	0
4295	0
4296	0
4297	0
4298	2
4299	0
4300	0
4301	2
4302	2
4303	2
4304	0
4305	0
4306	1
4307	0
4308	0
4309	1
4310	1
4311	2
4312	1
4313	0
4314	1
4315	1
4316	0
4317	1
4318	3
4319	2
4320	0
4321	2
4322	0
4323	1
4324	2
4325	0
4326	0
4327	0
4328	2
4329	0
4330	1
4331	1
4332	1
4333	1
4334	0
4335	0
4336	0
4337	1
4338	1
4339	0
4340	4
4341	0
4342	1
4343	0
4344	0
4345	0
4346	1
4347	0
4348	1
4349	0
4350	1
4351	1
4352	1
4353	2
4354	1
4355	0
4356	2
4357	0
4358	0
4359	1
4360	1
4361	1
4362	0
4363	1
4364	2
4365	1
4366	0
4367	2
4368	1
4369	0
4370	0
4371	1
4372	1
4373	1
4374	3
4375	1
4376	0
4377	0
4378	0
4379	4
4380	0
4381	0
4382	0
4383	0
4384	1
4385	1
4386	2
4387	0
4388	1
4389	0
4390	2
4391	0
4392	2
4393	1
4394	1
4395	0
4396	1
4397	0
4398	2
4399	0
4400	0
4401	0
4402	0
4403	1
4404	0
4405	0
4406	0
4407	0
4408	0
4409	0
4410	1
4411	3
4412	1
4413	0
4414	0
4415	0
4416	1
4417	2
4418	0
4419	0
4420	1
4421	1
4422	1
4423	0
4424	0
4425	1
4426	0
4427	2
4428	0
4429	1
4430	3
4431	3
4432	0
4433	1
4434	1
4435	1
4436	0
4437	1
4438	1
4439	0
4440	0
4441	0
4442	1
4443	1
4444	3
4445	1
4446	0
4447	0
4448	0
4449	1
4450	0
4451	0
4452	0
4453	1
4454	1
4455	3
4456	1
4457	1
4458	0
4459	0
4460	2
4461	1
4462	1
4463	3
4464	1
4465	0
4466	0
4467	1
4468	0
4469	0
4470	0
4471	0
4472	1
4473	3
4474	2
4475	1
4476	1
4477	1
4478	0
4479	2
4480	2
4481	0
4482	1
4483	2
4484	1
4485	2
4486	0
4487	1
4488	0
4489	0
4490	0
4491	4
4492	2
4493	0
4494	1
4495	0
4496	2
4497	0
4498	0
4499	0
4500	0
4501	1
4502	0
4503	1
4504	0
4505	0
4506	1
4507	1
4508	2
4509	1
4510	0
4511	1
4512	2
4513	0
4514	1
4515	1
4516	2
4517	1
4518	0
4519	0
4520	0
4521	0
4522	0
4523	2
4524	0
4525	1
4526	1
4527	0
4528	1
4529	1
4530	1
4531	0
4532	0
4533	1
4534	0
4535	0
4536	1
4537	1
4538	1
4539	1
4540	0
4541	0
4542	0
4543	1
4544	0
4545	1
4546	1
4547	0
4548	1
4549	2
4550	1
4551	0
4552	1
4553	0
4554	0
4555	1
4556	0
4557	0
4558	2
4559	1
4560	2
4561	1
4562	1
4563	0
4564	1
4565	0
4566	0
4567	0
4568	0
4569	1
4570	2
4571	0
4572	2
4573	1
4574	0
4575	1
4576	1
4577	0
4578	0
4579	1
4580	0
4581	0
4582	1
4583	2
4584	0
4585	1
4586	2
4587	0
4588	1
4589	2
4590	0
4591	1
4592	1
4593	1
4594	0
4595	0
4596	0
4597	0
4598	0
4599	1
4600	0
4601	1
4602	0
4603	1
4604	0
4605	2
4606	1
4607	0
4608	0
4609	1
4610	1
4611	0
4612	0
4613	1
4614	1
4615	2
4616	0
4617	1
4618	1
4619	2
4620	0
4621	3
4622	0
4623	0
4624	2
4625	1
4626	1
4627	2
4628	0
4629	0
4630	1
4631	0
4632	1
4633	0
4634	0
4635	0
4636	1
4637	1
4638	0
4639	2
4640	0
4641	0
4642	3
4643	0
4644	1
4645	0
4646	0
4647	0
4648	0
4649	1
4650	2
4651	0
4652	1
4653	0
4654	1
4655	2
4656	0
4657	0
4658	0
4659	0
4660	1
4661	0
4662	1
4663	0
4664	0
4665	0
4666	0
4667	2
4668	1
4669	0
4670	1
4671	0
4672	0
4673	1
4674	0
4675	0
4676	1
4677	2
4678	0
4679	1
4680	1
4681	0
4682	0
4683	0
4684	1
4685	0
4686	0
4687	1
4688	2
4689	2
4690	0
4691	1
4692	1
4693	3
4694	0
4695	0
4696	0
4697	0
4698	0
4699	0
4700	0
4701	1
4702	0
4703	2
4704	1
4705	0
4706	0
4707	0
4708	0
4709	3
4710	0
4711	1
4712	1
4713	1
4714	0
4715	1
4716	0
4717	1
4718	0
4719	0
4720	2
4721	0
4722	0
4723	0
4724	0
4725	1
4726	0
4727	0
4728	0
4729	0
4730	0
4731	0
4732	2
4733	0
4734	0
4735	0
4736	0
4737	1
4738	0
4739	1
4740	0
4741	0
4742	0
4743	0
4744	0
4745	0
4746	0
4747	0
4748	2
4749	0
4750	0
4751	0
4752	0
4753	0
4754	0
4755	0
4756	0
4757	1
4758	0
4759	1
4760	0
4761	1
4762	0
4763	1
4764	0
4765	0
4766	2
4767	0
4768	0
4769	1
4770	3
4771	0
4772	1
4773	1
4774	0
4775	0
4776	1
4777	0
4778	1
4779	0
4780	1
4781	0
4782	0
4783	0
4784	1
4785	0
4786	0
4787	0
4788	0
4789	1
4790	0
4791	1
4792	0
4793	0
4794	0
4795	2
4796	0
4797	1
4798	0
4799	0
4800	0
4801	0
4802	0
4803	0
4804	0
4805	0
4806	0
4807	0
4808	0
4809	0
4810	0
4811	2
4812	2
4813	0
4814	3
4815	0
4816	0
4817	0
4818	1
4819	1
4820	0
4821	0
4822	0
4823	0
4824	0
4825	0
4826	0
4827	1
4828	0
4829	1
4830	1
4831	0
4832	1
4833	0
4834	1
4835	1
4836	0
4837	0
4838	0
4839	0
4840	0
4841	0
4842	0
4843	1
4844	0
4845	0
4846	0
4847	0
4848	1
4849	1
4850	0
4851	0
4852	0
4853	0
4854	2
4855	0
4856	1
4857	0
4858	1
4859	0
4860	2
4861	1
4862	0
4863	0
4864	0
4865	0
4866	0
4867	0
4868	0
4869	1
4870	0
4871	0
4872	1
4873	1
4874	0
4875	0
4876	0
4877	0
4878	1
4879	0
4880	0
4881	0
4882	0
4883	0
4884	1
4885	1
4886	0
4887	1
4888	0
4889	0
4890	0
4891	0
4892	0
4893	0
4894	1
4895	0
4896	0
4897	3
4898	0
4899	0
4900	1
4901	1
4902	0
4903	0
4904	0
4905	0
4906	0
4907	0
4908	0
4909	0
4910	1
4911	0
4912	0
4913	1
4914	1
4915	0
4916	0
4917	0
4918	1
4919	0
4920	0
4921	1
4922	0
4923	2
4924	0
4925	2
4926	0
4927	0
4928	1
4929	0
4930	0
4931	1
4932	0
4933	0
4934	1
4935	1
4936	2
4937	0
4938	1
4939	0
4940	0
4941	1
4942	0
4943	3
4944	1
4945	0
4946	2
4947	0
4948	0
4949	0
4950	2
4951	0
4952	1
4953	0
4954	1
4955	1
4956	0
4957	1
4958	0
4959	1
4960	2
4961	1
4962	0
4963	0
4964	1
4965	0
4966	0
4967	2
4968	1
4969	0
4970	2
4971	0
4972	1
4973	0
4974	2
4975	1
4976	1
4977	0
4978	0
4979	0
4980	0
4981	3
4982	2
4983	1
4984	1
4985	1
4986	0
4987	1
4988	0
4989	1
4990	2
4991	0
4992	0
4993	0
4994	1
4995	0
4996	1
4997	1
4998	1
4999	1
5000	1
5001	2
5002	1
5003	1
5004	0
5005	0
5006	1
5007	2
5008	0
5009	0
5010	1
5011	1
5012	0
5013	0
5014	0
5015	1
5016	0
5017	0
5018	1
5019	2
5020	0
5021	0
5022	0
5023	0
5024	0
5025	1
5026	3
5027	1
5028	2
5029	2
5030	0
5031	1
5032	0
5033	1
5034	1
5035	0
5036	0
5037	2
5038	1
5039	2
5040	0
5041	0
5042	0
5043	1
5044	0
5045	0
5046	1
5047	2
5048	0
5049	0
5050	0
5051	0
5052	0
5053	0
5054	1
5055	0
5056	0
5057	0
5058	1
5059	2
5060	1
5061	1
5062	0
5063	0
5064	0
5065	0
5066	0
5067	0
5068	0
5069	0
5070	0
5071	0
5072	0
5073	1
5074	1
5075	0
5076	1
5077	0
5078	0
5079	2
5080	0
5081	0
5082	0
5083	0
5084	0
5085	0
5086	1
5087	0
5088	0
5089	1
5090	1
5091	1
5092	0
5093	1
5094	0
5095	0
5096	0
5097	0
5098	0
5099	0
5100	0
5101	0
5102	0
5103	0
5104	1
5105	1
5106	1
5107	2
5108	0
5109	1
5110	0
5111	0
5112	0
5113	0
5114	0
5115	1
5116	1
5117	1
5118	0
5119	0
5120	3
5121	1
5122	1
5123	0
5124	1
5125	1
5126	0
5127	1
5128	0
5129	1
5130	0
5131	0
5132	1
5133	0
5134	3
5135	0
5136	2
5137	0
5138	0
5139	1
5140	0
5141	0
5142	0
5143	2
5144	1
5145	0
5146	0
5147	2
5148	0
5149	0
5150	0
5151	1
5152	0
5153	2
5154	1
5155	3
5156	0
5157	1
5158	1
5159	0
5160	0
5161	0
5162	1
5163	0
5164	0
5165	1
5166	0
5167	0
5168	1
5169	0
5170	1
5171	1
5172	2
5173	0
5174	0
5175	0
5176	0
5177	2
5178	1
5179	1
5180	0
5181	0
5182	2
5183	0
5184	2
5185	0
5186	0
5187	1
5188	0
5189	0
5190	0
5191	0
5192	0
5193	0
5194	0
5195	0
5196	0
5197	0
5198	0
5199	1
5200	0
5201	0
5202	1
5203	1
5204	1
5205	0
5206	3
5207	0
5208	0
5209	1
5210	0
5211	0
5212	0
5213	0
5214	1
5215	0
5216	0
5217	0
5218	0
5219	0
5220	0
5221	0
5222	0
5223	0
5224	0
5225	0
5226	0
5227	0
5228	0
5229	0
5230	1
5231	0
5232	0
5233	1
5234	0
5235	0
5236	0
5237	0
5238	1
5239	0
5240	1
5241	0
5242	1
5243	0
5244	0
5245	1
5246	1
5247	0
5248	1
5249	0
5250	1
5251	0
5252	0
5253	0
5254	0
5255	1
5256	0
5257	0
5258	0
5259	0
5260	0
5261	1
5262	1
5263	0
5264	2
5265	0
5266	0
5267	2
5268	0
5269	1
5270	2
5271	1
5272	2
5273	1
5274	1
5275	0
5276	0
5277	0
5278	0
5279	0
5280	1
5281	0
5282	0
5283	0
5284	1
5285	0
5286	0
5287	0
5288	0
5289	0
5290	0
5291	0
5292	0
5293	0
5294	1
5295	2
5296	0
5297	0
5298	1
5299	0
5300	0
5301	2
5302	0
5303	0
5304	1
5305	0
5306	0
5307	3
5308	0
5309	1
5310	0
5311	1
5312	0
5313	0
5314	0
5315	0
5316	0
5317	1
5318	0
5319	0
5320	0
5321	0
5322	0
5323	1
5324	2
5325	0
5326	0
5327	0
5328	1
5329	2
5330	0
5331	0
5332	1
5333	0
5334	2
5335	0
5336	0
5337	0
5338	2
5339	0
5340	2
5341	1
5342	0
5343	1
5344	0
5345	1
5346	1
5347	0
5348	0
5349	0
5350	0
5351	0
5352	1
5353	2
5354	0
5355	0
5356	0
5357	0
5358	0
5359	1
5360	0
5361	1
5362	0
5363	0
5364	0
5365	0
5366	0
5367	0
5368	0
5369	0
5370	0
5371	1
5372	0
5373	0
5374	0
5375	2
5376	0
5377	1
5378	0
5379	0
5380	1
5381	0
5382	0
5383	1
5384	0
5385	0
5386	0
5387	1
5388	0
5389	1
5390	0
5391	0
5392	0
5393	0
5394	0
5395	1
5396	0
5397	0
5398	0
5399	1
5400	0
5401	0
5402	1
5403	1
5404	0
5405	0
5406	0
5407	0
5408	1
5409	0
5410	0
5411	0
5412	0
5413	0
5414	2
5415	0
5416	1
5417	0
5418	0
5419	0
5420	1
5421	0
5422	1
5423	1
5424	0
5425	0
5426	0
5427	0
5428	0
5429	0
5430	0
5431	1
5432	0
5433	0
5434	0
5435	1
5436	1
5437	0
5438	1
5439	1
5440	1
5441	0
5442	2
5443	1
5444	1
5445	1
5446	0
5447	1
5448	0
5449	2
5450	1
5451	0
5452	1
5453	1
5454	0
5455	2
5456	0
5457	1
5458	0
5459	0
5460	0
5461	0
5462	0
5463	0
5464	0
5465	0
5466	1
5467	0
5468	0
5469	0
5470	1
5471	2
5472	0
5473	3
5474	1
5475	1
5476	1
5477	0
5478	0
5479	0
5480	0
5481	2
5482	0
5483	1
5484	0
5485	0
5486	1
5487	0
5488	0
5489	0
5490	1
5491	0
5492	0
5493	0
5494	0
5495	0
5496	0
5497	1
5498	0
5499	0
5500	0
5501	1
5502	1
5503	0
5504	0
5505	1
5506	0
5507	1
5508	0
5509	0
5510	0
5511	0
5512	1
5513	1
5514	0
5515	0
5516	0
5517	1
5518	0
5519	1
5520	0
5521	1
5522	0
5523	0
5524	1
5525	0
5526	2
5527	0
5528	0
5529	0
5530	0
5531	0
5532	0
5533	0
5534	1
5535	0
5536	2
5537	2
5538	0
5539	1
5540	0
5541	0
5542	0
5543	1
5544	0
5545	0
5546	0
5547	0
5548	0
5549	0
5550	0
5551	0
5552	0
5553	1
5554	1
5555	0
5556	1
5557	0
5558	0
5559	1
5560	0
5561	0
5562	1
5563	0
5564	0
5565	2
5566	0
5567	1
5568	1
5569	1
5570	1
5571	0
5572	0
5573	1
5574	1
5575	0
5576	0
5577	0
5578	1
5579	0
5580	1
5581	2
5582	0
5583	1
5584	0
5585	0
5586	0
5587	1
5588	0
5589	0
5590	2
5591	0
5592	1
5593	0
5594	1
5595	0
5596	0
5597	0
5598	0
5599	0
5600	1
5601	0
5602	1
5603	1
5604	1
5605	1
5606	0
5607	1
5608	1
5609	0
5610	0
5611	1
5612	1
5613	2
5614	1
5615	0
5616	1
5617	0
5618	1
5619	2
5620	2
5621	0
5622	0
5623	0
5624	0
5625	2
5626	0
5627	3
5628	0
5629	1
5630	0
5631	1
5632	0
5633	0
5634	0
5635	1
5636	2
5637	0
5638	0
5639	2
5640	1
5641	2
5642	0
5643	1
5644	2
5645	0
5646	0
5647	0
5648	0
5649	2
5650	0
5651	1
5652	0
5653	0
5654	0
5655	0
5656	1
5657	1
5658	0
5659	2
5660	3
5661	0
5662	0
5663	1
5664	3
5665	2
5666	2
5667	1
5668	3
5669	1
5670	1
5671	1
5672	1
5673	1
5674	2
5675	1
5676	1
5677	3
5678	1
5679	1
5680	2
5681	1
5682	3
5683	1
5684	1
5685	1
5686	2
5687	1
5688	2
5689	0
5690	1
5691	3
5692	0
5693	1
5694	3
5695	2
5696	0
5697	2
5698	1
5699	1
5700	0
5701	1
5702	2
5703	1
5704	3
5705	1
5706	0
5707	1
5708	1
5709	2
5710	4
5711	1
5712	1
5713	1
5714	3
5715	3
5716	4
5717	3
5718	1
5719	1
5720	2
5721	4
5722	2
5723	1
5724	2
5725	3
5726	2
5727	2
5728	0
5729	1
5730	2
5731	6
5732	3
5733	1
5734	4
5735	3
5736	7
5737	2
5738	1
5739	6
5740	4
5741	1
5742	3
5743	3
5744	5
5745	3
5746	4
5747	5
5748	8
5749	4
5750	4
5751	2
5752	3
5753	4
5754	5
5755	8
5756	8
5757	4
5758	4
5759	4
5760	2
5761	6
5762	8
5763	2
5764	7
5765	7
5766	3
5767	2
5768	11
5769	10
5770	9
5771	10
5772	5
5773	10
5774	6
5775	12
5776	5
5777	7
5778	3
5779	12
5780	9
5781	6
5782	8
5783	10
5784	7
5785	11
5786	10
5787	5
5788	11
5789	13
5790	6
5791	13
5792	16
5793	9
5794	4
5795	12
5796	8
5797	9
5798	16
5799	5
5800	8
5801	16
5802	11
5803	4
5804	12
5805	10
5806	12
5807	12
5808	8
5809	12
5810	18
5811	16
5812	11
5813	18
5814	13
5815	14
5816	16
5817	15
5818	16
5819	17
5820	9
5821	12
5822	16
5823	14
5824	25
5825	15
5826	22
5827	15
5828	16
5829	15
5830	18
5831	11
5832	15
5833	13
5834	10
5835	19
5836	17
5837	11
5838	11
5839	11
5840	14
5841	9
5842	19
5843	15
5844	10
5845	18
5846	16
5847	23
5848	15
5849	18
5850	19
5851	7
5852	13
5853	15
5854	21
5855	20
5856	13
5857	20
5858	15
5859	20
5860	22
5861	20
5862	16
5863	23
5864	21
5865	12
5866	13
5867	13
5868	20
5869	27
5870	21
5871	18
5872	14
5873	21
5874	18
5875	23
5876	17
5877	21
5878	19
5879	13
5880	19
5881	8
5882	14
5883	29
5884	18
5885	9
5886	19
5887	9
5888	15
5889	20
5890	22
5891	22
5892	20
5893	21
5894	18
5895	22
5896	16
5897	24
5898	20
5899	13
5900	18
5901	18
5902	15
5903	19
5904	16
5905	17
5906	18
5907	31
5908	16
5909	16
5910	13
5911	24
5912	23
5913	16
5914	23
5915	23
5916	13
5917	22
5918	13
5919	17
5920	15
5921	15
5922	14
5923	12
5924	11
5925	13
5926	17
5927	15
5928	13
5929	11
5930	13
5931	13
5932	24
5933	13
5934	9
5935	19
5936	13
5937	14
5938	9
5939	11
5940	15
5941	14
5942	16
5943	14
5944	9
5945	10
5946	18
5947	14
5948	16
5949	11
5950	10
5951	12
5952	15
5953	9
5954	22
5955	14
5956	12
5957	10
5958	6
5959	13
5960	15
5961	15
5962	10
5963	12
5964	13
5965	22
5966	3
5967	10
5968	7
5969	14
5970	11
5971	15
5972	5
5973	13
5974	9
5975	8
5976	13
5977	8
5978	9
5979	9
5980	6
5981	11
5982	5
5983	12
5984	8
5985	6
5986	10
5987	9
5988	6
5989	10
5990	18
5991	6
5992	8
5993	6
5994	9
5995	9
5996	7
5997	6
5998	6
5999	8
6000	11
6001	6
6002	2
6003	8
6004	7
6005	8
6006	7
6007	8
6008	6
6009	8
6010	8
6011	9
6012	11
6013	9
6014	2
6015	9
6016	5
6017	6
6018	8
6019	11
6020	4
6021	5
6022	7
6023	9
6024	3
6025	7
6026	8
6027	8
6028	3
6029	3
6030	5
6031	6
6032	4
6033	5
6034	4
6035	4
6036	5
6037	3
6038	6
6039	4
6040	4
6041	5
6042	3
6043	3
6044	5
6045	6
6046	3
6047	6
6048	3
6049	3
6050	0
6051	4
6052	6
6053	3
6054	2
6055	6
6056	4
6057	8
6058	5
6059	3
6060	3
6061	5
6062	7
6063	5
6064	3
6065	5
6066	8
6067	5
6068	3
6069	2
6070	4
6071	4
6072	4
6073	4
6074	5
6075	1
6076	1
6077	4
6078	3
6079	4
6080	4
6081	1
6082	2
6083	4
6084	1
6085	4
6086	2
6087	3
6088	6
6089	5
6090	7
6091	6
6092	3
6093	7
6094	7
6095	2
6096	4
6097	1
6098	7
6099	2
6100	7
6101	7
6102	10
6103	4
6104	6
6105	8
6106	4
6107	6
6108	6
6109	6
6110	4
6111	8
6112	8
6113	9
6114	7
6115	6
6116	6
6117	4
6118	8
6119	5
6120	6
6121	4
6122	4
6123	7
6124	4
6125	11
6126	4
6127	3
6128	8
6129	4
6130	6
6131	2
6132	6
6133	3
6134	2
6135	3
6136	4
6137	4
6138	6
6139	4
6140	7
6141	6
6142	6
6143	6
6144	11
6145	9
6146	38
6147	84
6148	142
6149	164
6150	155
6151	79
6152	62
6153	51
6154	45
6155	25
6156	40
6157	93
6158	73
6159	40
6160	10
6161	0
6162	0
6163	0
6164	0
6165	0
6166	0
6167	0
6168	0
6169	0
6170	0
6171	0
6172	0
6173	0
6174	0
6175	0
6176	0
6177	0
6178	0
6179	0
6180	0
6181	0
6182	0
6183	0
6184	0
6185	0
6186	0
6187	0
6188	0
6189	0
6190	0
6191	0
6192	0
6193	0
6194	0
6195	0
6196	0
6197	0
6198	0
6199	0
6200	0
6201	0
6202	0
6203	0
6204	0
6205	0
6206	0
6207	0
6208	0
6209	0
6210	0
6211	0
6212	0
6213	0
6214	0
6215	0
6216	0
6217	0
6218	0
6219	0
6220	0
6221	0
6222	0
6223	0
6224	0
6225	0
6226	0
6227	0
6228	0
6229	0
6230	0
6231	0
6232	0
6233	0
6234	0
6235	0
6236	0
6237	0
6238	0
6239	0
6240	0
6241	0
6242	0
6243	0
6244	0
6245	0
6246	0
6247	0
6248	0
6249	0
6250	0
6251	0
6252	0
6253	0
6254	0
6255	0
6256	0
6257	0
6258	0
6259	0
6260	0
6261	0
6262	0
6263	0
6264	0
6265	0
6266	0
6267	0
6268	0
6269	0
6270	0
6271	0
6272	0
6273	0
6274	0
6275	0
6276	0
6277	0
6278	0
6279	0
6280	0
6281	0
6282	0
6283	0
6284	0
6285	0
6286	0
6287	0
6288	0
6289	0
6290	0
6291	0
6292	0
6293	0
6294	0
6295	0
6296	0
6297	0
6298	0
6299	0
6300	0
6301	0
6302	0
6303	0
6304	0
6305	0
6306	0
6307	0
6308	0
6309	0
6310	0
6311	0
6312	0
6313	0
6314	0
6315	0
6316	0
6317	0
6318	0
6319	0
6320	0
6321	0
6322	0
6323	0
6324	0
6325	0
6326	0
6327	0
6328	0
6329	0
6330	0
6331	0
6332	0
6333	0
6334	0
6335	0
6336	0
6337	0
6338	0
6339	0
6340	0
6341	0
6342	0
6343	0
6344	0
6345	0
6346	0
6347	0
6348	0
6349	0
6350	0
6351	0
6352	0
6353	0
6354	0
6355	0
6356	0
6357	0
6358	0
6359	0
6360	0
6361	0
6362	0
6363	0
6364	0
6365	0
6366	0
6367	0
6368	0
6369	0
6370	0
6371	0
6372	0
6373	0
6374	0
6375	0
6376	0
6377	0
6378	0
6379	0
6380	0
6381	0
6382	0
6383	0
6384	0
6385	0
6386	0
6387	0
6388	0
6389	0
6390	0
6391	0
6392	0
6393	0
6394	0
6395	0
6396	0
6397	0
6398	0
6399	0
6400	0
6401	0
6402	0
6403	0
6404	0
6405	0
6406	0
6407	0
6408	0
6409	0
6410	0
6411	0
6412	0
6413	0
6414	0
6415	0
6416	0
6417	0
6418	0
6419	0
6420	0
6421	0
6422	0
6423	0
6424	0
6425	0
6426	0
6427	0
6428	0
6429	0
6430	0
6431	0
6432	0
6433	0
6434	0
6435	0
6436	0
6437	0
6438	0
6439	0
6440	0
6441	0
6442	0
6443	0
6444	0
6445	0
6446	0
6447	0
6448	0
6449	0
6450	0
6451	0
6452	0
6453	0
6454	0
6455	0
6456	0
6457	0
6458	0
6459	0
6460	0
6461	0
6462	0
6463	0
6464	0
6465	0
6466	0
6467	0
6468	0
6469	0
6470	0
6471	0
6472	0
6473	0
6474	0
6475	0
6476	0
6477	0
6478	0
6479	0
6480	0
6481	0
6482	0
6483	0
6484	0
6485	0
6486	0
6487	0
6488	0
6489	0
6490	0
6491	0
6492	0
6493	0
6494	0
6495	0
6496	0
6497	0
6498	0
6499	0
6500	0
6501	0
6502	0
6503	0
6504	0
6505	0
6506	0
6507	0
6508	0
6509	0
6510	0
6511	0
6512	0
6513	0
6514	0
6515	0
6516	0
6517	0
6518	0
6519	0
6520	0
6521	0
6522	0
6523	0
6524	0
6525	0
6526	0
6527	0
6528	0
6529	0
6530	0
6531	0
6532	0
6533	0
6534	0
6535	0
6536	0
6537	0
6538	0
6539	0
6540	0
6541	0
6542	0
6543	0
6544	0
6545	0
6546	0
6547	0
6548	0
6549	0
6550	0
6551	0
6552	0
6553	0
6554	0
6555	0
6556	0
6557	0
6558	0
6559	0
6560	0
6561	0
6562	0
6563	0
6564	0
6565	0
6566	0
6567	0
6568	0
6569	0
6570	0
6571	0
6572	0
6573	0
6574	0
6575	0
6576	0
6577	0
6578	0
6579	0
6580	0
6581	0
6582	0
6583	0
6584	0
6585	0
6586	0
6587	0
6588	0
6589	0
6590	0
6591	0
6592	0
6593	0
6594	0
6595	0
6596	0
6597	0
6598	0
6599	0
6600	0
6601	0
6602	0
6603	0
6604	0
6605	0
6606	0
6607	0
6608	0
6609	0
6610	0
6611	0
6612	0
6613	0
6614	0
6615	0
6616	0
6617	0
6618	0
6619	0
6620	0
6621	0
6622	0
6623	0
6624	0
6625	0
6626	0
6627	0
6628	0
6629	0
6630	0
6631	0
6632	0
6633	0
6634	0
6635	0
6636	0
6637	0
6638	0
6639	0
6640	0
6641	0
6642	0
6643	0
6644	0
6645	0
6646	0
6647	0
6648	0
6649	0
6650	0
6651	0
6652	0
6653	0
6654	0
6655	0
6656	0
6657	0
6658	0
6659	0
6660	0
6661	0
6662	0
6663	0
6664	0
6665	0
6666	0
6667	0
6668	0
6669	0
6670	0
6671	0
6672	0
6673	0
6674	0
6675	0
6676	0
6677	0
6678	0
6679	0
6680	0
6681	0
6682	0
6683	0
6684	0
6685	0
6686	0
6687	0
6688	0
6689	0
6690	0
6691	0
6692	0
6693	0
6694	0
6695	0
6696	0
6697	0
6698	0
6699	0
6700	0
6701	0
6702	0
6703	0
6704	0
6705	0
6706	0
6707	0
6708	0
6709	0
6710	0
6711	0
6712	0
6713	0
6714	0
6715	0
6716	0
6717	0
6718	0
6719	0
6720	0
6721	0
6722	0
6723	0
6724	0
6725	0
6726	0
6727	0
6728	0
6729	0
6730	0
6731	0
6732	0
6733	0
6734	0
6735	0
6736	0
6737	0
6738	0
6739	0
6740	0
6741	0
6742	0
6743	0
6744	0
6745	0
6746	0
6747	0
6748	0
6749	0
6750	0
6751	0
6752	0
6753	0
6754	0
6755	0
6756	0
6757	0
6758	0
6759	0
6760	0
6761	0
6762	0
6763	0
6764	0
6765	0
6766	0
6767	0
6768	0
6769	0
6770	0
6771	0
6772	0
6773	0
6774	0
6775	0
6776	0
6777	0
6778	0
6779	0
6780	0
6781	0
6782	0
6783	0
6784	0
6785	0
6786	0
6787	0
6788	0
6789	0
6790	0
6791	0
6792	0
6793	0
6794	0
6795	0
6796	0
6797	0
6798	0
6799	0
6800	0
6801	0
6802	0
6803	0
6804	0
6805	0
6806	0
6807	0
6808	0
6809	0
6810	0
6811	0
6812	0
6813	0
6814	0
6815	0
6816	0
6817	0
6818	0
6819	0
6820	0
6821	0
6822	0
6823	0
6824	0
6825	0
6826	0
6827	0
6828	0
6829	0
6830	0
6831	0
6832	0
6833	0
6834	0
6835	0
6836	0
6837	0
6838	0
6839	0
6840	0
6841	0
6842	0
6843	0
6844	0
6845	0
6846	0
6847	0
6848	0
6849	0
6850	0
6851	0
6852	0
6853	0
6854	0
6855	0
6856	0
6857	0
6858	0
6859	0
6860	0
6861	0
6862	0
6863	0
6864	0
6865	0
6866	0
6867	0
6868	0
6869	0
6870	0
6871	0
6872	0
6873	0
6874	0
6875	0
6876	0
6877	0
6878	0
6879	0
6880	0
6881	0
6882	0
6883	0
6884	0
6885	0
6886	0
6887	0
6888	0
6889	0
6890	0
6891	0
6892	0
6893	0
6894	0
6895	0
6896	0
6897	0
6898	0
6899	0
6900	0
6901	0
6902	0
6903	0
6904	0
6905	0
6906	0
6907	0
6908	0
6909	0
6910	0
6911	0
6912	0
6913	0
6914	0
6915	0
6916	0
6917	0
6918	0
6919	0
6920	0
6921	0
6922	0
6923	0
6924	0
6925	0
6926	0
6927	0
6928	0
6929	0
6930	0
6931	0
6932	0
6933	0
6934	0
6935	0
6936	0
6937	0
6938	0
6939	0
6940	0
6941	0
6942	0
6943	0
6944	0
6945	0
6946	0
6947	0
6948	0
6949	0
6950	0
6951	0
6952	0
6953	0
6954	0
6955	0
6956	0
6957	0
6958	0
6959	0
6960	0
6961	0
6962	0
6963	0
6964	0
6965	0
6966	0
6967	0
6968	0
6969	0
6970	0
6971	0
6972	0
6973	0
6974	0
6975	0
6976	0
6977	0
6978	0
6979	0
6980	0
6981	0
6982	0
6983	0
6984	0
6985	0
6986	0
6987	0
6988	0
6989	0
6990	0
6991	0
6992	0
6993	0
6994	0
6995	0
6996	0
6997	0
6998	0
6999	0
7000	0
7001	0
7002	0
7003	0
7004	0
7005	0
7006	0
7007	0
7008	0
7009	0
7010	0
7011	0
7012	0
7013	0
7014	0
7015	0
7016	0
7017	0
7018	0
7019	0
7020	0
7021	0
7022	0
7023	0
7024	0
7025	0
7026	0
7027	0
7028	0
7029	0
7030	0
7031	0
7032	0
7033	0
7034	0
7035	0
7036	0
7037	0
7038	0
7039	0
7040	0
7041	0
7042	0
7043	0
7044	0
7045	0
7046	0
7047	0
7048	0
7049	0
7050	0
7051	0
7052	0
7053	0
7054	0
7055	0
7056	0
7057	0
7058	0
7059	0
7060	0
7061	0
7062	0
7063	0
7064	0
7065	0
7066	0
7067	0
7068	0
7069	0
7070	0
7071	0
7072	0
7073	0
7074	0
7075	0
7076	0
7077	0
7078	0
7079	0
7080	0
7081	0
7082	0
7083	0
7084	0
7085	0
7086	0
7087	0
7088	0
7089	0
7090	0
7091	0
7092	0
7093	0
7094	0
7095	0
7096	0
7097	0
7098	0
7099	0
7100	0
7101	0
7102	0
7103	0
7104	0
7105	0
7106	0
7107	0
7108	0
7109	0
7110	0
7111	0
7112	0
7113	0
7114	0
7115	0
7116	0
7117	0
7118	0
7119	0
7120	0
7121	0
7122	0
7123	0
7124	0
7125	0
7126	0
7127	0
7128	0
7129	0
7130	0
7131	0
7132	0
7133	0
7134	0
7135	0
7136	0
7137	0
7138	0
7139	0
7140	0
7141	0
7142	0
7143	0
7144	0
7145	0
7146	0
7147	0
7148	0
7149	0
7150	0
7151	0
7152	0
7153	0
7154	0
7155	0
7156	0
7157	0
7158	0
7159	0
7160	0
7161	0
7162	0
7163	0
7164	0
7165	0
7166	0
7167	0
7168	0
7169	0
7170	0
7171	0
7172	0
7173	0
7174	0
7175	0
7176	0
7177	0
7178	0
7179	0
7180	0
7181	0
7182	0
7183	0
7184	0
7185	0
7186	0
7187	0
7188	0
7189	0
7190	0
7191	0
7192	0
7193	0
7194	0
7195	0
7196	0
7197	0
7198	0
7199	0
7200	0
7201	0
7202	0
7203	0
7204	0
7205	0
7206	0
7207	0
7208	0
7209	0
7210	0
7211	0
7212	0
7213	0
7214	0
7215	0
7216	0
7217	0
7218	0
7219	0
7220	0
7221	0
7222	0
7223	0
7224	0
7225	0
7226	0
7227	0
7228	0
7229	0
7230	0
7231	0
7232	0
7233	0
7234	0
7235	0
7236	0
7237	0
7238	0
7239	0
7240	0
7241	0
7242	0
7243	0
7244	0
7245	0
7246	0
7247	0
7248	0
7249	0
7250	0
7251	0
7252	0
7253	0
7254	0
7255	0
7256	0
7257	0
7258	0
7259	0
7260	0
7261	0
7262	0
7263	0
7264	0
7265	0
7266	0
7267	0
7268	0
7269	0
7270	0
7271	0
7272	0
7273	0
7274	0
7275	0
7276	0
7277	0
7278	0
7279	0
7280	0
7281	0
7282	0
7283	0
7284	0
7285	0
7286	0
7287	0
7288	0
7289	0
7290	0
7291	0
7292	0
7293	0
7294	0
7295	0
7296	0
7297	0
7298	0
7299	0
7300	0
7301	0
7302	0
7303	0
7304	0
7305	0
7306	0
7307	0
7308	0
7309	0
7310	0
7311	0
7312	0
7313	0
7314	0
7315	0
7316	0
7317	0
7318	0
7319	0
7320	0
7321	0
7322	0
7323	0
7324	0
7325	0
7326	0
7327	0
7328	0
7329	0
7330	0
7331	0
7332	0
7333	0
7334	0
7335	0
7336	0
7337	0
7338	0
7339	0
7340	0
7341	0
7342	0
7343	0
7344	0
7345	0
7346	0
7347	0
7348	0
7349	0
7350	0
7351	0
7352	0
7353	0
7354	0
7355	0
7356	0
7357	0
7358	0
7359	0
7360	0
7361	0
7362	0
7363	0
7364	0
7365	0
7366	0
7367	0
7368	0
7369	0
7370	0
7371	0
7372	0
7373	0
7374	0
7375	0
7376	0
7377	0
7378	0
7379	0
7380	0
7381	0
7382	0
7383	0
7384	0
7385	0
7386	0
7387	0
7388	0
7389	0
7390	0
7391	0
7392	0
7393	0
7394	0
7395	0
7396	0
7397	0
7398	0
7399	0
7400	0
7401	0
7402	0
7403	0
7404	0
7405	0
7406	0
7407	0
7408	0
7409	0
7410	0
7411	0
7412	0
7413	0
7414	0
7415	0
7416	0
7417	0
7418	0
7419	0
7420	0
7421	0
7422	0
7423	0
7424	0
7425	0
7426	0
7427	0
7428	0
7429	0
7430	0
7431	0
7432	0
7433	0
7434	0
7435	0
7436	0
7437	0
7438	0
7439	0
7440	0
7441	0
7442	0
7443	0
7444	0
7445	0
7446	0
7447	0
7448	0
7449	0
7450	0
7451	0
7452	0
7453	0
7454	0
7455	0
7456	0
7457	0
7458	0
7459	0
7460	0
7461	0
7462	0
7463	0
7464	0
7465	0
7466	0
7467	0
7468	0
7469	0
7470	0
7471	0
7472	0
7473	0
7474	0
7475	0
7476	0
7477	0
7478	0
7479	0
7480	0
7481	0
7482	0
7483	0
7484	0
7485	0
7486	0
7487	0
7488	0
7489	0
7490	0
7491	0
7492	0
7493	0
7494	0
7495	0
7496	0
7497	0
7498	0
7499	0
7500	0
7501	0
7502	0
7503	0
7504	0
7505	0
7506	0
7507	0
7508	0
7509	0
7510	0
7511	0
7512	0
7513	0
7514	0
7515	0
7516	0
7517	0
7518	0
7519	0
7520	0
7521	0
7522	0
7523	0
7524	0
7525	0
7526	0
7527	0
7528	0
7529	0
7530	0
7531	0
7532	0
7533	0
7534	0
7535	0
7536	0
7537	0
7538	0
7539	0
7540	0
7541	0
7542	0
7543	0
7544	0
7545	0
7546	0
7547	0
7548	0
7549	0
7550	0
7551	0
7552	0
7553	0
7554	0
7555	0
7556	0
7557	0
7558	0
7559	0
7560	0
7561	0
7562	0
7563	0
7564	0
7565	0
7566	0
7567	0
7568	0
7569	0
7570	0
7571	0
7572	0
7573	0
7574	0
7575	0
7576	0
7577	0
7578	0
7579	0
7580	0
7581	0
7582	0
7583	0
7584	0
7585	0
7586	0
7587	0
7588	0
7589	0
7590	0
7591	0
7592	0
7593	0
7594	0
7595	0
7596	0
7597	0
7598	0
7599	0
7600	0
7601	0
7602	0
7603	0
7604	0
7605	0
7606	0
7607	0
7608	0
7609	0
7610	0
7611	0
7612	0
7613	0
7614	0
7615	0
7616	0
7617	0
7618	0
7619	0
7620	0
7621	0
7622	0
7623	0
7624	0
7625	0
7626	0
7627	0
7628	0
7629	0
7630	0
7631	0
7632	0
7633	0
7634	0
7635	0
7636	0
7637	0
7638	0
7639	0
7640	0
7641	0
7642	0
7643	0
7644	0
7645	0
7646	0
7647	0
7648	0
7649	0
7650	0
7651	0
7652	0
7653	0
7654	0
7655	0
7656	0
7657	0
7658	0
7659	0
7660	0
7661	0
7662	0
7663	0
7664	0
7665	0
7666	0
7667	0
7668	0
7669	0
7670	0
7671	0
7672	0
7673	0
7674	0
7675	0
7676	0
7677	0
7678	0
7679	0
7680	0
7681	0
7682	0
7683	0
7684	0
7685	0
7686	0
7687	0
7688	0
7689	0
7690	0
7691	0
7692	0
7693	0
7694	0
7695	0
7696	0
7697	0
7698	0
7699	0
7700	0
7701	0
7702	0
7703	0
7704	0
7705	0
7706	0
7707	0
7708	0
7709	0
7710	0
7711	0
7712	0
7713	0
7714	0
7715	0
7716	0
7717	0
7718	0
7719	0
7720	0
7721	0
7722	0
7723	0
7724	0
7725	0
7726	0
7727	0
7728	0
7729	0
7730	0
7731	0
7732	0
7733	0
7734	0
7735	0
7736	0
7737	0
7738	0
7739	0
7740	0
7741	0
7742	0
7743	0
7744	0
7745	0
7746	0
7747	0
7748	0
7749	0
7750	0
7751	0
7752	0
7753	0
7754	0
7755	0
7756	0
7757	0
7758	0
7759	0
7760	0
7761	0
7762	0
7763	0
7764	0
7765	0
7766	0
7767	0
7768	0
7769	0
7770	0
7771	0
7772	0
7773	0
7774	0
7775	0
7776	0
7777	0
7778	0
7779	0
7780	0
7781	0
7782	0
7783	0
7784	0
7785	0
7786	0
7787	0
7788	0
7789	0
7790	0
7791	0
7792	0
7793	0
7794	0
7795	0
7796	0
7797	0
7798	0
7799	0
7800	0
7801	0
7802	0
7803	0
7804	0
7805	0
7806	0
7807	0
7808	0
7809	0
7810	0
7811	0
7812	0
7813	0
7814	0
7815	0
7816	0
7817	0
7818	0
7819	0
7820	0
7821	0
7822	0
7823	0
7824	0
7825	0
7826	0
7827	0
7828	0
7829	0
7830	0
7831	0
7832	0
7833	0
7834	0
7835	0
7836	0
7837	0
7838	0
7839	0
7840	0
7841	0
7842	0
7843	0
7844	0
7845	0
7846	0
7847	0
7848	0
7849	0
7850	0
7851	0
7852	0
7853	0
7854	0
7855	0
7856	0
7857	0
7858	0
7859	0
7860	0
7861	0
7862	0
7863	0
7864	0
7865	0
7866	0
7867	0
7868	0
7869	0
7870	0
7871	0
7872	0
7873	0
7874	0
7875	0
7876	0
7877	0
7878	0
7879	0
7880	0
7881	0
7882	0
7883	0
7884	0
7885	0
7886	0
7887	0
7888	0
7889	0
7890	0
7891	0
7892	0
7893	0
7894	0
7895	0
7896	0
7897	0
7898	0
7899	0
7900	0
7901	0
7902	0
7903	0
7904	0
7905	0
7906	0
7907	0
7908	0
7909	0
7910	0
7911	0
7912	0
7913	0
7914	0
7915	0
7916	0
7917	0
7918	0
7919	0
7920	0
7921	0
7922	0
7923	0
7924	0
7925	0
7926	0
7927	0
7928	0
7929	0
7930	0
7931	0
7932	0
7933	0
7934	0
7935	0
7936	0
7937	0
7938	0
7939	0
7940	0
7941	0
7942	0
7943	0
7944	0
7945	0
7946	0
7947	0
7948	0
7949	0
7950	0
7951	0
7952	0
7953	0
7954	0
7955	0
7956	0
7957	0
7958	0
7959	0
7960	0
7961	0
7962	0
7963	0
7964	0
7965	0
7966	0
7967	0
7968	0
7969	0
7970	0
7971	0
7972	0
7973	0
7974	0
7975	0
7976	0
7977	0
7978	0
7979	0
7980	0
7981	0
7982	0
7983	0
7984	0
7985	0
7986	0
7987	0
7988	0
7989	0
7990	0
7991	0
7992	0
7993	0
7994	0
7995	0
7996	0
7997	0
7998	0
7999	0
8000	0
8001	0
8002	0
8003	0
8004	0
8005	0
8006	0
8007	0
8008	0
8009	0
8010	0
8011	0
8012	0
8013	0
8014	0
8015	0
8016	0
8017	0
8018	0
8019	0
8020	0
8021	0
8022	0
8023	0
8024	0
8025	0
8026	0
8027	0
8028	0
8029	0
8030	0
8031	0
8032	0
8033	0
8034	0
8035	0
8036	0
8037	0
8038	0
8039	0
8040	0
8041	0
8042	0
8043	0
8044	0
8045	0
8046	0
8047	0
8048	0
8049	0
8050	0
8051	0
8052	0
8053	0
8054	0
8055	0
8056	0
8057	0
8058	0
8059	0
8060	0
8061	0
8062	0
8063	0
8064	0
8065	0
8066	0
8067	0
8068	0
8069	0
8070	0
8071	0
8072	0
8073	0
8074	0
8075	0
8076	0
8077	0
8078	0
8079	0
8080	0
8081	0
8082	0
8083	0
8084	0
8085	0
8086	0
8087	0
8088	0
8089	0
8090	0
8091	0
8092	0
8093	0
8094	0
8095	0
8096	0
8097	0
8098	0
8099	0
8100	0
8101	0
8102	0
8103	0
8104	0
8105	0
8106	0
8107	0
8108	0
8109	0
8110	0
8111	0
8112	0
8113	0
8114	0
8115	0
8116	0
8117	0
8118	0
8119	0
8120	0
8121	0
8122	0
8123	0
8124	0
8125	0
8126	0
8127	0
8128	0
8129	0
8130	0
8131	0
8132	0
8133	0
8134	0
8135	0
8136	0
8137	0
8138	0
8139	0
8140	0
8141	0
8142	0
8143	0
8144	0
8145	0
8146	0
8147	0
8148	0
8149	0
8150	0
8151	0
8152	0
8153	0
8154	0
8155	0
8156	0
8157	0
8158	0
8159	0
8160	0
8161	0
8162	0
8163	0
8164	0
8165	0
8166	0
8167	0
8168	0
8169	0
8170	0
8171	0
8172	0
8173	0
8174	0
8175	0
8176	0
8177	0
8178	0
8179	0
8180	0
8181	0
8182	0
8183	0
8184	0
8185	0
8186	0
8187	0
8188	0
8189	0
8190	0
8191	0
