0	0
1	0
2	0
3	0
4	0
5	0
6	0
7	0
8	0
9	0
10	0
11	0
12	0
13	0
14	0
15	0
16	0
17	0
18	0
19	0
20	0
21	0
22	0
23	0
24	0
25	0
26	0
27	0
28	0
29	0
30	0
31	0
32	0
33	0
34	0
35	0
36	0
37	0
38	0
39	0
40	0
41	0
42	0
43	0
44	0
45	0
46	0
47	0
48	0
49	0
50	0
51	0
52	0
53	0
54	0
55	0
56	0
57	0
58	0
59	0
60	0
61	0
62	0
63	0
64	0
65	0
66	0
67	0
68	0
69	0
70	0
71	0
72	0
73	0
74	0
75	0
76	0
77	0
78	0
79	0
80	0
81	0
82	0
83	0
84	0
85	0
86	0
87	0
88	0
89	0
90	0
91	0
92	0
93	0
94	0
95	0
96	0
97	0
98	0
99	0
100	0
101	0
102	0
103	0
104	0
105	0
106	0
107	0
108	0
109	0
110	0
111	0
112	0
113	0
114	0
115	0
116	0
117	0
118	0
119	0
120	0
121	0
122	0
123	0
124	0
125	0
126	0
127	0
128	0
129	0
130	0
131	0
132	0
133	0
134	0
135	0
136	0
137	0
138	0
139	0
140	0
141	0
142	0
143	0
144	0
145	0
146	0
147	0
148	0
149	0
150	0
151	0
152	0
153	0
154	0
155	0
156	0
157	0
158	0
159	0
160	0
161	0
162	0
163	0
164	0
165	0
166	0
167	0
168	0
169	0
170	0
171	0
172	0
173	0
174	0
175	0
176	0
177	0
178	0
179	0
180	0
181	0
182	0
183	0
184	0
185	0
186	0
187	0
188	0
189	0
190	0
191	0
192	0
193	0
194	0
195	0
196	0
197	0
198	0
199	0
200	0
201	0
202	0
203	0
204	0
205	0
206	0
207	0
208	0
209	0
210	0
211	0
212	0
213	0
214	0
215	0
216	0
217	0
218	0
219	0
220	0
221	0
222	0
223	0
224	0
225	0
226	0
227	0
228	0
229	0
230	0
231	0
232	0
233	0
234	0
235	0
236	0
237	0
238	0
239	0
240	0
241	0
242	0
243	0
244	0
245	0
246	0
247	0
248	0
249	0
250	0
251	0
252	0
253	0
254	0
255	0
256	0
257	0
258	0
259	0
260	0
261	0
262	0
263	0
264	0
265	0
266	0
267	0
268	0
269	0
270	0
271	0
272	0
273	0
274	0
275	0
276	0
277	0
278	0
279	0
280	0
281	0
282	0
283	0
284	0
285	0
286	0
287	0
288	0
289	0
290	0
291	0
292	0
293	0
294	0
295	0
296	0
297	0
298	0
299	0
300	0
301	0
302	0
303	0
304	0
305	0
306	0
307	0
308	0
309	0
310	0
311	0
312	0
313	0
314	0
315	0
316	0
317	0
318	0
319	0
320	0
321	0
322	0
323	0
324	0
325	0
326	0
327	0
328	0
329	0
330	0
331	0
332	0
333	0
334	0
335	0
336	0
337	0
338	0
339	0
340	0
341	0
342	0
343	0
344	0
345	0
346	0
347	0
348	0
349	0
350	0
351	0
352	0
353	0
354	0
355	0
356	0
357	0
358	0
359	0
360	0
361	0
362	0
363	0
364	0
365	0
366	0
367	0
368	0
369	0
370	0
371	0
372	0
373	0
374	0
375	0
376	0
377	0
378	0
379	0
380	0
381	0
382	0
383	0
384	0
385	0
386	0
387	0
388	0
389	0
390	0
391	0
392	0
393	0
394	0
395	0
396	0
397	0
398	0
399	0
400	0
401	0
402	0
403	0
404	0
405	0
406	0
407	0
408	0
409	0
410	0
411	0
412	0
413	0
414	0
415	0
416	0
417	0
418	0
419	0
420	0
421	0
422	0
423	0
424	0
425	0
426	0
427	0
428	0
429	0
430	0
431	0
432	0
433	0
434	0
435	0
436	0
437	0
438	0
439	0
440	0
441	0
442	0
443	0
444	0
445	0
446	0
447	0
448	0
449	0
450	0
451	0
452	0
453	0
454	0
455	0
456	0
457	0
458	0
459	0
460	0
461	0
462	0
463	0
464	0
465	0
466	0
467	0
468	0
469	0
470	0
471	0
472	0
473	0
474	0
475	0
476	0
477	0
478	0
479	0
480	0
481	0
482	0
483	0
484	0
485	0
486	0
487	0
488	0
489	0
490	0
491	0
492	0
493	0
494	0
495	0
496	0
497	0
498	0
499	0
500	0
501	0
502	0
503	0
504	0
505	0
506	0
507	0
508	0
509	0
510	0
511	0
512	0
513	0
514	0
515	0
516	0
517	0
518	0
519	0
520	0
521	0
522	0
523	0
524	0
525	0
526	0
527	0
528	0
529	0
530	0
531	0
532	0
533	0
534	0
535	0
536	0
537	0
538	0
539	0
540	0
541	1
542	4
543	20
544	18
545	24
546	40
547	29
548	42
549	37
550	39
551	42
552	30
553	45
554	27
555	37
556	42
557	35
558	36
559	33
560	33
561	39
562	34
563	30
564	38
565	39
566	33
567	26
568	33
569	30
570	37
571	49
572	28
573	43
574	27
575	27
576	40
577	40
578	44
579	31
580	37
581	38
582	25
583	37
584	27
585	29
586	29
587	31
588	37
589	43
590	30
591	38
592	41
593	48
594	33
595	30
596	40
597	33
598	32
599	37
600	34
601	27
602	32
603	25
604	41
605	27
606	45
607	28
608	33
609	39
610	33
611	36
612	30
613	28
614	29
615	44
616	30
617	45
618	38
619	41
620	44
621	27
622	33
623	31
624	44
625	41
626	38
627	38
628	32
629	41
630	27
631	29
632	33
633	31
634	42
635	43
636	24
637	30
638	31
639	31
640	31
641	34
642	33
643	28
644	21
645	34
646	23
647	36
648	40
649	37
650	19
651	30
652	45
653	28
654	39
655	37
656	33
657	37
658	28
659	29
660	35
661	36
662	45
663	44
664	39
665	25
666	35
667	33
668	36
669	36
670	37
671	36
672	46
673	32
674	28
675	30
676	24
677	19
678	40
679	35
680	37
681	27
682	33
683	38
684	32
685	31
686	35
687	23
688	23
689	39
690	28
691	27
692	36
693	34
694	26
695	32
696	31
697	30
698	39
699	32
700	33
701	34
702	31
703	37
704	38
705	35
706	28
707	20
708	28
709	28
710	33
711	56
712	36
713	26
714	34
715	35
716	31
717	33
718	32
719	38
720	35
721	32
722	24
723	36
724	26
725	36
726	37
727	30
728	33
729	37
730	34
731	28
732	46
733	38
734	28
735	32
736	37
737	28
738	22
739	33
740	34
741	29
742	30
743	23
744	31
745	36
746	36
747	37
748	23
749	34
750	45
751	33
752	40
753	36
754	43
755	31
756	37
757	19
758	31
759	38
760	44
761	28
762	30
763	20
764	36
765	39
766	34
767	28
768	30
769	36
770	33
771	31
772	30
773	32
774	23
775	26
776	30
777	20
778	35
779	38
780	33
781	29
782	26
783	39
784	35
785	26
786	38
787	33
788	48
789	33
790	39
791	25
792	39
793	34
794	41
795	35
796	28
797	35
798	35
799	35
800	28
801	29
802	35
803	41
804	33
805	32
806	37
807	39
808	33
809	32
810	37
811	37
812	26
813	33
814	34
815	29
816	27
817	36
818	35
819	30
820	33
821	34
822	29
823	31
824	34
825	38
826	29
827	28
828	24
829	27
830	26
831	33
832	24
833	27
834	43
835	35
836	28
837	29
838	34
839	21
840	36
841	46
842	41
843	32
844	31
845	29
846	34
847	41
848	38
849	34
850	39
851	27
852	30
853	38
854	30
855	31
856	46
857	28
858	38
859	37
860	37
861	40
862	36
863	34
864	35
865	33
866	39
867	36
868	31
869	28
870	28
871	27
872	26
873	36
874	37
875	24
876	37
877	25
878	33
879	35
880	35
881	28
882	33
883	31
884	37
885	33
886	44
887	19
888	27
889	34
890	43
891	35
892	35
893	45
894	34
895	33
896	25
897	28
898	26
899	30
900	29
901	29
902	40
903	33
904	38
905	43
906	32
907	41
908	28
909	39
910	22
911	31
912	32
913	40
914	38
915	38
916	23
917	31
918	41
919	35
920	32
921	34
922	28
923	31
924	39
925	33
926	42
927	26
928	37
929	25
930	35
931	42
932	37
933	30
934	21
935	25
936	28
937	31
938	30
939	32
940	36
941	36
942	32
943	31
944	24
945	35
946	30
947	41
948	32
949	24
950	29
951	27
952	41
953	40
954	25
955	29
956	28
957	39
958	34
959	32
960	26
961	34
962	40
963	28
964	36
965	33
966	36
967	39
968	32
969	36
970	35
971	29
972	35
973	34
974	31
975	45
976	31
977	30
978	32
979	29
980	29
981	24
982	29
983	32
984	23
985	25
986	40
987	41
988	31
989	33
990	30
991	29
992	29
993	32
994	23
995	28
996	28
997	37
998	35
999	31
1000	32
1001	40
1002	29
1003	24
1004	30
1005	32
1006	35
1007	23
1008	30
1009	33
1010	37
1011	32
1012	35
1013	31
1014	40
1015	30
1016	29
1017	30
1018	32
1019	29
1020	31
1021	36
1022	36
1023	33
1024	31
1025	39
1026	34
1027	30
1028	28
1029	39
1030	39
1031	32
1032	30
1033	30
1034	38
1035	38
1036	21
1037	34
1038	32
1039	35
1040	30
1041	39
1042	36
1043	35
1044	33
1045	22
1046	41
1047	31
1048	28
1049	25
1050	23
1051	28
1052	28
1053	26
1054	37
1055	25
1056	44
1057	31
1058	35
1059	28
1060	36
1061	31
1062	31
1063	29
1064	28
1065	33
1066	28
1067	32
1068	31
1069	37
1070	36
1071	36
1072	39
1073	34
1074	26
1075	33
1076	36
1077	30
1078	34
1079	27
1080	40
1081	33
1082	25
1083	41
1084	18
1085	29
1086	27
1087	28
1088	44
1089	28
1090	34
1091	31
1092	34
1093	30
1094	42
1095	46
1096	22
1097	32
1098	43
1099	37
1100	42
1101	46
1102	49
1103	23
1104	24
1105	38
1106	32
1107	24
1108	41
1109	24
1110	32
1111	28
1112	43
1113	32
1114	36
1115	28
1116	38
1117	40
1118	45
1119	22
1120	28
1121	29
1122	32
1123	35
1124	41
1125	28
1126	29
1127	43
1128	28
1129	22
1130	28
1131	36
1132	26
1133	32
1134	29
1135	20
1136	37
1137	32
1138	43
1139	19
1140	27
1141	45
1142	41
1143	22
1144	42
1145	34
1146	26
1147	26
1148	35
1149	32
1150	38
1151	32
1152	35
1153	33
1154	40
1155	40
1156	33
1157	36
1158	28
1159	37
1160	32
1161	37
1162	25
1163	34
1164	31
1165	32
1166	29
1167	40
1168	32
1169	33
1170	28
1171	26
1172	28
1173	41
1174	34
1175	31
1176	38
1177	30
1178	28
1179	39
1180	25
1181	30
1182	32
1183	26
1184	24
1185	40
1186	31
1187	33
1188	27
1189	33
1190	33
1191	39
1192	38
1193	29
1194	32
1195	37
1196	34
1197	30
1198	37
1199	39
1200	30
1201	44
1202	42
1203	39
1204	32
1205	31
1206	27
1207	27
1208	32
1209	29
1210	32
1211	36
1212	41
1213	34
1214	24
1215	30
1216	35
1217	24
1218	33
1219	24
1220	35
1221	23
1222	24
1223	31
1224	32
1225	31
1226	43
1227	38
1228	44
1229	30
1230	33
1231	40
1232	35
1233	22
1234	33
1235	37
1236	27
1237	45
1238	26
1239	34
1240	39
1241	34
1242	32
1243	37
1244	37
1245	34
1246	44
1247	29
1248	28
1249	29
1250	21
1251	41
1252	31
1253	36
1254	44
1255	37
1256	40
1257	37
1258	26
1259	35
1260	28
1261	41
1262	36
1263	29
1264	33
1265	42
1266	29
1267	41
1268	24
1269	30
1270	25
1271	30
1272	29
1273	31
1274	27
1275	28
1276	48
1277	32
1278	44
1279	33
1280	39
1281	40
1282	26
1283	36
1284	36
1285	31
1286	31
1287	30
1288	29
1289	41
1290	29
1291	30
1292	36
1293	26
1294	31
1295	28
1296	33
1297	31
1298	38
1299	32
1300	35
1301	40
1302	24
1303	43
1304	35
1305	42
1306	40
1307	32
1308	42
1309	27
1310	32
1311	32
1312	39
1313	34
1314	35
1315	36
1316	32
1317	34
1318	37
1319	32
1320	41
1321	31
1322	28
1323	31
1324	40
1325	26
1326	51
1327	28
1328	41
1329	41
1330	23
1331	38
1332	37
1333	33
1334	34
1335	37
1336	41
1337	31
1338	26
1339	31
1340	36
1341	38
1342	34
1343	35
1344	26
1345	31
1346	25
1347	27
1348	25
1349	38
1350	27
1351	31
1352	27
1353	23
1354	30
1355	39
1356	37
1357	21
1358	25
1359	34
1360	37
1361	30
1362	44
1363	29
1364	41
1365	39
1366	49
1367	39
1368	44
1369	20
1370	36
1371	36
1372	33
1373	32
1374	35
1375	34
1376	35
1377	23
1378	31
1379	35
1380	41
1381	49
1382	28
1383	35
1384	31
1385	31
1386	33
1387	27
1388	35
1389	34
1390	29
1391	27
1392	34
1393	31
1394	28
1395	34
1396	36
1397	26
1398	38
1399	31
1400	30
1401	37
1402	29
1403	28
1404	42
1405	26
1406	33
1407	35
1408	29
1409	31
1410	30
1411	37
1412	28
1413	28
1414	32
1415	25
1416	43
1417	33
1418	32
1419	32
1420	34
1421	30
1422	35
1423	37
1424	39
1425	30
1426	31
1427	32
1428	37
1429	37
1430	28
1431	36
1432	31
1433	33
1434	35
1435	28
1436	22
1437	30
1438	40
1439	29
1440	35
1441	42
1442	44
1443	32
1444	42
1445	29
1446	35
1447	20
1448	36
1449	30
1450	38
1451	30
1452	52
1453	28
1454	35
1455	28
1456	27
1457	24
1458	33
1459	48
1460	37
1461	30
1462	35
1463	36
1464	43
1465	29
1466	23
1467	32
1468	39
1469	38
1470	34
1471	24
1472	36
1473	38
1474	31
1475	46
1476	33
1477	32
1478	38
1479	36
1480	37
1481	29
1482	38
1483	32
1484	28
1485	36
1486	35
1487	35
1488	21
1489	33
1490	34
1491	38
1492	42
1493	35
1494	38
1495	32
1496	32
1497	36
1498	38
1499	32
1500	34
1501	39
1502	32
1503	34
1504	25
1505	25
1506	32
1507	31
1508	32
1509	35
1510	32
1511	25
1512	30
1513	25
1514	25
1515	36
1516	44
1517	42
1518	35
1519	45
1520	38
1521	34
1522	26
1523	34
1524	23
1525	37
1526	30
1527	30
1528	38
1529	35
1530	36
1531	35
1532	34
1533	39
1534	29
1535	27
1536	36
1537	37
1538	29
1539	41
1540	20
1541	36
1542	53
1543	33
1544	28
1545	31
1546	22
1547	36
1548	28
1549	36
1550	31
1551	37
1552	35
1553	33
1554	34
1555	32
1556	39
1557	42
1558	32
1559	34
1560	37
1561	28
1562	23
1563	39
1564	35
1565	26
1566	36
1567	34
1568	41
1569	35
1570	34
1571	42
1572	42
1573	34
1574	36
1575	41
1576	35
1577	32
1578	37
1579	34
1580	35
1581	31
1582	25
1583	33
1584	38
1585	47
1586	22
1587	29
1588	37
1589	18
1590	35
1591	37
1592	33
1593	40
1594	41
1595	34
1596	27
1597	40
1598	42
1599	44
1600	22
1601	23
1602	36
1603	34
1604	26
1605	39
1606	30
1607	33
1608	32
1609	24
1610	31
1611	35
1612	25
1613	29
1614	39
1615	31
1616	35
1617	39
1618	32
1619	28
1620	32
1621	31
1622	41
1623	36
1624	36
1625	39
1626	38
1627	27
1628	28
1629	27
1630	34
1631	31
1632	27
1633	29
1634	35
1635	42
1636	36
1637	29
1638	28
1639	30
1640	38
1641	32
1642	44
1643	38
1644	33
1645	39
1646	38
1647	42
1648	29
1649	26
1650	36
1651	29
1652	32
1653	31
1654	40
1655	41
1656	36
1657	34
1658	42
1659	39
1660	38
1661	31
1662	32
1663	47
1664	29
1665	35
1666	25
1667	33
1668	23
1669	43
1670	37
1671	40
1672	28
1673	39
1674	39
1675	29
1676	28
1677	37
1678	36
1679	24
1680	28
1681	29
1682	29
1683	32
1684	28
1685	37
1686	38
1687	35
1688	28
1689	34
1690	21
1691	28
1692	39
1693	34
1694	36
1695	32
1696	32
1697	31
1698	31
1699	48
1700	28
1701	39
1702	40
1703	35
1704	46
1705	29
1706	38
1707	46
1708	30
1709	43
1710	28
1711	30
1712	28
1713	34
1714	24
1715	27
1716	42
1717	26
1718	41
1719	36
1720	31
1721	30
1722	36
1723	43
1724	33
1725	36
1726	40
1727	33
1728	29
1729	37
1730	29
1731	29
1732	42
1733	29
1734	35
1735	22
1736	35
1737	32
1738	30
1739	32
1740	31
1741	42
1742	47
1743	37
1744	25
1745	36
1746	35
1747	28
1748	30
1749	34
1750	32
1751	27
1752	25
1753	30
1754	33
1755	29
1756	29
1757	39
1758	32
1759	28
1760	35
1761	27
1762	45
1763	29
1764	37
1765	34
1766	27
1767	23
1768	36
1769	29
1770	40
1771	26
1772	30
1773	24
1774	20
1775	25
1776	21
1777	33
1778	28
1779	30
1780	28
1781	35
1782	35
1783	23
1784	28
1785	31
1786	33
1787	39
1788	33
1789	32
1790	34
1791	25
1792	37
1793	37
1794	35
1795	31
1796	24
1797	33
1798	35
1799	28
1800	36
1801	32
1802	23
1803	42
1804	33
1805	32
1806	30
1807	38
1808	30
1809	33
1810	46
1811	33
1812	28
1813	35
1814	27
1815	30
1816	30
1817	38
1818	35
1819	35
1820	40
1821	32
1822	40
1823	37
1824	41
1825	37
1826	27
1827	41
1828	40
1829	37
1830	21
1831	38
1832	37
1833	42
1834	22
1835	38
1836	35
1837	42
1838	32
1839	29
1840	27
1841	24
1842	37
1843	36
1844	28
1845	30
1846	37
1847	44
1848	33
1849	31
1850	36
1851	27
1852	32
1853	24
1854	31
1855	37
1856	36
1857	28
1858	32
1859	28
1860	28
1861	33
1862	33
1863	28
1864	38
1865	40
1866	37
1867	38
1868	37
1869	30
1870	39
1871	25
1872	36
1873	27
1874	31
1875	33
1876	42
1877	39
1878	27
1879	37
1880	34
1881	34
1882	36
1883	32
1884	37
1885	37
1886	36
1887	33
1888	22
1889	31
1890	46
1891	40
1892	39
1893	42
1894	40
1895	35
1896	35
1897	41
1898	40
1899	30
1900	31
1901	44
1902	35
1903	27
1904	26
1905	42
1906	38
1907	35
1908	27
1909	36
1910	30
1911	33
1912	33
1913	22
1914	35
1915	38
1916	43
1917	45
1918	32
1919	34
1920	32
1921	42
1922	37
1923	35
1924	30
1925	46
1926	31
1927	42
1928	36
1929	34
1930	33
1931	43
1932	34
1933	32
1934	34
1935	39
1936	35
1937	35
1938	38
1939	32
1940	36
1941	34
1942	28
1943	38
1944	33
1945	31
1946	33
1947	39
1948	37
1949	42
1950	38
1951	40
1952	37
1953	34
1954	36
1955	46
1956	38
1957	39
1958	28
1959	28
1960	37
1961	38
1962	29
1963	40
1964	34
1965	29
1966	46
1967	52
1968	36
1969	45
1970	42
1971	41
1972	42
1973	30
1974	38
1975	30
1976	43
1977	48
1978	47
1979	37
1980	41
1981	35
1982	38
1983	36
1984	39
1985	42
1986	44
1987	44
1988	44
1989	38
1990	39
1991	39
1992	37
1993	29
1994	27
1995	43
1996	48
1997	52
1998	28
1999	44
2000	40
2001	46
2002	46
2003	44
2004	46
2005	33
2006	35
2007	46
2008	33
2009	42
2010	40
2011	44
2012	44
2013	47
2014	38
2015	53
2016	37
2017	47
2018	51
2019	36
2020	50
2021	42
2022	48
2023	52
2024	45
2025	43
2026	52
2027	57
2028	31
2029	51
2030	46
2031	42
2032	38
2033	54
2034	36
2035	32
2036	59
2037	49
2038	42
2039	49
2040	38
2041	47
2042	44
2043	42
2044	38
2045	43
2046	55
2047	53
2048	57
2049	37
2050	47
2051	45
2052	53
2053	54
2054	66
2055	53
2056	48
2057	40
2058	60
2059	59
2060	64
2061	65
2062	54
2063	59
2064	61
2065	67
2066	50
2067	53
2068	55
2069	74
2070	65
2071	49
2072	60
2073	71
2074	60
2075	60
2076	55
2077	67
2078	60
2079	50
2080	62
2081	58
2082	57
2083	62
2084	66
2085	50
2086	76
2087	71
2088	55
2089	76
2090	60
2091	63
2092	73
2093	57
2094	56
2095	64
2096	65
2097	68
2098	56
2099	79
2100	71
2101	90
2102	55
2103	68
2104	67
2105	77
2106	55
2107	74
2108	66
2109	62
2110	68
2111	81
2112	68
2113	75
2114	92
2115	73
2116	84
2117	71
2118	69
2119	80
2120	60
2121	69
2122	74
2123	73
2124	67
2125	69
2126	66
2127	90
2128	67
2129	84
2130	84
2131	71
2132	75
2133	79
2134	70
2135	83
2136	89
2137	88
2138	85
2139	102
2140	70
2141	66
2142	68
2143	71
2144	71
2145	75
2146	75
2147	88
2148	73
2149	73
2150	71
2151	81
2152	78
2153	93
2154	65
2155	89
2156	82
2157	89
2158	80
2159	94
2160	72
2161	80
2162	59
2163	70
2164	92
2165	70
2166	87
2167	78
2168	78
2169	80
2170	82
2171	72
2172	80
2173	83
2174	69
2175	80
2176	97
2177	76
2178	78
2179	80
2180	76
2181	82
2182	82
2183	78
2184	59
2185	79
2186	76
2187	71
2188	85
2189	63
2190	69
2191	83
2192	78
2193	79
2194	77
2195	76
2196	72
2197	90
2198	76
2199	65
2200	80
2201	66
2202	57
2203	71
2204	69
2205	71
2206	64
2207	63
2208	60
2209	88
2210	59
2211	68
2212	70
2213	68
2214	54
2215	87
2216	83
2217	68
2218	62
2219	66
2220	73
2221	64
2222	80
2223	73
2224	66
2225	63
2226	67
2227	70
2228	59
2229	61
2230	71
2231	62
2232	58
2233	71
2234	56
2235	57
2236	53
2237	51
2238	54
2239	62
2240	68
2241	59
2242	63
2243	64
2244	64
2245	60
2246	52
2247	51
2248	64
2249	46
2250	61
2251	52
2252	56
2253	71
2254	48
2255	48
2256	60
2257	64
2258	47
2259	60
2260	57
2261	59
2262	61
2263	52
2264	54
2265	61
2266	55
2267	50
2268	40
2269	49
2270	47
2271	63
2272	49
2273	59
2274	55
2275	50
2276	47
2277	52
2278	51
2279	60
2280	55
2281	56
2282	58
2283	44
2284	54
2285	45
2286	55
2287	57
2288	48
2289	44
2290	50
2291	62
2292	42
2293	44
2294	52
2295	57
2296	50
2297	49
2298	45
2299	45
2300	59
2301	40
2302	35
2303	37
2304	45
2305	53
2306	52
2307	54
2308	52
2309	57
2310	46
2311	40
2312	57
2313	45
2314	52
2315	46
2316	35
2317	54
2318	62
2319	39
2320	42
2321	41
2322	38
2323	44
2324	44
2325	44
2326	52
2327	50
2328	40
2329	42
2330	44
2331	47
2332	45
2333	34
2334	35
2335	33
2336	39
2337	29
2338	39
2339	43
2340	46
2341	45
2342	38
2343	48
2344	44
2345	46
2346	34
2347	37
2348	31
2349	45
2350	40
2351	59
2352	39
2353	52
2354	36
2355	48
2356	38
2357	40
2358	47
2359	32
2360	39
2361	47
2362	46
2363	41
2364	52
2365	48
2366	42
2367	49
2368	43
2369	47
2370	56
2371	40
2372	47
2373	42
2374	50
2375	47
2376	57
2377	45
2378	55
2379	44
2380	43
2381	44
2382	40
2383	44
2384	47
2385	36
2386	46
2387	33
2388	42
2389	48
2390	46
2391	50
2392	35
2393	38
2394	40
2395	42
2396	53
2397	50
2398	49
2399	51
2400	47
2401	55
2402	45
2403	42
2404	43
2405	44
2406	47
2407	49
2408	42
2409	46
2410	39
2411	33
2412	60
2413	45
2414	44
2415	42
2416	48
2417	53
2418	42
2419	43
2420	45
2421	37
2422	49
2423	44
2424	56
2425	36
2426	42
2427	50
2428	37
2429	45
2430	54
2431	39
2432	43
2433	56
2434	50
2435	42
2436	44
2437	37
2438	58
2439	60
2440	55
2441	60
2442	69
2443	46
2444	51
2445	67
2446	47
2447	50
2448	58
2449	53
2450	54
2451	41
2452	43
2453	48
2454	55
2455	49
2456	47
2457	58
2458	42
2459	41
2460	57
2461	54
2462	47
2463	43
2464	55
2465	54
2466	42
2467	48
2468	47
2469	65
2470	46
2471	53
2472	58
2473	40
2474	56
2475	50
2476	42
2477	57
2478	47
2479	39
2480	47
2481	45
2482	47
2483	55
2484	44
2485	38
2486	50
2487	50
2488	56
2489	44
2490	57
2491	44
2492	38
2493	43
2494	52
2495	63
2496	55
2497	56
2498	58
2499	61
2500	52
2501	63
2502	55
2503	51
2504	48
2505	53
2506	51
2507	40
2508	51
2509	45
2510	56
2511	49
2512	61
2513	50
2514	60
2515	42
2516	49
2517	50
2518	65
2519	40
2520	45
2521	67
2522	46
2523	59
2524	55
2525	63
2526	57
2527	49
2528	68
2529	63
2530	71
2531	61
2532	62
2533	59
2534	56
2535	55
2536	67
2537	46
2538	68
2539	59
2540	47
2541	57
2542	77
2543	64
2544	55
2545	70
2546	70
2547	55
2548	59
2549	66
2550	70
2551	56
2552	65
2553	56
2554	67
2555	53
2556	69
2557	45
2558	71
2559	79
2560	55
2561	62
2562	62
2563	63
2564	58
2565	66
2566	79
2567	71
2568	63
2569	76
2570	59
2571	69
2572	60
2573	50
2574	90
2575	75
2576	79
2577	67
2578	68
2579	61
2580	89
2581	65
2582	69
2583	90
2584	68
2585	68
2586	78
2587	69
2588	68
2589	63
2590	64
2591	76
2592	70
2593	80
2594	98
2595	96
2596	82
2597	96
2598	91
2599	82
2600	74
2601	83
2602	84
2603	95
2604	93
2605	96
2606	96
2607	77
2608	94
2609	83
2610	107
2611	98
2612	94
2613	94
2614	96
2615	82
2616	99
2617	81
2618	93
2619	99
2620	104
2621	89
2622	103
2623	96
2624	102
2625	113
2626	97
2627	97
2628	122
2629	105
2630	111
2631	90
2632	113
2633	99
2634	94
2635	101
2636	115
2637	106
2638	83
2639	108
2640	92
2641	110
2642	118
2643	134
2644	129
2645	108
2646	108
2647	97
2648	112
2649	115
2650	115
2651	111
2652	117
2653	128
2654	127
2655	119
2656	131
2657	132
2658	123
2659	128
2660	124
2661	119
2662	108
2663	113
2664	129
2665	144
2666	132
2667	144
2668	122
2669	144
2670	126
2671	147
2672	142
2673	123
2674	121
2675	145
2676	115
2677	135
2678	152
2679	131
2680	145
2681	153
2682	127
2683	145
2684	139
2685	127
2686	155
2687	137
2688	146
2689	155
2690	155
2691	145
2692	126
2693	156
2694	154
2695	155
2696	158
2697	144
2698	148
2699	141
2700	158
2701	141
2702	155
2703	170
2704	150
2705	152
2706	171
2707	152
2708	147
2709	163
2710	156
2711	167
2712	156
2713	157
2714	158
2715	184
2716	156
2717	165
2718	161
2719	165
2720	169
2721	161
2722	157
2723	164
2724	184
2725	171
2726	173
2727	179
2728	171
2729	178
2730	183
2731	174
2732	184
2733	166
2734	173
2735	181
2736	221
2737	192
2738	164
2739	172
2740	177
2741	167
2742	190
2743	167
2744	152
2745	171
2746	207
2747	193
2748	166
2749	182
2750	194
2751	202
2752	179
2753	197
2754	188
2755	211
2756	197
2757	179
2758	226
2759	211
2760	202
2761	207
2762	216
2763	228
2764	195
2765	237
2766	221
2767	218
2768	236
2769	208
2770	240
2771	233
2772	226
2773	232
2774	202
2775	262
2776	225
2777	255
2778	243
2779	246
2780	283
2781	252
2782	284
2783	284
2784	271
2785	279
2786	281
2787	274
2788	308
2789	327
2790	292
2791	274
2792	310
2793	375
2794	304
2795	384
2796	367
2797	351
2798	340
2799	350
2800	386
2801	361
2802	361
2803	410
2804	431
2805	395
2806	449
2807	463
2808	450
2809	444
2810	430
2811	444
2812	466
2813	466
2814	484
2815	513
2816	564
2817	534
2818	542
2819	525
2820	602
2821	613
2822	578
2823	627
2824	659
2825	628
2826	634
2827	668
2828	706
2829	706
2830	787
2831	712
2832	715
2833	764
2834	808
2835	860
2836	832
2837	875
2838	952
2839	922
2840	955
2841	1016
2842	1030
2843	1035
2844	1063
2845	1062
2846	1140
2847	1132
2848	1198
2849	1234
2850	1202
2851	1214
2852	1269
2853	1249
2854	1318
2855	1359
2856	1424
2857	1455
2858	1468
2859	1492
2860	1595
2861	1597
2862	1674
2863	1678
2864	1706
2865	1705
2866	1847
2867	1803
2868	1867
2869	1979
2870	2023
2871	2019
2872	2108
2873	2232
2874	2247
2875	2199
2876	2340
2877	2338
2878	2406
2879	2371
2880	2404
2881	2631
2882	2608
2883	2593
2884	2676
2885	2792
2886	2875
2887	2956
2888	3034
2889	2964
2890	3010
2891	3212
2892	3250
2893	3312
2894	3457
2895	3587
2896	3560
2897	3609
2898	3511
2899	3767
2900	3759
2901	3834
2902	3786
2903	4009
2904	4014
2905	4239
2906	4234
2907	4375
2908	4356
2909	4551
2910	4552
2911	4528
2912	4675
2913	4872
2914	4759
2915	4970
2916	5140
2917	5309
2918	5208
2919	5505
2920	5336
2921	5494
2922	5594
2923	5650
2924	5625
2925	5863
2926	6040
2927	6142
2928	6231
2929	6243
2930	6246
2931	6456
2932	6511
2933	6546
2934	6761
2935	6699
2936	6876
2937	7075
2938	7052
2939	7060
2940	7360
2941	7252
2942	7485
2943	7658
2944	7589
2945	7739
2946	7916
2947	7882
2948	8045
2949	7935
2950	8480
2951	8170
2952	8486
2953	8402
2954	8691
2955	8547
2956	8755
2957	8809
2958	9073
2959	9070
2960	8991
2961	9196
2962	9419
2963	9447
2964	9597
2965	9653
2966	9677
2967	9850
2968	9778
2969	9892
2970	9791
2971	10100
2972	10073
2973	10050
2974	10125
2975	10373
2976	10302
2977	10437
2978	10602
2979	10735
2980	10510
2981	10675
2982	10960
2983	10863
2984	11065
2985	10919
2986	10939
2987	11159
2988	11112
2989	11279
2990	11033
2991	11169
2992	11367
2993	11258
2994	11349
2995	11221
2996	11576
2997	11370
2998	11422
2999	11478
3000	11466
3001	11424
3002	11435
3003	11628
3004	11477
3005	11608
3006	11798
3007	11675
3008	11521
3009	11504
3010	11932
3011	11584
3012	11681
3013	11538
3014	11811
3015	11549
3016	11708
3017	11721
3018	11749
3019	11424
3020	11539
3021	11318
3022	11559
3023	11514
3024	11716
3025	11482
3026	11382
3027	11163
3028	11400
3029	11462
3030	11378
3031	11113
3032	11221
3033	11369
3034	11008
3035	11221
3036	11310
3037	11065
3038	10871
3039	11040
3040	10697
3041	10805
3042	10784
3043	10659
3044	10585
3045	10605
3046	10596
3047	10525
3048	10268
3049	10266
3050	10218
3051	10214
3052	10163
3053	9927
3054	9999
3055	9925
3056	9757
3057	9719
3058	9685
3059	9323
3060	9354
3061	9496
3062	9274
3063	9163
3064	8985
3065	8979
3066	8998
3067	8682
3068	8961
3069	8803
3070	8735
3071	8356
3072	8457
3073	8499
3074	8377
3075	8218
3076	8120
3077	8108
3078	7721
3079	7957
3080	7736
3081	7696
3082	7579
3083	7304
3084	7276
3085	7346
3086	7260
3087	7084
3088	6914
3089	6983
3090	6782
3091	6762
3092	6562
3093	6654
3094	6414
3095	6357
3096	6308
3097	6152
3098	6095
3099	6077
3100	5884
3101	5832
3102	5625
3103	5528
3104	5602
3105	5532
3106	5289
3107	5372
3108	5160
3109	5133
3110	4982
3111	5031
3112	4822
3113	4775
3114	4644
3115	4591
3116	4513
3117	4422
3118	4340
3119	4333
3120	4213
3121	4252
3122	4145
3123	4017
3124	3953
3125	3856
3126	3730
3127	3770
3128	3581
3129	3596
3130	3576
3131	3408
3132	3365
3133	3333
3134	3252
3135	3133
3136	3185
3137	3048
3138	2923
3139	2942
3140	2862
3141	2863
3142	2827
3143	2733
3144	2689
3145	2608
3146	2470
3147	2494
3148	2502
3149	2395
3150	2401
3151	2271
3152	2218
3153	2215
3154	2156
3155	2209
3156	2054
3157	2103
3158	1977
3159	2022
3160	2005
3161	1907
3162	1855
3163	1785
3164	1737
3165	1811
3166	1703
3167	1707
3168	1632
3169	1670
3170	1608
3171	1623
3172	1642
3173	1524
3174	1531
3175	1561
3176	1496
3177	1445
3178	1468
3179	1422
3180	1398
3181	1397
3182	1439
3183	1424
3184	1368
3185	1365
3186	1367
3187	1369
3188	1341
3189	1317
3190	1299
3191	1253
3192	1294
3193	1215
3194	1279
3195	1178
3196	1165
3197	1283
3198	1219
3199	1255
3200	1196
3201	1188
3202	1172
3203	1200
3204	1209
3205	1205
3206	1181
3207	1203
3208	1188
3209	1236
3210	1161
3211	1203
3212	1209
3213	1196
3214	1166
3215	1230
3216	1158
3217	1222
3218	1184
3219	1255
3220	1219
3221	1252
3222	1224
3223	1255
3224	1278
3225	1267
3226	1238
3227	1261
3228	1185
3229	1274
3230	1284
3231	1350
3232	1237
3233	1298
3234	1296
3235	1348
3236	1333
3237	1325
3238	1352
3239	1375
3240	1361
3241	1386
3242	1402
3243	1369
3244	1360
3245	1404
3246	1434
3247	1476
3248	1530
3249	1423
3250	1509
3251	1418
3252	1457
3253	1467
3254	1494
3255	1527
3256	1461
3257	1441
3258	1569
3259	1500
3260	1666
3261	1522
3262	1570
3263	1539
3264	1620
3265	1598
3266	1591
3267	1604
3268	1605
3269	1644
3270	1578
3271	1670
3272	1720
3273	1619
3274	1679
3275	1657
3276	1732
3277	1691
3278	1669
3279	1759
3280	1652
3281	1755
3282	1665
3283	1752
3284	1675
3285	1658
3286	1757
3287	1724
3288	1812
3289	1690
3290	1744
3291	1716
3292	1732
3293	1734
3294	1737
3295	1708
3296	1757
3297	1751
3298	1762
3299	1764
3300	1703
3301	1859
3302	1800
3303	1798
3304	1800
3305	1779
3306	1739
3307	1756
3308	1846
3309	1680
3310	1793
3311	1738
3312	1770
3313	1778
3314	1671
3315	1744
3316	1764
3317	1659
3318	1629
3319	1725
3320	1744
3321	1778
3322	1645
3323	1625
3324	1699
3325	1684
3326	1621
3327	1678
3328	1702
3329	1664
3330	1641
3331	1689
3332	1615
3333	1602
3334	1556
3335	1555
3336	1516
3337	1526
3338	1455
3339	1560
3340	1510
3341	1484
3342	1497
3343	1514
3344	1478
3345	1494
3346	1383
3347	1411
3348	1443
3349	1439
3350	1427
3351	1418
3352	1411
3353	1397
3354	1392
3355	1361
3356	1295
3357	1355
3358	1344
3359	1293
3360	1311
3361	1260
3362	1257
3363	1195
3364	1202
3365	1208
3366	1255
3367	1149
3368	1226
3369	1162
3370	1157
3371	1135
3372	1100
3373	1108
3374	1171
3375	1095
3376	1072
3377	1043
3378	1074
3379	1035
3380	1006
3381	964
3382	974
3383	992
3384	956
3385	942
3386	951
3387	903
3388	877
3389	888
3390	856
3391	869
3392	892
3393	822
3394	846
3395	845
3396	794
3397	778
3398	770
3399	743
3400	771
3401	715
3402	726
3403	730
3404	699
3405	674
3406	672
3407	617
3408	665
3409	597
3410	587
3411	634
3412	620
3413	568
3414	567
3415	553
3416	546
3417	551
3418	618
3419	497
3420	542
3421	497
3422	503
3423	488
3424	437
3425	444
3426	460
3427	438
3428	479
3429	425
3430	406
3431	403
3432	396
3433	407
3434	403
3435	352
3436	361
3437	337
3438	316
3439	325
3440	336
3441	322
3442	306
3443	277
3444	264
3445	285
3446	297
3447	266
3448	272
3449	261
3450	246
3451	245
3452	220
3453	229
3454	229
3455	213
3456	258
3457	222
3458	194
3459	194
3460	205
3461	190
3462	193
3463	169
3464	176
3465	151
3466	162
3467	140
3468	141
3469	168
3470	131
3471	129
3472	117
3473	119
3474	123
3475	122
3476	120
3477	125
3478	111
3479	107
3480	105
3481	98
3482	97
3483	108
3484	100
3485	96
3486	90
3487	79
3488	84
3489	85
3490	66
3491	70
3492	85
3493	63
3494	56
3495	72
3496	66
3497	57
3498	66
3499	65
3500	45
3501	55
3502	62
3503	49
3504	65
3505	46
3506	43
3507	51
3508	40
3509	41
3510	41
3511	36
3512	32
3513	26
3514	37
3515	45
3516	29
3517	31
3518	22
3519	31
3520	32
3521	18
3522	29
3523	26
3524	33
3525	21
3526	23
3527	16
3528	22
3529	18
3530	28
3531	27
3532	13
3533	24
3534	19
3535	17
3536	22
3537	15
3538	15
3539	7
3540	11
3541	9
3542	14
3543	10
3544	18
3545	9
3546	13
3547	4
3548	8
3549	7
3550	9
3551	7
3552	12
3553	7
3554	7
3555	11
3556	4
3557	12
3558	7
3559	11
3560	6
3561	12
3562	3
3563	4
3564	2
3565	6
3566	5
3567	6
3568	5
3569	5
3570	6
3571	5
3572	3
3573	2
3574	4
3575	2
3576	2
3577	7
3578	2
3579	5
3580	1
3581	4
3582	2
3583	2
3584	4
3585	7
3586	1
3587	2
3588	2
3589	4
3590	1
3591	1
3592	3
3593	2
3594	1
3595	4
3596	1
3597	2
3598	4
3599	4
3600	4
3601	1
3602	3
3603	2
3604	2
3605	1
3606	1
3607	1
3608	3
3609	4
3610	1
3611	1
3612	0
3613	1
3614	2
3615	1
3616	2
3617	1
3618	3
3619	3
3620	1
3621	1
3622	4
3623	1
3624	3
3625	1
3626	1
3627	2
3628	3
3629	0
3630	3
3631	1
3632	0
3633	2
3634	4
3635	4
3636	0
3637	1
3638	1
3639	0
3640	0
3641	3
3642	1
3643	0
3644	1
3645	1
3646	5
3647	4
3648	4
3649	1
3650	1
3651	0
3652	1
3653	1
3654	0
3655	1
3656	2
3657	1
3658	2
3659	0
3660	1
3661	1
3662	1
3663	0
3664	1
3665	3
3666	1
3667	1
3668	2
3669	3
3670	1
3671	0
3672	1
3673	3
3674	0
3675	2
3676	0
3677	1
3678	0
3679	0
3680	0
3681	2
3682	3
3683	0
3684	0
3685	2
3686	1
3687	0
3688	1
3689	1
3690	1
3691	1
3692	1
3693	0
3694	1
3695	0
3696	1
3697	2
3698	1
3699	2
3700	0
3701	0
3702	1
3703	2
3704	0
3705	2
3706	0
3707	1
3708	0
3709	0
3710	1
3711	2
3712	0
3713	3
3714	1
3715	0
3716	1
3717	0
3718	0
3719	1
3720	1
3721	1
3722	0
3723	0
3724	0
3725	2
3726	0
3727	0
3728	0
3729	1
3730	4
3731	1
3732	1
3733	1
3734	1
3735	0
3736	2
3737	2
3738	0
3739	1
3740	2
3741	0
3742	0
3743	0
3744	0
3745	0
3746	0
3747	1
3748	1
3749	1
3750	3
3751	0
3752	0
3753	1
3754	1
3755	2
3756	0
3757	0
3758	2
3759	2
3760	2
3761	2
3762	2
3763	1
3764	1
3765	0
3766	2
3767	1
3768	0
3769	1
3770	1
3771	2
3772	0
3773	1
3774	0
3775	1
3776	0
3777	1
3778	1
3779	1
3780	0
3781	1
3782	1
3783	1
3784	0
3785	1
3786	1
3787	0
3788	0
3789	0
3790	0
3791	0
3792	0
3793	1
3794	0
3795	0
3796	1
3797	0
3798	0
3799	0
3800	0
3801	1
3802	0
3803	0
3804	2
3805	2
3806	1
3807	3
3808	0
3809	0
3810	0
3811	1
3812	1
3813	1
3814	2
3815	1
3816	1
3817	0
3818	0
3819	0
3820	0
3821	2
3822	1
3823	2
3824	0
3825	1
3826	0
3827	0
3828	0
3829	0
3830	3
3831	2
3832	3
3833	0
3834	0
3835	2
3836	1
3837	1
3838	3
3839	1
3840	0
3841	1
3842	1
3843	1
3844	1
3845	0
3846	0
3847	1
3848	2
3849	1
3850	0
3851	2
3852	0
3853	0
3854	1
3855	0
3856	3
3857	1
3858	0
3859	1
3860	0
3861	1
3862	0
3863	0
3864	1
3865	1
3866	1
3867	0
3868	0
3869	1
3870	0
3871	0
3872	0
3873	1
3874	0
3875	0
3876	0
3877	0
3878	1
3879	1
3880	0
3881	0
3882	0
3883	0
3884	0
3885	0
3886	0
3887	0
3888	0
3889	0
3890	1
3891	1
3892	0
3893	0
3894	0
3895	0
3896	1
3897	0
3898	0
3899	0
3900	3
3901	0
3902	0
3903	1
3904	0
3905	2
3906	1
3907	0
3908	0
3909	1
3910	0
3911	2
3912	0
3913	0
3914	0
3915	1
3916	0
3917	0
3918	0
3919	0
3920	1
3921	0
3922	0
3923	0
3924	5
3925	0
3926	0
3927	0
3928	1
3929	0
3930	0
3931	0
3932	2
3933	1
3934	0
3935	2
3936	0
3937	0
3938	0
3939	1
3940	1
3941	1
3942	1
3943	0
3944	1
3945	1
3946	1
3947	1
3948	1
3949	2
3950	0
3951	0
3952	1
3953	0
3954	0
3955	2
3956	1
3957	0
3958	0
3959	0
3960	0
3961	4
3962	0
3963	0
3964	2
3965	2
3966	1
3967	2
3968	0
3969	0
3970	0
3971	0
3972	1
3973	1
3974	1
3975	0
3976	0
3977	0
3978	0
3979	0
3980	1
3981	2
3982	2
3983	1
3984	1
3985	0
3986	1
3987	0
3988	1
3989	1
3990	0
3991	0
3992	0
3993	1
3994	0
3995	0
3996	0
3997	0
3998	0
3999	1
4000	1
4001	0
4002	2
4003	3
4004	0
4005	0
4006	0
4007	2
4008	0
4009	0
4010	1
4011	1
4012	0
4013	0
4014	0
4015	1
4016	1
4017	1
4018	1
4019	2
4020	0
4021	0
4022	0
4023	0
4024	0
4025	0
4026	0
4027	0
4028	1
4029	2
4030	1
4031	2
4032	0
4033	0
4034	1
4035	1
4036	1
4037	0
4038	1
4039	1
4040	0
4041	0
4042	1
4043	0
4044	1
4045	1
4046	0
4047	0
4048	0
4049	0
4050	2
4051	1
4052	2
4053	1
4054	1
4055	0
4056	3
4057	0
4058	0
4059	0
4060	2
4061	0
4062	0
4063	1
4064	0
4065	1
4066	0
4067	1
4068	0
4069	0
4070	0
4071	0
4072	0
4073	0
4074	1
4075	0
4076	1
4077	0
4078	0
4079	1
4080	0
4081	2
4082	0
4083	0
4084	0
4085	0
4086	1
4087	0
4088	1
4089	2
4090	1
4091	0
4092	0
4093	0
4094	0
4095	0
4096	1
4097	1
4098	0
4099	1
4100	1
4101	0
4102	1
4103	0
4104	0
4105	0
4106	0
4107	1
4108	1
4109	1
4110	2
4111	0
4112	0
4113	0
4114	1
4115	1
4116	1
4117	0
4118	0
4119	0
4120	1
4121	0
4122	1
4123	2
4124	1
4125	0
4126	1
4127	1
4128	0
4129	2
4130	1
4131	0
4132	1
4133	0
4134	0
4135	1
4136	0
4137	1
4138	2
4139	1
4140	0
4141	2
4142	0
4143	0
4144	1
4145	0
4146	0
4147	1
4148	0
4149	0
4150	0
4151	0
4152	0
4153	1
4154	0
4155	0
4156	1
4157	1
4158	0
4159	0
4160	0
4161	2
4162	1
4163	1
4164	1
4165	2
4166	2
4167	1
4168	0
4169	0
4170	0
4171	0
4172	1
4173	1
4174	0
4175	1
4176	0
4177	0
4178	2
4179	1
4180	0
4181	1
4182	1
4183	1
4184	0
4185	0
4186	0
4187	1
4188	0
4189	0
4190	1
4191	0
4192	0
4193	0
4194	0
4195	0
4196	1
4197	0
4198	0
4199	0
4200	2
4201	2
4202	0
4203	0
4204	1
4205	0
4206	0
4207	0
4208	1
4209	0
4210	0
4211	1
4212	0
4213	1
4214	0
4215	2
4216	1
4217	0
4218	0
4219	3
4220	0
4221	0
4222	0
4223	0
4224	0
4225	0
4226	0
4227	1
4228	0
4229	1
4230	0
4231	0
4232	0
4233	0
4234	1
4235	0
4236	0
4237	0
4238	1
4239	0
4240	0
4241	1
4242	1
4243	0
4244	0
4245	0
4246	0
4247	0
4248	0
4249	1
4250	0
4251	0
4252	0
4253	0
4254	0
4255	1
4256	0
4257	0
4258	0
4259	1
4260	0
4261	0
4262	0
4263	0
4264	0
4265	0
4266	1
4267	0
4268	0
4269	1
4270	1
4271	0
4272	1
4273	1
4274	0
4275	1
4276	1
4277	1
4278	0
4279	0
4280	0
4281	0
4282	0
4283	1
4284	0
4285	1
4286	0
4287	1
4288	1
4289	1
4290	1
4291	2
4292	1
4293	0
4294	1
4295	1
4296	0
4297	0
4298	1
4299	0
4300	0
4301	0
4302	0
4303	2
4304	2
4305	0
4306	0
4307	0
4308	0
4309	1
4310	1
4311	1
4312	0
4313	0
4314	0
4315	0
4316	0
4317	0
4318	0
4319	0
4320	1
4321	0
4322	0
4323	1
4324	1
4325	0
4326	0
4327	0
4328	1
4329	0
4330	0
4331	0
4332	0
4333	0
4334	0
4335	0
4336	0
4337	0
4338	0
4339	0
4340	0
4341	0
4342	0
4343	0
4344	0
4345	1
4346	0
4347	1
4348	1
4349	0
4350	1
4351	0
4352	1
4353	0
4354	1
4355	0
4356	0
4357	0
4358	0
4359	0
4360	0
4361	0
4362	0
4363	0
4364	0
4365	0
4366	0
4367	0
4368	0
4369	1
4370	0
4371	0
4372	1
4373	0
4374	0
4375	0
4376	0
4377	2
4378	1
4379	0
4380	1
4381	1
4382	0
4383	0
4384	0
4385	0
4386	1
4387	0
4388	1
4389	0
4390	1
4391	0
4392	0
4393	1
4394	0
4395	1
4396	0
4397	0
4398	0
4399	0
4400	0
4401	0
4402	0
4403	0
4404	0
4405	0
4406	0
4407	0
4408	1
4409	0
4410	0
4411	3
4412	0
4413	2
4414	1
4415	0
4416	0
4417	0
4418	0
4419	0
4420	1
4421	0
4422	0
4423	0
4424	0
4425	2
4426	0
4427	0
4428	1
4429	0
4430	1
4431	0
4432	0
4433	0
4434	0
4435	0
4436	0
4437	0
4438	0
4439	0
4440	0
4441	0
4442	0
4443	0
4444	0
4445	1
4446	1
4447	0
4448	0
4449	2
4450	1
4451	1
4452	0
4453	0
4454	0
4455	1
4456	0
4457	0
4458	0
4459	0
4460	0
4461	0
4462	0
4463	0
4464	0
4465	0
4466	1
4467	0
4468	0
4469	0
4470	0
4471	1
4472	0
4473	0
4474	0
4475	1
4476	0
4477	0
4478	0
4479	0
4480	1
4481	0
4482	0
4483	1
4484	1
4485	0
4486	0
4487	0
4488	0
4489	1
4490	0
4491	1
4492	0
4493	0
4494	0
4495	0
4496	0
4497	0
4498	0
4499	2
4500	0
4501	0
4502	0
4503	0
4504	0
4505	0
4506	0
4507	1
4508	0
4509	1
4510	1
4511	0
4512	0
4513	2
4514	0
4515	0
4516	0
4517	0
4518	0
4519	1
4520	0
4521	0
4522	0
4523	0
4524	0
4525	0
4526	0
4527	1
4528	0
4529	0
4530	0
4531	1
4532	0
4533	0
4534	0
4535	0
4536	0
4537	0
4538	0
4539	1
4540	1
4541	0
4542	0
4543	0
4544	0
4545	1
4546	0
4547	0
4548	0
4549	1
4550	1
4551	0
4552	0
4553	1
4554	0
4555	1
4556	0
4557	2
4558	0
4559	0
4560	0
4561	0
4562	0
4563	0
4564	0
4565	0
4566	0
4567	0
4568	0
4569	1
4570	0
4571	1
4572	1
4573	0
4574	0
4575	1
4576	0
4577	1
4578	0
4579	0
4580	0
4581	0
4582	0
4583	0
4584	0
4585	0
4586	0
4587	0
4588	0
4589	0
4590	1
4591	0
4592	0
4593	0
4594	0
4595	0
4596	0
4597	0
4598	0
4599	0
4600	0
4601	1
4602	0
4603	0
4604	0
4605	0
4606	1
4607	0
4608	1
4609	0
4610	0
4611	0
4612	0
4613	0
4614	0
4615	2
4616	0
4617	0
4618	0
4619	0
4620	0
4621	0
4622	0
4623	0
4624	1
4625	0
4626	0
4627	0
4628	0
4629	0
4630	0
4631	0
4632	1
4633	0
4634	0
4635	0
4636	0
4637	0
4638	1
4639	0
4640	0
4641	0
4642	0
4643	0
4644	0
4645	1
4646	0
4647	0
4648	0
4649	0
4650	1
4651	0
4652	0
4653	0
4654	0
4655	0
4656	2
4657	0
4658	1
4659	1
4660	0
4661	0
4662	0
4663	0
4664	1
4665	0
4666	0
4667	1
4668	0
4669	0
4670	0
4671	0
4672	0
4673	0
4674	0
4675	0
4676	0
4677	1
4678	0
4679	0
4680	0
4681	0
4682	0
4683	0
4684	0
4685	0
4686	0
4687	0
4688	0
4689	0
4690	0
4691	0
4692	0
4693	0
4694	0
4695	0
4696	0
4697	0
4698	0
4699	0
4700	0
4701	0
4702	1
4703	0
4704	0
4705	0
4706	1
4707	0
4708	0
4709	1
4710	0
4711	0
4712	1
4713	0
4714	0
4715	0
4716	0
4717	0
4718	0
4719	0
4720	0
4721	0
4722	0
4723	1
4724	0
4725	0
4726	0
4727	1
4728	0
4729	3
4730	0
4731	0
4732	0
4733	1
4734	0
4735	0
4736	0
4737	0
4738	0
4739	0
4740	1
4741	0
4742	1
4743	0
4744	0
4745	0
4746	0
4747	1
4748	0
4749	0
4750	0
4751	1
4752	1
4753	0
4754	1
4755	1
4756	0
4757	0
4758	0
4759	0
4760	0
4761	0
4762	1
4763	0
4764	0
4765	0
4766	0
4767	0
4768	0
4769	0
4770	0
4771	0
4772	0
4773	0
4774	1
4775	0
4776	0
4777	0
4778	0
4779	0
4780	0
4781	0
4782	0
4783	0
4784	0
4785	0
4786	0
4787	1
4788	0
4789	0
4790	0
4791	0
4792	0
4793	0
4794	0
4795	0
4796	0
4797	0
4798	0
4799	0
4800	0
4801	0
4802	0
4803	0
4804	0
4805	0
4806	0
4807	0
4808	1
4809	0
4810	0
4811	1
4812	1
4813	0
4814	0
4815	1
4816	0
4817	0
4818	0
4819	1
4820	0
4821	1
4822	0
4823	0
4824	0
4825	0
4826	1
4827	0
4828	0
4829	0
4830	0
4831	0
4832	0
4833	0
4834	0
4835	0
4836	0
4837	0
4838	0
4839	0
4840	0
4841	1
4842	1
4843	0
4844	1
4845	0
4846	1
4847	0
4848	0
4849	0
4850	0
4851	0
4852	0
4853	0
4854	0
4855	0
4856	0
4857	0
4858	0
4859	0
4860	0
4861	0
4862	0
4863	0
4864	0
4865	1
4866	1
4867	0
4868	0
4869	0
4870	0
4871	0
4872	0
4873	0
4874	0
4875	0
4876	0
4877	0
4878	0
4879	0
4880	0
4881	0
4882	0
4883	0
4884	0
4885	0
4886	0
4887	0
4888	1
4889	0
4890	0
4891	1
4892	0
4893	0
4894	0
4895	0
4896	0
4897	0
4898	0
4899	0
4900	0
4901	0
4902	0
4903	0
4904	0
4905	1
4906	0
4907	1
4908	0
4909	1
4910	0
4911	0
4912	0
4913	0
4914	1
4915	0
4916	2
4917	0
4918	0
4919	0
4920	0
4921	0
4922	0
4923	1
4924	0
4925	0
4926	0
4927	0
4928	1
4929	1
4930	1
4931	0
4932	0
4933	1
4934	0
4935	0
4936	0
4937	0
4938	1
4939	0
4940	1
4941	0
4942	0
4943	0
4944	1
4945	0
4946	0
4947	0
4948	0
4949	0
4950	0
4951	0
4952	1
4953	0
4954	0
4955	1
4956	0
4957	0
4958	0
4959	0
4960	1
4961	0
4962	0
4963	0
4964	0
4965	0
4966	0
4967	0
4968	0
4969	0
4970	0
4971	0
4972	0
4973	0
4974	0
4975	0
4976	0
4977	1
4978	0
4979	0
4980	0
4981	1
4982	1
4983	0
4984	0
4985	0
4986	0
4987	0
4988	0
4989	0
4990	0
4991	0
4992	0
4993	1
4994	0
4995	0
4996	0
4997	0
4998	0
4999	0
5000	0
5001	1
5002	0
5003	1
5004	0
5005	0
5006	0
5007	1
5008	0
5009	0
5010	1
5011	0
5012	0
5013	0
5014	0
5015	0
5016	0
5017	0
5018	1
5019	0
5020	1
5021	0
5022	0
5023	0
5024	0
5025	0
5026	0
5027	0
5028	0
5029	0
5030	0
5031	0
5032	0
5033	0
5034	1
5035	0
5036	1
5037	0
5038	1
5039	1
5040	0
5041	1
5042	0
5043	0
5044	0
5045	1
5046	0
5047	0
5048	0
5049	0
5050	0
5051	1
5052	0
5053	0
5054	0
5055	0
5056	0
5057	0
5058	0
5059	0
5060	0
5061	0
5062	0
5063	0
5064	0
5065	0
5066	0
5067	0
5068	1
5069	0
5070	0
5071	0
5072	0
5073	0
5074	0
5075	0
5076	0
5077	0
5078	0
5079	1
5080	0
5081	0
5082	0
5083	0
5084	0
5085	0
5086	0
5087	0
5088	0
5089	0
5090	2
5091	1
5092	0
5093	0
5094	0
5095	1
5096	0
5097	0
5098	0
5099	0
5100	0
5101	1
5102	0
5103	0
5104	1
5105	0
5106	0
5107	1
5108	0
5109	0
5110	2
5111	0
5112	0
5113	0
5114	0
5115	0
5116	0
5117	0
5118	0
5119	1
5120	0
5121	0
5122	1
5123	1
5124	0
5125	0
5126	0
5127	1
5128	0
5129	0
5130	1
5131	0
5132	0
5133	0
5134	0
5135	0
5136	1
5137	1
5138	0
5139	0
5140	1
5141	0
5142	0
5143	0
5144	0
5145	0
5146	0
5147	0
5148	0
5149	0
5150	1
5151	0
5152	0
5153	0
5154	0
5155	1
5156	1
5157	0
5158	0
5159	0
5160	1
5161	0
5162	0
5163	0
5164	1
5165	0
5166	0
5167	0
5168	0
5169	0
5170	0
5171	0
5172	0
5173	0
5174	0
5175	0
5176	1
5177	0
5178	0
5179	0
5180	0
5181	0
5182	1
5183	0
5184	0
5185	0
5186	0
5187	1
5188	0
5189	1
5190	0
5191	0
5192	0
5193	0
5194	0
5195	0
5196	0
5197	1
5198	0
5199	0
5200	0
5201	0
5202	0
5203	0
5204	0
5205	0
5206	0
5207	0
5208	0
5209	0
5210	0
5211	0
5212	0
5213	0
5214	0
5215	0
5216	0
5217	0
5218	0
5219	0
5220	0
5221	0
5222	0
5223	0
5224	0
5225	0
5226	1
5227	0
5228	0
5229	0
5230	0
5231	0
5232	0
5233	0
5234	0
5235	0
5236	0
5237	0
5238	0
5239	0
5240	1
5241	0
5242	0
5243	0
5244	0
5245	0
5246	0
5247	0
5248	1
5249	1
5250	0
5251	0
5252	0
5253	0
5254	0
5255	0
5256	0
5257	0
5258	0
5259	0
5260	0
5261	1
5262	0
5263	0
5264	0
5265	0
5266	0
5267	0
5268	0
5269	0
5270	0
5271	0
5272	0
5273	0
5274	0
5275	0
5276	0
5277	0
5278	0
5279	1
5280	0
5281	0
5282	0
5283	0
5284	0
5285	0
5286	1
5287	0
5288	0
5289	0
5290	0
5291	0
5292	0
5293	0
5294	0
5295	0
5296	0
5297	1
5298	0
5299	0
5300	0
5301	1
5302	0
5303	0
5304	0
5305	0
5306	0
5307	0
5308	0
5309	1
5310	0
5311	0
5312	0
5313	1
5314	0
5315	0
5316	0
5317	0
5318	0
5319	1
5320	0
5321	0
5322	0
5323	0
5324	0
5325	0
5326	0
5327	0
5328	0
5329	0
5330	0
5331	0
5332	0
5333	0
5334	0
5335	0
5336	1
5337	0
5338	0
5339	1
5340	1
5341	0
5342	0
5343	0
5344	0
5345	0
5346	0
5347	0
5348	0
5349	0
5350	1
5351	0
5352	0
5353	0
5354	0
5355	0
5356	0
5357	1
5358	0
5359	0
5360	0
5361	1
5362	0
5363	1
5364	0
5365	0
5366	0
5367	0
5368	0
5369	0
5370	0
5371	0
5372	0
5373	0
5374	0
5375	0
5376	0
5377	0
5378	0
5379	0
5380	1
5381	1
5382	0
5383	0
5384	0
5385	0
5386	1
5387	1
5388	0
5389	0
5390	0
5391	0
5392	0
5393	0
5394	0
5395	0
5396	0
5397	1
5398	1
5399	0
5400	0
5401	0
5402	0
5403	0
5404	0
5405	0
5406	0
5407	0
5408	0
5409	1
5410	0
5411	0
5412	1
5413	0
5414	1
5415	0
5416	0
5417	0
5418	0
5419	0
5420	0
5421	0
5422	0
5423	0
5424	0
5425	0
5426	0
5427	0
5428	0
5429	0
5430	0
5431	1
5432	0
5433	0
5434	0
5435	0
5436	0
5437	0
5438	0
5439	1
5440	1
5441	0
5442	0
5443	0
5444	2
5445	0
5446	0
5447	0
5448	0
5449	1
5450	0
5451	0
5452	0
5453	0
5454	0
5455	2
5456	0
5457	0
5458	0
5459	0
5460	2
5461	0
5462	0
5463	1
5464	1
5465	0
5466	1
5467	1
5468	0
5469	0
5470	0
5471	0
5472	0
5473	0
5474	1
5475	0
5476	0
5477	0
5478	0
5479	0
5480	0
5481	0
5482	0
5483	1
5484	0
5485	1
5486	0
5487	0
5488	0
5489	0
5490	0
5491	0
5492	0
5493	0
5494	0
5495	1
5496	0
5497	0
5498	0
5499	0
5500	0
5501	0
5502	0
5503	0
5504	0
5505	1
5506	0
5507	0
5508	0
5509	0
5510	0
5511	0
5512	0
5513	0
5514	0
5515	0
5516	0
5517	1
5518	0
5519	0
5520	1
5521	1
5522	1
5523	0
5524	0
5525	1
5526	1
5527	0
5528	0
5529	0
5530	0
5531	0
5532	0
5533	0
5534	0
5535	0
5536	1
5537	0
5538	0
5539	0
5540	0
5541	1
5542	0
5543	1
5544	1
5545	0
5546	0
5547	0
5548	0
5549	0
5550	1
5551	0
5552	1
5553	0
5554	0
5555	0
5556	0
5557	1
5558	0
5559	0
5560	1
5561	1
5562	0
5563	0
5564	1
5565	0
5566	0
5567	0
5568	0
5569	1
5570	0
5571	0
5572	0
5573	0
5574	0
5575	0
5576	0
5577	0
5578	1
5579	0
5580	0
5581	0
5582	0
5583	0
5584	0
5585	1
5586	0
5587	0
5588	0
5589	0
5590	0
5591	0
5592	0
5593	0
5594	0
5595	1
5596	0
5597	0
5598	0
5599	0
5600	1
5601	0
5602	0
5603	0
5604	0
5605	1
5606	0
5607	0
5608	0
5609	0
5610	1
5611	0
5612	0
5613	0
5614	0
5615	1
5616	0
5617	0
5618	1
5619	0
5620	0
5621	0
5622	0
5623	0
5624	0
5625	0
5626	0
5627	0
5628	0
5629	0
5630	0
5631	0
5632	0
5633	1
5634	0
5635	0
5636	0
5637	1
5638	0
5639	1
5640	0
5641	0
5642	1
5643	0
5644	1
5645	0
5646	0
5647	1
5648	0
5649	1
5650	0
5651	0
5652	2
5653	0
5654	1
5655	0
5656	1
5657	0
5658	0
5659	0
5660	0
5661	0
5662	0
5663	1
5664	0
5665	0
5666	1
5667	0
5668	1
5669	1
5670	0
5671	0
5672	0
5673	0
5674	2
5675	0
5676	0
5677	0
5678	0
5679	0
5680	0
5681	0
5682	0
5683	0
5684	0
5685	0
5686	0
5687	0
5688	0
5689	1
5690	0
5691	2
5692	0
5693	0
5694	1
5695	0
5696	2
5697	2
5698	1
5699	0
5700	0
5701	1
5702	2
5703	2
5704	3
5705	5
5706	0
5707	1
5708	0
5709	1
5710	1
5711	1
5712	0
5713	0
5714	0
5715	0
5716	0
5717	0
5718	0
5719	0
5720	0
5721	2
5722	1
5723	3
5724	1
5725	1
5726	1
5727	1
5728	2
5729	0
5730	1
5731	0
5732	0
5733	0
5734	3
5735	1
5736	3
5737	5
5738	2
5739	2
5740	1
5741	1
5742	4
5743	2
5744	2
5745	3
5746	1
5747	2
5748	0
5749	2
5750	2
5751	2
5752	1
5753	2
5754	1
5755	4
5756	0
5757	2
5758	2
5759	4
5760	1
5761	5
5762	2
5763	5
5764	2
5765	2
5766	1
5767	2
5768	3
5769	2
5770	1
5771	3
5772	1
5773	1
5774	6
5775	1
5776	2
5777	2
5778	6
5779	2
5780	2
5781	3
5782	0
5783	2
5784	1
5785	2
5786	1
5787	7
5788	4
5789	4
5790	3
5791	3
5792	8
5793	4
5794	3
5795	5
5796	2
5797	8
5798	4
5799	4
5800	4
5801	1
5802	4
5803	6
5804	4
5805	3
5806	3
5807	6
5808	7
5809	7
5810	4
5811	4
5812	2
5813	3
5814	8
5815	4
5816	4
5817	3
5818	5
5819	4
5820	5
5821	6
5822	4
5823	3
5824	4
5825	5
5826	6
5827	3
5828	5
5829	5
5830	7
5831	5
5832	6
5833	3
5834	6
5835	8
5836	4
5837	8
5838	4
5839	5
5840	7
5841	2
5842	12
5843	5
5844	5
5845	5
5846	6
5847	7
5848	7
5849	6
5850	10
5851	6
5852	4
5853	4
5854	6
5855	6
5856	5
5857	6
5858	6
5859	11
5860	4
5861	5
5862	9
5863	7
5864	8
5865	7
5866	10
5867	4
5868	5
5869	7
5870	6
5871	5
5872	7
5873	10
5874	10
5875	3
5876	5
5877	4
5878	6
5879	6
5880	6
5881	7
5882	5
5883	7
5884	5
5885	5
5886	5
5887	8
5888	10
5889	9
5890	6
5891	7
5892	9
5893	7
5894	5
5895	5
5896	9
5897	3
5898	4
5899	5
5900	3
5901	5
5902	11
5903	10
5904	8
5905	4
5906	5
5907	6
5908	8
5909	10
5910	5
5911	7
5912	7
5913	7
5914	6
5915	9
5916	5
5917	6
5918	6
5919	11
5920	9
5921	7
5922	5
5923	8
5924	4
5925	7
5926	4
5927	9
5928	7
5929	7
5930	7
5931	7
5932	7
5933	8
5934	7
5935	2
5936	8
5937	7
5938	2
5939	5
5940	9
5941	4
5942	2
5943	8
5944	4
5945	10
5946	8
5947	3
5948	8
5949	5
5950	3
5951	6
5952	4
5953	4
5954	4
5955	1
5956	4
5957	5
5958	6
5959	6
5960	5
5961	2
5962	2
5963	4
5964	4
5965	4
5966	2
5967	2
5968	9
5969	1
5970	5
5971	7
5972	1
5973	5
5974	5
5975	6
5976	3
5977	2
5978	5
5979	1
5980	2
5981	1
5982	4
5983	3
5984	5
5985	5
5986	5
5987	4
5988	6
5989	1
5990	6
5991	5
5992	5
5993	4
5994	3
5995	3
5996	0
5997	7
5998	3
5999	2
6000	2
6001	1
6002	3
6003	1
6004	6
6005	3
6006	4
6007	3
6008	4
6009	3
6010	3
6011	4
6012	3
6013	2
6014	1
6015	1
6016	4
6017	4
6018	0
6019	1
6020	1
6021	0
6022	1
6023	2
6024	3
6025	5
6026	0
6027	2
6028	1
6029	3
6030	3
6031	4
6032	0
6033	4
6034	5
6035	1
6036	2
6037	1
6038	3
6039	4
6040	2
6041	3
6042	2
6043	2
6044	3
6045	2
6046	3
6047	3
6048	1
6049	1
6050	1
6051	1
6052	2
6053	3
6054	5
6055	2
6056	3
6057	3
6058	3
6059	0
6060	1
6061	2
6062	0
6063	1
6064	2
6065	3
6066	1
6067	2
6068	2
6069	4
6070	1
6071	2
6072	2
6073	0
6074	2
6075	2
6076	1
6077	2
6078	2
6079	1
6080	3
6081	1
6082	2
6083	0
6084	2
6085	4
6086	2
6087	0
6088	3
6089	0
6090	0
6091	0
6092	0
6093	2
6094	1
6095	1
6096	2
6097	1
6098	2
6099	0
6100	0
6101	3
6102	0
6103	1
6104	3
6105	4
6106	2
6107	1
6108	2
6109	0
6110	3
6111	1
6112	2
6113	3
6114	5
6115	1
6116	5
6117	3
6118	2
6119	1
6120	1
6121	1
6122	2
6123	1
6124	2
6125	2
6126	3
6127	4
6128	2
6129	0
6130	3
6131	0
6132	6
6133	2
6134	3
6135	1
6136	4
6137	1
6138	1
6139	1
6140	4
6141	1
6142	6
6143	4
6144	7
6145	5
6146	16
6147	42
6148	52
6149	49
6150	50
6151	35
6152	20
6153	21
6154	18
6155	8
6156	31
6157	49
6158	32
6159	15
6160	1
6161	0
6162	0
6163	0
6164	0
6165	0
6166	0
6167	0
6168	0
6169	0
6170	0
6171	0
6172	0
6173	0
6174	0
6175	0
6176	0
6177	0
6178	0
6179	0
6180	0
6181	0
6182	0
6183	0
6184	0
6185	0
6186	0
6187	0
6188	0
6189	0
6190	0
6191	0
6192	0
6193	0
6194	0
6195	0
6196	0
6197	0
6198	0
6199	0
6200	0
6201	0
6202	0
6203	0
6204	0
6205	0
6206	0
6207	0
6208	0
6209	0
6210	0
6211	0
6212	0
6213	0
6214	0
6215	0
6216	0
6217	0
6218	0
6219	0
6220	0
6221	0
6222	0
6223	0
6224	0
6225	0
6226	0
6227	0
6228	0
6229	0
6230	0
6231	0
6232	0
6233	0
6234	0
6235	0
6236	0
6237	0
6238	0
6239	0
6240	0
6241	0
6242	0
6243	0
6244	0
6245	0
6246	0
6247	0
6248	0
6249	0
6250	0
6251	0
6252	0
6253	0
6254	0
6255	0
6256	0
6257	0
6258	0
6259	0
6260	0
6261	0
6262	0
6263	0
6264	0
6265	0
6266	0
6267	0
6268	0
6269	0
6270	0
6271	0
6272	0
6273	0
6274	0
6275	0
6276	0
6277	0
6278	0
6279	0
6280	0
6281	0
6282	0
6283	0
6284	0
6285	0
6286	0
6287	0
6288	0
6289	0
6290	0
6291	0
6292	0
6293	0
6294	0
6295	0
6296	0
6297	0
6298	0
6299	0
6300	0
6301	0
6302	0
6303	0
6304	0
6305	0
6306	0
6307	0
6308	0
6309	0
6310	0
6311	0
6312	0
6313	0
6314	0
6315	0
6316	0
6317	0
6318	0
6319	0
6320	0
6321	0
6322	0
6323	0
6324	0
6325	0
6326	0
6327	0
6328	0
6329	0
6330	0
6331	0
6332	0
6333	0
6334	0
6335	0
6336	0
6337	0
6338	0
6339	0
6340	0
6341	0
6342	0
6343	0
6344	0
6345	0
6346	0
6347	0
6348	0
6349	0
6350	0
6351	0
6352	0
6353	0
6354	0
6355	0
6356	0
6357	0
6358	0
6359	0
6360	0
6361	0
6362	0
6363	0
6364	0
6365	0
6366	0
6367	0
6368	0
6369	0
6370	0
6371	0
6372	0
6373	0
6374	0
6375	0
6376	0
6377	0
6378	0
6379	0
6380	0
6381	0
6382	0
6383	0
6384	0
6385	0
6386	0
6387	0
6388	0
6389	0
6390	0
6391	0
6392	0
6393	0
6394	0
6395	0
6396	0
6397	0
6398	0
6399	0
6400	0
6401	0
6402	0
6403	0
6404	0
6405	0
6406	0
6407	0
6408	0
6409	0
6410	0
6411	0
6412	0
6413	0
6414	0
6415	0
6416	0
6417	0
6418	0
6419	0
6420	0
6421	0
6422	0
6423	0
6424	0
6425	0
6426	0
6427	0
6428	0
6429	0
6430	0
6431	0
6432	0
6433	0
6434	0
6435	0
6436	0
6437	0
6438	0
6439	0
6440	0
6441	0
6442	0
6443	0
6444	0
6445	0
6446	0
6447	0
6448	0
6449	0
6450	0
6451	0
6452	0
6453	0
6454	0
6455	0
6456	0
6457	0
6458	0
6459	0
6460	0
6461	0
6462	0
6463	0
6464	0
6465	0
6466	0
6467	0
6468	0
6469	0
6470	0
6471	0
6472	0
6473	0
6474	0
6475	0
6476	0
6477	0
6478	0
6479	0
6480	0
6481	0
6482	0
6483	0
6484	0
6485	0
6486	0
6487	0
6488	0
6489	0
6490	0
6491	0
6492	0
6493	0
6494	0
6495	0
6496	0
6497	0
6498	0
6499	0
6500	0
6501	0
6502	0
6503	0
6504	0
6505	0
6506	0
6507	0
6508	0
6509	0
6510	0
6511	0
6512	0
6513	0
6514	0
6515	0
6516	0
6517	0
6518	0
6519	0
6520	0
6521	0
6522	0
6523	0
6524	0
6525	0
6526	0
6527	0
6528	0
6529	0
6530	0
6531	0
6532	0
6533	0
6534	0
6535	0
6536	0
6537	0
6538	0
6539	0
6540	0
6541	0
6542	0
6543	0
6544	0
6545	0
6546	0
6547	0
6548	0
6549	0
6550	0
6551	0
6552	0
6553	0
6554	0
6555	0
6556	0
6557	0
6558	0
6559	0
6560	0
6561	0
6562	0
6563	0
6564	0
6565	0
6566	0
6567	0
6568	0
6569	0
6570	0
6571	0
6572	0
6573	0
6574	0
6575	0
6576	0
6577	0
6578	0
6579	0
6580	0
6581	0
6582	0
6583	0
6584	0
6585	0
6586	0
6587	0
6588	0
6589	0
6590	0
6591	0
6592	0
6593	0
6594	0
6595	0
6596	0
6597	0
6598	0
6599	0
6600	0
6601	0
6602	0
6603	0
6604	0
6605	0
6606	0
6607	0
6608	0
6609	0
6610	0
6611	0
6612	0
6613	0
6614	0
6615	0
6616	0
6617	0
6618	0
6619	0
6620	0
6621	0
6622	0
6623	0
6624	0
6625	0
6626	0
6627	0
6628	0
6629	0
6630	0
6631	0
6632	0
6633	0
6634	0
6635	0
6636	0
6637	0
6638	0
6639	0
6640	0
6641	0
6642	0
6643	0
6644	0
6645	0
6646	0
6647	0
6648	0
6649	0
6650	0
6651	0
6652	0
6653	0
6654	0
6655	0
6656	0
6657	0
6658	0
6659	0
6660	0
6661	0
6662	0
6663	0
6664	0
6665	0
6666	0
6667	0
6668	0
6669	0
6670	0
6671	0
6672	0
6673	0
6674	0
6675	0
6676	0
6677	0
6678	0
6679	0
6680	0
6681	0
6682	0
6683	0
6684	0
6685	0
6686	0
6687	0
6688	0
6689	0
6690	0
6691	0
6692	0
6693	0
6694	0
6695	0
6696	0
6697	0
6698	0
6699	0
6700	0
6701	0
6702	0
6703	0
6704	0
6705	0
6706	0
6707	0
6708	0
6709	0
6710	0
6711	0
6712	0
6713	0
6714	0
6715	0
6716	0
6717	0
6718	0
6719	0
6720	0
6721	0
6722	0
6723	0
6724	0
6725	0
6726	0
6727	0
6728	0
6729	0
6730	0
6731	0
6732	0
6733	0
6734	0
6735	0
6736	0
6737	0
6738	0
6739	0
6740	0
6741	0
6742	0
6743	0
6744	0
6745	0
6746	0
6747	0
6748	0
6749	0
6750	0
6751	0
6752	0
6753	0
6754	0
6755	0
6756	0
6757	0
6758	0
6759	0
6760	0
6761	0
6762	0
6763	0
6764	0
6765	0
6766	0
6767	0
6768	0
6769	0
6770	0
6771	0
6772	0
6773	0
6774	0
6775	0
6776	0
6777	0
6778	0
6779	0
6780	0
6781	0
6782	0
6783	0
6784	0
6785	0
6786	0
6787	0
6788	0
6789	0
6790	0
6791	0
6792	0
6793	0
6794	0
6795	0
6796	0
6797	0
6798	0
6799	0
6800	0
6801	0
6802	0
6803	0
6804	0
6805	0
6806	0
6807	0
6808	0
6809	0
6810	0
6811	0
6812	0
6813	0
6814	0
6815	0
6816	0
6817	0
6818	0
6819	0
6820	0
6821	0
6822	0
6823	0
6824	0
6825	0
6826	0
6827	0
6828	0
6829	0
6830	0
6831	0
6832	0
6833	0
6834	0
6835	0
6836	0
6837	0
6838	0
6839	0
6840	0
6841	0
6842	0
6843	0
6844	0
6845	0
6846	0
6847	0
6848	0
6849	0
6850	0
6851	0
6852	0
6853	0
6854	0
6855	0
6856	0
6857	0
6858	0
6859	0
6860	0
6861	0
6862	0
6863	0
6864	0
6865	0
6866	0
6867	0
6868	0
6869	0
6870	0
6871	0
6872	0
6873	0
6874	0
6875	0
6876	0
6877	0
6878	0
6879	0
6880	0
6881	0
6882	0
6883	0
6884	0
6885	0
6886	0
6887	0
6888	0
6889	0
6890	0
6891	0
6892	0
6893	0
6894	0
6895	0
6896	0
6897	0
6898	0
6899	0
6900	0
6901	0
6902	0
6903	0
6904	0
6905	0
6906	0
6907	0
6908	0
6909	0
6910	0
6911	0
6912	0
6913	0
6914	0
6915	0
6916	0
6917	0
6918	0
6919	0
6920	0
6921	0
6922	0
6923	0
6924	0
6925	0
6926	0
6927	0
6928	0
6929	0
6930	0
6931	0
6932	0
6933	0
6934	0
6935	0
6936	0
6937	0
6938	0
6939	0
6940	0
6941	0
6942	0
6943	0
6944	0
6945	0
6946	0
6947	0
6948	0
6949	0
6950	0
6951	0
6952	0
6953	0
6954	0
6955	0
6956	0
6957	0
6958	0
6959	0
6960	0
6961	0
6962	0
6963	0
6964	0
6965	0
6966	0
6967	0
6968	0
6969	0
6970	0
6971	0
6972	0
6973	0
6974	0
6975	0
6976	0
6977	0
6978	0
6979	0
6980	0
6981	0
6982	0
6983	0
6984	0
6985	0
6986	0
6987	0
6988	0
6989	0
6990	0
6991	0
6992	0
6993	0
6994	0
6995	0
6996	0
6997	0
6998	0
6999	0
7000	0
7001	0
7002	0
7003	0
7004	0
7005	0
7006	0
7007	0
7008	0
7009	0
7010	0
7011	0
7012	0
7013	0
7014	0
7015	0
7016	0
7017	0
7018	0
7019	0
7020	0
7021	0
7022	0
7023	0
7024	0
7025	0
7026	0
7027	0
7028	0
7029	0
7030	0
7031	0
7032	0
7033	0
7034	0
7035	0
7036	0
7037	0
7038	0
7039	0
7040	0
7041	0
7042	0
7043	0
7044	0
7045	0
7046	0
7047	0
7048	0
7049	0
7050	0
7051	0
7052	0
7053	0
7054	0
7055	0
7056	0
7057	0
7058	0
7059	0
7060	0
7061	0
7062	0
7063	0
7064	0
7065	0
7066	0
7067	0
7068	0
7069	0
7070	0
7071	0
7072	0
7073	0
7074	0
7075	0
7076	0
7077	0
7078	0
7079	0
7080	0
7081	0
7082	0
7083	0
7084	0
7085	0
7086	0
7087	0
7088	0
7089	0
7090	0
7091	0
7092	0
7093	0
7094	0
7095	0
7096	0
7097	0
7098	0
7099	0
7100	0
7101	0
7102	0
7103	0
7104	0
7105	0
7106	0
7107	0
7108	0
7109	0
7110	0
7111	0
7112	0
7113	0
7114	0
7115	0
7116	0
7117	0
7118	0
7119	0
7120	0
7121	0
7122	0
7123	0
7124	0
7125	0
7126	0
7127	0
7128	0
7129	0
7130	0
7131	0
7132	0
7133	0
7134	0
7135	0
7136	0
7137	0
7138	0
7139	0
7140	0
7141	0
7142	0
7143	0
7144	0
7145	0
7146	0
7147	0
7148	0
7149	0
7150	0
7151	0
7152	0
7153	0
7154	0
7155	0
7156	0
7157	0
7158	0
7159	0
7160	0
7161	0
7162	0
7163	0
7164	0
7165	0
7166	0
7167	0
7168	0
7169	0
7170	0
7171	0
7172	0
7173	0
7174	0
7175	0
7176	0
7177	0
7178	0
7179	0
7180	0
7181	0
7182	0
7183	0
7184	0
7185	0
7186	0
7187	0
7188	0
7189	0
7190	0
7191	0
7192	0
7193	0
7194	0
7195	0
7196	0
7197	0
7198	0
7199	0
7200	0
7201	0
7202	0
7203	0
7204	0
7205	0
7206	0
7207	0
7208	0
7209	0
7210	0
7211	0
7212	0
7213	0
7214	0
7215	0
7216	0
7217	0
7218	0
7219	0
7220	0
7221	0
7222	0
7223	0
7224	0
7225	0
7226	0
7227	0
7228	0
7229	0
7230	0
7231	0
7232	0
7233	0
7234	0
7235	0
7236	0
7237	0
7238	0
7239	0
7240	0
7241	0
7242	0
7243	0
7244	0
7245	0
7246	0
7247	0
7248	0
7249	0
7250	0
7251	0
7252	0
7253	0
7254	0
7255	0
7256	0
7257	0
7258	0
7259	0
7260	0
7261	0
7262	0
7263	0
7264	0
7265	0
7266	0
7267	0
7268	0
7269	0
7270	0
7271	0
7272	0
7273	0
7274	0
7275	0
7276	0
7277	0
7278	0
7279	0
7280	0
7281	0
7282	0
7283	0
7284	0
7285	0
7286	0
7287	0
7288	0
7289	0
7290	0
7291	0
7292	0
7293	0
7294	0
7295	0
7296	0
7297	0
7298	0
7299	0
7300	0
7301	0
7302	0
7303	0
7304	0
7305	0
7306	0
7307	0
7308	0
7309	0
7310	0
7311	0
7312	0
7313	0
7314	0
7315	0
7316	0
7317	0
7318	0
7319	0
7320	0
7321	0
7322	0
7323	0
7324	0
7325	0
7326	0
7327	0
7328	0
7329	0
7330	0
7331	0
7332	0
7333	0
7334	0
7335	0
7336	0
7337	0
7338	0
7339	0
7340	0
7341	0
7342	0
7343	0
7344	0
7345	0
7346	0
7347	0
7348	0
7349	0
7350	0
7351	0
7352	0
7353	0
7354	0
7355	0
7356	0
7357	0
7358	0
7359	0
7360	0
7361	0
7362	0
7363	0
7364	0
7365	0
7366	0
7367	0
7368	0
7369	0
7370	0
7371	0
7372	0
7373	0
7374	0
7375	0
7376	0
7377	0
7378	0
7379	0
7380	0
7381	0
7382	0
7383	0
7384	0
7385	0
7386	0
7387	0
7388	0
7389	0
7390	0
7391	0
7392	0
7393	0
7394	0
7395	0
7396	0
7397	0
7398	0
7399	0
7400	0
7401	0
7402	0
7403	0
7404	0
7405	0
7406	0
7407	0
7408	0
7409	0
7410	0
7411	0
7412	0
7413	0
7414	0
7415	0
7416	0
7417	0
7418	0
7419	0
7420	0
7421	0
7422	0
7423	0
7424	0
7425	0
7426	0
7427	0
7428	0
7429	0
7430	0
7431	0
7432	0
7433	0
7434	0
7435	0
7436	0
7437	0
7438	0
7439	0
7440	0
7441	0
7442	0
7443	0
7444	0
7445	0
7446	0
7447	0
7448	0
7449	0
7450	0
7451	0
7452	0
7453	0
7454	0
7455	0
7456	0
7457	0
7458	0
7459	0
7460	0
7461	0
7462	0
7463	0
7464	0
7465	0
7466	0
7467	0
7468	0
7469	0
7470	0
7471	0
7472	0
7473	0
7474	0
7475	0
7476	0
7477	0
7478	0
7479	0
7480	0
7481	0
7482	0
7483	0
7484	0
7485	0
7486	0
7487	0
7488	0
7489	0
7490	0
7491	0
7492	0
7493	0
7494	0
7495	0
7496	0
7497	0
7498	0
7499	0
7500	0
7501	0
7502	0
7503	0
7504	0
7505	0
7506	0
7507	0
7508	0
7509	0
7510	0
7511	0
7512	0
7513	0
7514	0
7515	0
7516	0
7517	0
7518	0
7519	0
7520	0
7521	0
7522	0
7523	0
7524	0
7525	0
7526	0
7527	0
7528	0
7529	0
7530	0
7531	0
7532	0
7533	0
7534	0
7535	0
7536	0
7537	0
7538	0
7539	0
7540	0
7541	0
7542	0
7543	0
7544	0
7545	0
7546	0
7547	0
7548	0
7549	0
7550	0
7551	0
7552	0
7553	0
7554	0
7555	0
7556	0
7557	0
7558	0
7559	0
7560	0
7561	0
7562	0
7563	0
7564	0
7565	0
7566	0
7567	0
7568	0
7569	0
7570	0
7571	0
7572	0
7573	0
7574	0
7575	0
7576	0
7577	0
7578	0
7579	0
7580	0
7581	0
7582	0
7583	0
7584	0
7585	0
7586	0
7587	0
7588	0
7589	0
7590	0
7591	0
7592	0
7593	0
7594	0
7595	0
7596	0
7597	0
7598	0
7599	0
7600	0
7601	0
7602	0
7603	0
7604	0
7605	0
7606	0
7607	0
7608	0
7609	0
7610	0
7611	0
7612	0
7613	0
7614	0
7615	0
7616	0
7617	0
7618	0
7619	0
7620	0
7621	0
7622	0
7623	0
7624	0
7625	0
7626	0
7627	0
7628	0
7629	0
7630	0
7631	0
7632	0
7633	0
7634	0
7635	0
7636	0
7637	0
7638	0
7639	0
7640	0
7641	0
7642	0
7643	0
7644	0
7645	0
7646	0
7647	0
7648	0
7649	0
7650	0
7651	0
7652	0
7653	0
7654	0
7655	0
7656	0
7657	0
7658	0
7659	0
7660	0
7661	0
7662	0
7663	0
7664	0
7665	0
7666	0
7667	0
7668	0
7669	0
7670	0
7671	0
7672	0
7673	0
7674	0
7675	0
7676	0
7677	0
7678	0
7679	0
7680	0
7681	0
7682	0
7683	0
7684	0
7685	0
7686	0
7687	0
7688	0
7689	0
7690	0
7691	0
7692	0
7693	0
7694	0
7695	0
7696	0
7697	0
7698	0
7699	0
7700	0
7701	0
7702	0
7703	0
7704	0
7705	0
7706	0
7707	0
7708	0
7709	0
7710	0
7711	0
7712	0
7713	0
7714	0
7715	0
7716	0
7717	0
7718	0
7719	0
7720	0
7721	0
7722	0
7723	0
7724	0
7725	0
7726	0
7727	0
7728	0
7729	0
7730	0
7731	0
7732	0
7733	0
7734	0
7735	0
7736	0
7737	0
7738	0
7739	0
7740	0
7741	0
7742	0
7743	0
7744	0
7745	0
7746	0
7747	0
7748	0
7749	0
7750	0
7751	0
7752	0
7753	0
7754	0
7755	0
7756	0
7757	0
7758	0
7759	0
7760	0
7761	0
7762	0
7763	0
7764	0
7765	0
7766	0
7767	0
7768	0
7769	0
7770	0
7771	0
7772	0
7773	0
7774	0
7775	0
7776	0
7777	0
7778	0
7779	0
7780	0
7781	0
7782	0
7783	0
7784	0
7785	0
7786	0
7787	0
7788	0
7789	0
7790	0
7791	0
7792	0
7793	0
7794	0
7795	0
7796	0
7797	0
7798	0
7799	0
7800	0
7801	0
7802	0
7803	0
7804	0
7805	0
7806	0
7807	0
7808	0
7809	0
7810	0
7811	0
7812	0
7813	0
7814	0
7815	0
7816	0
7817	0
7818	0
7819	0
7820	0
7821	0
7822	0
7823	0
7824	0
7825	0
7826	0
7827	0
7828	0
7829	0
7830	0
7831	0
7832	0
7833	0
7834	0
7835	0
7836	0
7837	0
7838	0
7839	0
7840	0
7841	0
7842	0
7843	0
7844	0
7845	0
7846	0
7847	0
7848	0
7849	0
7850	0
7851	0
7852	0
7853	0
7854	0
7855	0
7856	0
7857	0
7858	0
7859	0
7860	0
7861	0
7862	0
7863	0
7864	0
7865	0
7866	0
7867	0
7868	0
7869	0
7870	0
7871	0
7872	0
7873	0
7874	0
7875	0
7876	0
7877	0
7878	0
7879	0
7880	0
7881	0
7882	0
7883	0
7884	0
7885	0
7886	0
7887	0
7888	0
7889	0
7890	0
7891	0
7892	0
7893	0
7894	0
7895	0
7896	0
7897	0
7898	0
7899	0
7900	0
7901	0
7902	0
7903	0
7904	0
7905	0
7906	0
7907	0
7908	0
7909	0
7910	0
7911	0
7912	0
7913	0
7914	0
7915	0
7916	0
7917	0
7918	0
7919	0
7920	0
7921	0
7922	0
7923	0
7924	0
7925	0
7926	0
7927	0
7928	0
7929	0
7930	0
7931	0
7932	0
7933	0
7934	0
7935	0
7936	0
7937	0
7938	0
7939	0
7940	0
7941	0
7942	0
7943	0
7944	0
7945	0
7946	0
7947	0
7948	0
7949	0
7950	0
7951	0
7952	0
7953	0
7954	0
7955	0
7956	0
7957	0
7958	0
7959	0
7960	0
7961	0
7962	0
7963	0
7964	0
7965	0
7966	0
7967	0
7968	0
7969	0
7970	0
7971	0
7972	0
7973	0
7974	0
7975	0
7976	0
7977	0
7978	0
7979	0
7980	0
7981	0
7982	0
7983	0
7984	0
7985	0
7986	0
7987	0
7988	0
7989	0
7990	0
7991	0
7992	0
7993	0
7994	0
7995	0
7996	0
7997	0
7998	0
7999	0
8000	0
8001	0
8002	0
8003	0
8004	0
8005	0
8006	0
8007	0
8008	0
8009	0
8010	0
8011	0
8012	0
8013	0
8014	0
8015	0
8016	0
8017	0
8018	0
8019	0
8020	0
8021	0
8022	0
8023	0
8024	0
8025	0
8026	0
8027	0
8028	0
8029	0
8030	0
8031	0
8032	0
8033	0
8034	0
8035	0
8036	0
8037	0
8038	0
8039	0
8040	0
8041	0
8042	0
8043	0
8044	0
8045	0
8046	0
8047	0
8048	0
8049	0
8050	0
8051	0
8052	0
8053	0
8054	0
8055	0
8056	0
8057	0
8058	0
8059	0
8060	0
8061	0
8062	0
8063	0
8064	0
8065	0
8066	0
8067	0
8068	0
8069	0
8070	0
8071	0
8072	0
8073	0
8074	0
8075	0
8076	0
8077	0
8078	0
8079	0
8080	0
8081	0
8082	0
8083	0
8084	0
8085	0
8086	0
8087	0
8088	0
8089	0
8090	0
8091	0
8092	0
8093	0
8094	0
8095	0
8096	0
8097	0
8098	0
8099	0
8100	0
8101	0
8102	0
8103	0
8104	0
8105	0
8106	0
8107	0
8108	0
8109	0
8110	0
8111	0
8112	0
8113	0
8114	0
8115	0
8116	0
8117	0
8118	0
8119	0
8120	0
8121	0
8122	0
8123	0
8124	0
8125	0
8126	0
8127	0
8128	0
8129	0
8130	0
8131	0
8132	0
8133	0
8134	0
8135	0
8136	0
8137	0
8138	0
8139	0
8140	0
8141	0
8142	0
8143	0
8144	0
8145	0
8146	0
8147	0
8148	0
8149	0
8150	0
8151	0
8152	0
8153	0
8154	0
8155	0
8156	0
8157	0
8158	0
8159	0
8160	0
8161	0
8162	0
8163	0
8164	0
8165	0
8166	0
8167	0
8168	0
8169	0
8170	0
8171	0
8172	0
8173	0
8174	0
8175	0
8176	0
8177	0
8178	0
8179	0
8180	0
8181	0
8182	0
8183	0
8184	0
8185	0
8186	0
8187	0
8188	0
8189	0
8190	0
8191	0
