0	0
1	0
2	0
3	0
4	0
5	0
6	0
7	0
8	0
9	0
10	0
11	0
12	0
13	0
14	0
15	0
16	0
17	0
18	0
19	0
20	0
21	0
22	0
23	0
24	0
25	0
26	0
27	0
28	0
29	0
30	0
31	0
32	0
33	0
34	0
35	0
36	0
37	0
38	0
39	0
40	0
41	0
42	0
43	0
44	0
45	0
46	0
47	0
48	0
49	0
50	0
51	0
52	0
53	0
54	0
55	0
56	0
57	0
58	0
59	0
60	0
61	0
62	0
63	0
64	0
65	0
66	0
67	0
68	0
69	0
70	0
71	0
72	0
73	0
74	0
75	0
76	0
77	0
78	0
79	0
80	0
81	0
82	0
83	0
84	0
85	0
86	0
87	0
88	0
89	0
90	0
91	0
92	0
93	0
94	0
95	0
96	0
97	0
98	0
99	0
100	0
101	0
102	0
103	0
104	0
105	0
106	0
107	0
108	0
109	0
110	0
111	0
112	0
113	0
114	0
115	0
116	0
117	0
118	0
119	0
120	0
121	0
122	0
123	0
124	0
125	0
126	0
127	0
128	0
129	0
130	0
131	0
132	0
133	0
134	0
135	0
136	0
137	0
138	0
139	0
140	0
141	0
142	0
143	0
144	0
145	0
146	0
147	0
148	0
149	0
150	0
151	0
152	0
153	0
154	0
155	0
156	0
157	0
158	0
159	0
160	0
161	0
162	0
163	0
164	0
165	0
166	0
167	0
168	0
169	0
170	0
171	0
172	0
173	0
174	0
175	0
176	0
177	0
178	0
179	0
180	0
181	0
182	0
183	0
184	0
185	0
186	0
187	0
188	0
189	0
190	0
191	0
192	0
193	0
194	0
195	0
196	0
197	0
198	0
199	0
200	0
201	0
202	0
203	0
204	0
205	0
206	0
207	0
208	0
209	0
210	0
211	0
212	0
213	0
214	0
215	0
216	0
217	0
218	0
219	0
220	0
221	0
222	0
223	0
224	0
225	0
226	0
227	0
228	0
229	0
230	0
231	0
232	0
233	0
234	0
235	0
236	0
237	0
238	0
239	0
240	0
241	0
242	0
243	0
244	0
245	0
246	0
247	0
248	0
249	0
250	0
251	0
252	0
253	0
254	0
255	0
256	0
257	0
258	0
259	0
260	0
261	0
262	0
263	0
264	0
265	0
266	0
267	0
268	0
269	0
270	0
271	0
272	0
273	0
274	0
275	0
276	0
277	0
278	0
279	0
280	0
281	0
282	0
283	0
284	0
285	0
286	0
287	0
288	0
289	0
290	0
291	0
292	0
293	0
294	0
295	0
296	0
297	0
298	0
299	0
300	0
301	0
302	0
303	0
304	0
305	0
306	0
307	0
308	0
309	0
310	0
311	0
312	0
313	0
314	0
315	0
316	0
317	0
318	0
319	0
320	0
321	0
322	0
323	0
324	0
325	0
326	0
327	0
328	0
329	0
330	0
331	0
332	0
333	0
334	0
335	0
336	0
337	0
338	0
339	0
340	0
341	0
342	0
343	0
344	0
345	0
346	0
347	0
348	0
349	0
350	0
351	0
352	0
353	0
354	0
355	0
356	0
357	0
358	0
359	0
360	0
361	0
362	0
363	0
364	0
365	0
366	0
367	0
368	0
369	0
370	0
371	0
372	0
373	0
374	0
375	0
376	0
377	0
378	0
379	0
380	0
381	0
382	0
383	0
384	0
385	0
386	0
387	0
388	0
389	0
390	0
391	0
392	0
393	0
394	0
395	0
396	0
397	0
398	0
399	0
400	0
401	0
402	0
403	0
404	0
405	0
406	0
407	0
408	0
409	0
410	0
411	0
412	0
413	0
414	0
415	0
416	0
417	0
418	0
419	0
420	0
421	0
422	0
423	0
424	0
425	0
426	0
427	0
428	0
429	0
430	0
431	0
432	0
433	0
434	0
435	0
436	0
437	0
438	0
439	0
440	0
441	0
442	0
443	0
444	0
445	0
446	0
447	0
448	0
449	0
450	0
451	0
452	0
453	0
454	0
455	0
456	0
457	0
458	0
459	0
460	0
461	0
462	0
463	0
464	0
465	0
466	0
467	0
468	0
469	0
470	0
471	0
472	0
473	0
474	0
475	0
476	0
477	0
478	0
479	0
480	0
481	0
482	0
483	0
484	0
485	0
486	0
487	0
488	0
489	0
490	0
491	0
492	0
493	0
494	0
495	0
496	0
497	0
498	0
499	0
500	0
501	0
502	0
503	0
504	0
505	0
506	0
507	0
508	0
509	0
510	0
511	0
512	0
513	0
514	0
515	0
516	0
517	0
518	0
519	0
520	0
521	0
522	0
523	0
524	0
525	0
526	0
527	0
528	0
529	0
530	0
531	0
532	0
533	0
534	0
535	0
536	0
537	0
538	0
539	0
540	0
541	0
542	5
543	22
544	39
545	59
546	41
547	55
548	52
549	52
550	42
551	79
552	63
553	53
554	56
555	59
556	50
557	73
558	42
559	51
560	46
561	48
562	49
563	43
564	54
565	46
566	58
567	46
568	40
569	58
570	44
571	46
572	41
573	48
574	39
575	45
576	47
577	53
578	50
579	45
580	47
581	34
582	47
583	49
584	50
585	44
586	44
587	48
588	41
589	42
590	35
591	37
592	51
593	51
594	41
595	51
596	51
597	49
598	51
599	39
600	38
601	45
602	50
603	39
604	60
605	45
606	34
607	38
608	30
609	39
610	47
611	46
612	45
613	38
614	54
615	35
616	48
617	38
618	38
619	45
620	45
621	39
622	35
623	51
624	47
625	42
626	45
627	52
628	42
629	44
630	36
631	43
632	49
633	59
634	61
635	41
636	48
637	49
638	41
639	35
640	40
641	43
642	47
643	50
644	50
645	40
646	29
647	43
648	35
649	39
650	35
651	44
652	39
653	35
654	58
655	46
656	42
657	34
658	41
659	40
660	34
661	46
662	48
663	50
664	39
665	50
666	46
667	26
668	45
669	42
670	47
671	43
672	49
673	28
674	32
675	44
676	40
677	40
678	47
679	45
680	29
681	41
682	41
683	44
684	41
685	44
686	52
687	39
688	56
689	40
690	52
691	38
692	48
693	43
694	35
695	45
696	36
697	24
698	42
699	36
700	44
701	42
702	47
703	41
704	41
705	45
706	45
707	38
708	36
709	38
710	46
711	24
712	32
713	39
714	31
715	39
716	40
717	31
718	44
719	46
720	37
721	37
722	41
723	37
724	40
725	44
726	35
727	37
728	38
729	32
730	30
731	50
732	36
733	43
734	48
735	39
736	45
737	51
738	38
739	37
740	43
741	27
742	46
743	27
744	36
745	37
746	27
747	33
748	47
749	48
750	42
751	37
752	38
753	37
754	53
755	40
756	39
757	48
758	39
759	47
760	38
761	38
762	51
763	42
764	31
765	33
766	48
767	37
768	45
769	49
770	39
771	34
772	42
773	46
774	37
775	48
776	42
777	44
778	43
779	44
780	38
781	30
782	43
783	53
784	35
785	43
786	42
787	42
788	44
789	34
790	37
791	48
792	38
793	42
794	41
795	42
796	40
797	36
798	41
799	38
800	41
801	34
802	38
803	35
804	42
805	44
806	38
807	42
808	41
809	41
810	51
811	35
812	38
813	39
814	37
815	27
816	48
817	41
818	32
819	41
820	50
821	35
822	49
823	44
824	39
825	34
826	50
827	46
828	40
829	47
830	43
831	45
832	40
833	42
834	35
835	33
836	41
837	45
838	45
839	52
840	54
841	44
842	54
843	37
844	37
845	30
846	28
847	38
848	40
849	34
850	41
851	36
852	37
853	35
854	50
855	46
856	39
857	33
858	49
859	36
860	33
861	33
862	46
863	45
864	44
865	41
866	36
867	51
868	49
869	39
870	40
871	41
872	38
873	46
874	32
875	29
876	54
877	33
878	32
879	44
880	49
881	38
882	40
883	43
884	38
885	39
886	43
887	47
888	37
889	48
890	45
891	45
892	37
893	39
894	39
895	41
896	36
897	40
898	47
899	43
900	44
901	50
902	38
903	40
904	35
905	44
906	54
907	46
908	33
909	47
910	38
911	42
912	39
913	42
914	49
915	51
916	39
917	39
918	43
919	34
920	40
921	46
922	43
923	38
924	48
925	32
926	47
927	40
928	36
929	38
930	45
931	35
932	38
933	35
934	33
935	46
936	39
937	44
938	57
939	42
940	29
941	34
942	37
943	33
944	42
945	49
946	53
947	43
948	47
949	45
950	42
951	49
952	29
953	45
954	37
955	44
956	50
957	35
958	36
959	36
960	43
961	43
962	47
963	39
964	36
965	38
966	38
967	45
968	42
969	43
970	47
971	41
972	44
973	42
974	42
975	36
976	45
977	40
978	53
979	33
980	42
981	43
982	36
983	46
984	40
985	38
986	43
987	44
988	38
989	45
990	39
991	47
992	38
993	34
994	35
995	54
996	35
997	42
998	45
999	40
1000	43
1001	34
1002	36
1003	42
1004	40
1005	46
1006	43
1007	33
1008	52
1009	35
1010	32
1011	37
1012	44
1013	39
1014	36
1015	47
1016	28
1017	40
1018	42
1019	47
1020	54
1021	46
1022	42
1023	36
1024	49
1025	48
1026	33
1027	42
1028	38
1029	43
1030	43
1031	42
1032	36
1033	39
1034	48
1035	38
1036	40
1037	51
1038	38
1039	47
1040	44
1041	43
1042	32
1043	42
1044	31
1045	49
1046	43
1047	31
1048	30
1049	48
1050	54
1051	49
1052	34
1053	39
1054	30
1055	39
1056	36
1057	35
1058	42
1059	45
1060	44
1061	37
1062	48
1063	35
1064	35
1065	35
1066	30
1067	44
1068	39
1069	42
1070	52
1071	45
1072	37
1073	48
1074	47
1075	51
1076	48
1077	37
1078	44
1079	42
1080	49
1081	43
1082	46
1083	37
1084	43
1085	40
1086	49
1087	44
1088	32
1089	38
1090	35
1091	38
1092	46
1093	40
1094	40
1095	32
1096	39
1097	47
1098	42
1099	26
1100	33
1101	49
1102	42
1103	28
1104	43
1105	53
1106	44
1107	33
1108	56
1109	38
1110	37
1111	59
1112	41
1113	44
1114	41
1115	31
1116	39
1117	52
1118	41
1119	51
1120	50
1121	44
1122	43
1123	50
1124	44
1125	40
1126	40
1127	47
1128	36
1129	44
1130	36
1131	30
1132	43
1133	37
1134	54
1135	30
1136	40
1137	55
1138	42
1139	43
1140	36
1141	45
1142	35
1143	42
1144	36
1145	36
1146	44
1147	32
1148	34
1149	41
1150	48
1151	45
1152	30
1153	38
1154	48
1155	32
1156	33
1157	45
1158	52
1159	43
1160	48
1161	50
1162	29
1163	50
1164	57
1165	45
1166	44
1167	43
1168	41
1169	42
1170	43
1171	44
1172	55
1173	42
1174	32
1175	34
1176	37
1177	44
1178	38
1179	41
1180	43
1181	33
1182	40
1183	54
1184	38
1185	48
1186	37
1187	45
1188	47
1189	37
1190	41
1191	39
1192	52
1193	44
1194	33
1195	45
1196	51
1197	37
1198	30
1199	34
1200	44
1201	31
1202	35
1203	39
1204	39
1205	44
1206	36
1207	48
1208	54
1209	39
1210	45
1211	48
1212	41
1213	38
1214	26
1215	36
1216	34
1217	33
1218	39
1219	41
1220	45
1221	50
1222	37
1223	38
1224	49
1225	35
1226	37
1227	37
1228	41
1229	35
1230	45
1231	47
1232	31
1233	38
1234	53
1235	44
1236	41
1237	54
1238	39
1239	46
1240	33
1241	36
1242	42
1243	37
1244	45
1245	49
1246	38
1247	39
1248	54
1249	36
1250	39
1251	47
1252	38
1253	43
1254	52
1255	36
1256	37
1257	46
1258	49
1259	30
1260	38
1261	38
1262	37
1263	40
1264	41
1265	48
1266	31
1267	36
1268	34
1269	44
1270	36
1271	52
1272	49
1273	51
1274	38
1275	38
1276	39
1277	39
1278	29
1279	33
1280	46
1281	44
1282	55
1283	52
1284	41
1285	39
1286	35
1287	45
1288	49
1289	47
1290	35
1291	45
1292	49
1293	45
1294	35
1295	37
1296	47
1297	36
1298	44
1299	43
1300	49
1301	42
1302	51
1303	39
1304	45
1305	42
1306	44
1307	52
1308	48
1309	43
1310	41
1311	43
1312	47
1313	42
1314	45
1315	41
1316	53
1317	45
1318	44
1319	39
1320	39
1321	45
1322	46
1323	49
1324	38
1325	38
1326	47
1327	43
1328	32
1329	52
1330	39
1331	46
1332	39
1333	34
1334	38
1335	42
1336	43
1337	40
1338	42
1339	43
1340	43
1341	48
1342	41
1343	38
1344	45
1345	38
1346	28
1347	50
1348	41
1349	43
1350	38
1351	27
1352	41
1353	38
1354	35
1355	37
1356	39
1357	44
1358	47
1359	40
1360	63
1361	40
1362	39
1363	52
1364	28
1365	38
1366	45
1367	45
1368	57
1369	46
1370	55
1371	41
1372	31
1373	40
1374	41
1375	47
1376	34
1377	45
1378	34
1379	40
1380	34
1381	35
1382	33
1383	38
1384	49
1385	30
1386	43
1387	35
1388	34
1389	51
1390	56
1391	48
1392	41
1393	34
1394	46
1395	37
1396	48
1397	41
1398	41
1399	44
1400	50
1401	37
1402	53
1403	52
1404	40
1405	44
1406	44
1407	43
1408	40
1409	39
1410	36
1411	34
1412	22
1413	40
1414	48
1415	34
1416	53
1417	42
1418	34
1419	36
1420	52
1421	44
1422	46
1423	40
1424	50
1425	54
1426	41
1427	33
1428	43
1429	40
1430	50
1431	34
1432	40
1433	44
1434	39
1435	43
1436	49
1437	61
1438	43
1439	32
1440	33
1441	32
1442	37
1443	48
1444	37
1445	37
1446	48
1447	43
1448	38
1449	37
1450	45
1451	40
1452	43
1453	44
1454	46
1455	36
1456	41
1457	37
1458	40
1459	43
1460	45
1461	42
1462	38
1463	42
1464	50
1465	38
1466	49
1467	45
1468	37
1469	52
1470	39
1471	39
1472	51
1473	35
1474	47
1475	38
1476	40
1477	38
1478	44
1479	41
1480	32
1481	45
1482	41
1483	37
1484	54
1485	41
1486	37
1487	37
1488	40
1489	43
1490	46
1491	41
1492	48
1493	50
1494	43
1495	40
1496	46
1497	39
1498	35
1499	48
1500	45
1501	48
1502	46
1503	41
1504	47
1505	40
1506	44
1507	35
1508	37
1509	43
1510	51
1511	35
1512	44
1513	44
1514	34
1515	31
1516	43
1517	42
1518	43
1519	43
1520	50
1521	56
1522	38
1523	42
1524	43
1525	42
1526	35
1527	49
1528	40
1529	35
1530	49
1531	43
1532	42
1533	40
1534	43
1535	46
1536	38
1537	45
1538	47
1539	40
1540	34
1541	34
1542	54
1543	38
1544	58
1545	47
1546	41
1547	42
1548	47
1549	37
1550	44
1551	46
1552	38
1553	35
1554	38
1555	32
1556	59
1557	49
1558	40
1559	41
1560	38
1561	35
1562	55
1563	51
1564	41
1565	54
1566	36
1567	46
1568	42
1569	46
1570	48
1571	52
1572	44
1573	54
1574	42
1575	48
1576	50
1577	44
1578	32
1579	37
1580	33
1581	47
1582	39
1583	46
1584	63
1585	42
1586	44
1587	40
1588	44
1589	53
1590	41
1591	32
1592	50
1593	44
1594	54
1595	49
1596	42
1597	42
1598	42
1599	41
1600	36
1601	36
1602	44
1603	61
1604	38
1605	44
1606	35
1607	37
1608	48
1609	43
1610	49
1611	48
1612	50
1613	47
1614	45
1615	41
1616	50
1617	46
1618	37
1619	42
1620	44
1621	41
1622	54
1623	38
1624	42
1625	46
1626	50
1627	41
1628	43
1629	53
1630	36
1631	30
1632	48
1633	24
1634	40
1635	37
1636	58
1637	44
1638	48
1639	53
1640	50
1641	35
1642	40
1643	47
1644	44
1645	28
1646	44
1647	48
1648	47
1649	46
1650	37
1651	40
1652	40
1653	36
1654	41
1655	43
1656	47
1657	37
1658	43
1659	30
1660	38
1661	42
1662	28
1663	41
1664	37
1665	51
1666	38
1667	30
1668	38
1669	46
1670	42
1671	36
1672	38
1673	41
1674	47
1675	36
1676	52
1677	36
1678	44
1679	48
1680	40
1681	41
1682	45
1683	45
1684	46
1685	27
1686	34
1687	34
1688	40
1689	38
1690	44
1691	35
1692	38
1693	49
1694	41
1695	48
1696	52
1697	41
1698	44
1699	53
1700	41
1701	45
1702	37
1703	36
1704	43
1705	48
1706	45
1707	53
1708	40
1709	26
1710	43
1711	45
1712	36
1713	42
1714	39
1715	57
1716	35
1717	40
1718	41
1719	39
1720	52
1721	42
1722	37
1723	44
1724	48
1725	56
1726	42
1727	49
1728	37
1729	34
1730	44
1731	48
1732	48
1733	33
1734	41
1735	40
1736	45
1737	33
1738	50
1739	35
1740	38
1741	38
1742	39
1743	43
1744	43
1745	37
1746	38
1747	37
1748	39
1749	39
1750	40
1751	38
1752	44
1753	43
1754	47
1755	36
1756	32
1757	43
1758	37
1759	42
1760	54
1761	30
1762	37
1763	37
1764	34
1765	48
1766	30
1767	46
1768	44
1769	41
1770	40
1771	45
1772	36
1773	42
1774	57
1775	40
1776	38
1777	39
1778	43
1779	48
1780	39
1781	50
1782	43
1783	38
1784	39
1785	55
1786	38
1787	46
1788	50
1789	60
1790	41
1791	30
1792	42
1793	49
1794	45
1795	43
1796	45
1797	35
1798	34
1799	52
1800	52
1801	40
1802	38
1803	34
1804	47
1805	37
1806	50
1807	47
1808	41
1809	41
1810	48
1811	41
1812	47
1813	40
1814	46
1815	42
1816	29
1817	42
1818	38
1819	47
1820	46
1821	41
1822	45
1823	39
1824	50
1825	39
1826	42
1827	45
1828	53
1829	41
1830	53
1831	47
1832	47
1833	36
1834	35
1835	48
1836	40
1837	41
1838	32
1839	35
1840	44
1841	49
1842	41
1843	46
1844	41
1845	43
1846	34
1847	38
1848	34
1849	49
1850	39
1851	49
1852	45
1853	29
1854	40
1855	51
1856	35
1857	27
1858	37
1859	56
1860	34
1861	36
1862	27
1863	36
1864	38
1865	28
1866	44
1867	49
1868	50
1869	50
1870	43
1871	48
1872	40
1873	33
1874	37
1875	63
1876	27
1877	38
1878	44
1879	41
1880	44
1881	51
1882	42
1883	50
1884	44
1885	45
1886	47
1887	50
1888	37
1889	47
1890	45
1891	53
1892	46
1893	47
1894	39
1895	44
1896	46
1897	47
1898	37
1899	38
1900	40
1901	53
1902	46
1903	53
1904	49
1905	59
1906	36
1907	52
1908	40
1909	46
1910	48
1911	51
1912	49
1913	43
1914	44
1915	55
1916	44
1917	45
1918	43
1919	36
1920	40
1921	50
1922	59
1923	57
1924	42
1925	38
1926	44
1927	39
1928	34
1929	48
1930	58
1931	42
1932	57
1933	35
1934	47
1935	40
1936	51
1937	40
1938	49
1939	43
1940	53
1941	49
1942	48
1943	45
1944	43
1945	48
1946	48
1947	58
1948	45
1949	51
1950	42
1951	55
1952	51
1953	36
1954	57
1955	42
1956	46
1957	59
1958	44
1959	39
1960	47
1961	54
1962	38
1963	39
1964	43
1965	46
1966	59
1967	47
1968	56
1969	52
1970	41
1971	39
1972	76
1973	44
1974	58
1975	38
1976	41
1977	51
1978	59
1979	60
1980	49
1981	56
1982	33
1983	48
1984	45
1985	44
1986	56
1987	63
1988	71
1989	54
1990	54
1991	57
1992	48
1993	47
1994	53
1995	49
1996	45
1997	45
1998	50
1999	41
2000	55
2001	65
2002	58
2003	61
2004	47
2005	58
2006	51
2007	48
2008	51
2009	68
2010	41
2011	49
2012	41
2013	46
2014	66
2015	71
2016	45
2017	58
2018	51
2019	40
2020	53
2021	54
2022	58
2023	45
2024	56
2025	47
2026	58
2027	67
2028	72
2029	70
2030	58
2031	70
2032	60
2033	62
2034	62
2035	71
2036	63
2037	65
2038	64
2039	55
2040	52
2041	51
2042	72
2043	67
2044	60
2045	66
2046	68
2047	57
2048	59
2049	80
2050	66
2051	70
2052	64
2053	80
2054	63
2055	83
2056	72
2057	81
2058	75
2059	64
2060	72
2061	55
2062	67
2063	67
2064	76
2065	66
2066	70
2067	76
2068	68
2069	75
2070	76
2071	79
2072	73
2073	79
2074	70
2075	92
2076	75
2077	81
2078	74
2079	81
2080	90
2081	80
2082	90
2083	81
2084	83
2085	75
2086	87
2087	75
2088	97
2089	90
2090	93
2091	86
2092	82
2093	81
2094	68
2095	66
2096	67
2097	77
2098	74
2099	97
2100	86
2101	80
2102	111
2103	92
2104	74
2105	95
2106	106
2107	88
2108	84
2109	87
2110	96
2111	79
2112	98
2113	80
2114	92
2115	100
2116	96
2117	82
2118	87
2119	85
2120	106
2121	84
2122	91
2123	103
2124	113
2125	95
2126	99
2127	81
2128	73
2129	95
2130	104
2131	104
2132	86
2133	85
2134	95
2135	102
2136	104
2137	112
2138	99
2139	93
2140	103
2141	81
2142	84
2143	95
2144	100
2145	91
2146	90
2147	102
2148	106
2149	94
2150	92
2151	84
2152	105
2153	111
2154	100
2155	114
2156	91
2157	103
2158	108
2159	119
2160	105
2161	104
2162	106
2163	100
2164	94
2165	99
2166	98
2167	97
2168	98
2169	95
2170	110
2171	99
2172	104
2173	91
2174	96
2175	99
2176	89
2177	94
2178	94
2179	100
2180	93
2181	104
2182	99
2183	101
2184	89
2185	92
2186	102
2187	104
2188	104
2189	95
2190	94
2191	109
2192	96
2193	86
2194	100
2195	103
2196	81
2197	106
2198	78
2199	90
2200	89
2201	101
2202	81
2203	91
2204	109
2205	89
2206	84
2207	79
2208	101
2209	97
2210	97
2211	82
2212	92
2213	93
2214	78
2215	92
2216	96
2217	89
2218	93
2219	78
2220	74
2221	101
2222	96
2223	89
2224	79
2225	88
2226	67
2227	72
2228	98
2229	72
2230	72
2231	92
2232	66
2233	84
2234	85
2235	82
2236	77
2237	79
2238	70
2239	88
2240	74
2241	77
2242	74
2243	77
2244	78
2245	56
2246	68
2247	53
2248	92
2249	66
2250	70
2251	65
2252	73
2253	75
2254	65
2255	70
2256	64
2257	65
2258	91
2259	58
2260	76
2261	60
2262	67
2263	79
2264	81
2265	63
2266	61
2267	65
2268	62
2269	62
2270	66
2271	71
2272	68
2273	53
2274	59
2275	60
2276	66
2277	47
2278	51
2279	54
2280	65
2281	58
2282	53
2283	54
2284	66
2285	50
2286	64
2287	50
2288	72
2289	59
2290	61
2291	46
2292	47
2293	39
2294	58
2295	51
2296	66
2297	53
2298	58
2299	51
2300	60
2301	68
2302	49
2303	53
2304	61
2305	56
2306	60
2307	53
2308	52
2309	54
2310	48
2311	60
2312	65
2313	64
2314	69
2315	55
2316	51
2317	56
2318	67
2319	66
2320	67
2321	53
2322	59
2323	57
2324	61
2325	68
2326	50
2327	55
2328	51
2329	58
2330	61
2331	56
2332	56
2333	45
2334	48
2335	48
2336	58
2337	62
2338	47
2339	58
2340	57
2341	56
2342	63
2343	60
2344	52
2345	59
2346	56
2347	59
2348	53
2349	56
2350	45
2351	56
2352	54
2353	47
2354	62
2355	42
2356	64
2357	69
2358	49
2359	60
2360	65
2361	67
2362	46
2363	64
2364	55
2365	68
2366	35
2367	53
2368	52
2369	58
2370	69
2371	43
2372	46
2373	65
2374	54
2375	46
2376	54
2377	58
2378	50
2379	64
2380	48
2381	52
2382	53
2383	59
2384	51
2385	62
2386	60
2387	68
2388	51
2389	51
2390	58
2391	46
2392	52
2393	47
2394	53
2395	51
2396	51
2397	59
2398	63
2399	62
2400	55
2401	54
2402	50
2403	68
2404	71
2405	54
2406	46
2407	54
2408	44
2409	44
2410	60
2411	60
2412	65
2413	64
2414	68
2415	51
2416	58
2417	59
2418	73
2419	77
2420	62
2421	79
2422	67
2423	57
2424	51
2425	60
2426	64
2427	67
2428	66
2429	70
2430	60
2431	61
2432	59
2433	57
2434	53
2435	56
2436	59
2437	51
2438	68
2439	66
2440	54
2441	46
2442	61
2443	67
2444	66
2445	46
2446	63
2447	53
2448	79
2449	58
2450	68
2451	60
2452	57
2453	52
2454	62
2455	59
2456	56
2457	69
2458	61
2459	73
2460	53
2461	54
2462	56
2463	72
2464	71
2465	60
2466	58
2467	57
2468	58
2469	81
2470	68
2471	56
2472	69
2473	80
2474	66
2475	64
2476	69
2477	62
2478	60
2479	80
2480	70
2481	67
2482	60
2483	73
2484	81
2485	64
2486	63
2487	52
2488	54
2489	75
2490	55
2491	69
2492	62
2493	56
2494	70
2495	62
2496	69
2497	52
2498	77
2499	75
2500	79
2501	72
2502	69
2503	62
2504	73
2505	73
2506	70
2507	71
2508	79
2509	75
2510	63
2511	69
2512	65
2513	73
2514	80
2515	70
2516	70
2517	69
2518	74
2519	66
2520	73
2521	59
2522	61
2523	67
2524	75
2525	74
2526	82
2527	76
2528	74
2529	81
2530	59
2531	72
2532	91
2533	63
2534	72
2535	78
2536	97
2537	96
2538	78
2539	86
2540	70
2541	69
2542	75
2543	65
2544	64
2545	90
2546	64
2547	85
2548	85
2549	80
2550	74
2551	75
2552	81
2553	95
2554	83
2555	76
2556	79
2557	82
2558	74
2559	84
2560	84
2561	70
2562	70
2563	97
2564	100
2565	104
2566	84
2567	82
2568	87
2569	89
2570	72
2571	84
2572	89
2573	94
2574	86
2575	96
2576	83
2577	93
2578	111
2579	112
2580	90
2581	93
2582	99
2583	83
2584	95
2585	106
2586	109
2587	93
2588	104
2589	106
2590	105
2591	118
2592	103
2593	102
2594	108
2595	104
2596	102
2597	101
2598	117
2599	102
2600	111
2601	128
2602	121
2603	108
2604	119
2605	110
2606	102
2607	96
2608	114
2609	108
2610	111
2611	117
2612	105
2613	117
2614	127
2615	144
2616	132
2617	138
2618	142
2619	122
2620	121
2621	134
2622	121
2623	125
2624	142
2625	121
2626	138
2627	141
2628	146
2629	122
2630	124
2631	132
2632	150
2633	144
2634	158
2635	119
2636	138
2637	136
2638	157
2639	127
2640	134
2641	143
2642	138
2643	147
2644	146
2645	160
2646	134
2647	148
2648	156
2649	152
2650	155
2651	158
2652	142
2653	163
2654	155
2655	153
2656	155
2657	151
2658	151
2659	165
2660	147
2661	139
2662	168
2663	162
2664	149
2665	170
2666	162
2667	164
2668	173
2669	203
2670	189
2671	186
2672	180
2673	201
2674	203
2675	170
2676	174
2677	193
2678	173
2679	201
2680	191
2681	168
2682	193
2683	207
2684	176
2685	177
2686	199
2687	198
2688	186
2689	214
2690	210
2691	187
2692	202
2693	215
2694	215
2695	208
2696	242
2697	202
2698	202
2699	204
2700	183
2701	191
2702	199
2703	213
2704	204
2705	210
2706	226
2707	224
2708	216
2709	212
2710	242
2711	215
2712	202
2713	213
2714	219
2715	239
2716	214
2717	211
2718	195
2719	196
2720	215
2721	190
2722	230
2723	200
2724	207
2725	207
2726	233
2727	205
2728	184
2729	209
2730	215
2731	227
2732	213
2733	245
2734	213
2735	215
2736	238
2737	244
2738	229
2739	230
2740	235
2741	227
2742	230
2743	233
2744	216
2745	218
2746	233
2747	255
2748	249
2749	219
2750	250
2751	278
2752	225
2753	254
2754	269
2755	262
2756	246
2757	293
2758	261
2759	261
2760	273
2761	284
2762	305
2763	295
2764	305
2765	298
2766	284
2767	295
2768	274
2769	305
2770	316
2771	324
2772	297
2773	298
2774	359
2775	327
2776	358
2777	353
2778	361
2779	353
2780	326
2781	374
2782	369
2783	359
2784	371
2785	375
2786	435
2787	408
2788	387
2789	395
2790	432
2791	434
2792	440
2793	465
2794	421
2795	466
2796	459
2797	491
2798	523
2799	549
2800	480
2801	538
2802	539
2803	502
2804	558
2805	570
2806	573
2807	581
2808	609
2809	573
2810	636
2811	640
2812	684
2813	663
2814	685
2815	701
2816	752
2817	739
2818	756
2819	773
2820	817
2821	778
2822	877
2823	824
2824	943
2825	921
2826	897
2827	968
2828	1004
2829	965
2830	1080
2831	1067
2832	1156
2833	1105
2834	1202
2835	1174
2836	1251
2837	1277
2838	1310
2839	1348
2840	1356
2841	1367
2842	1388
2843	1434
2844	1553
2845	1516
2846	1540
2847	1561
2848	1662
2849	1646
2850	1785
2851	1786
2852	1852
2853	1859
2854	1889
2855	1919
2856	2017
2857	2172
2858	2100
2859	2121
2860	2210
2861	2310
2862	2296
2863	2419
2864	2476
2865	2482
2866	2652
2867	2610
2868	2734
2869	2764
2870	2839
2871	2941
2872	2947
2873	2998
2874	3163
2875	3188
2876	3277
2877	3271
2878	3454
2879	3455
2880	3527
2881	3658
2882	3601
2883	3776
2884	3915
2885	4015
2886	4030
2887	4219
2888	4106
2889	4274
2890	4436
2891	4418
2892	4552
2893	4605
2894	4714
2895	4798
2896	4909
2897	5010
2898	5165
2899	5140
2900	5288
2901	5532
2902	5563
2903	5710
2904	5666
2905	5722
2906	6055
2907	6129
2908	6112
2909	6239
2910	6518
2911	6454
2912	6620
2913	6831
2914	6969
2915	6941
2916	7028
2917	7222
2918	7339
2919	7342
2920	7575
2921	7696
2922	7826
2923	8020
2924	8113
2925	8028
2926	8197
2927	8363
2928	8535
2929	8583
2930	8683
2931	9016
2932	9146
2933	8984
2934	9275
2935	9456
2936	9408
2937	9497
2938	9742
2939	9858
2940	10140
2941	10074
2942	9847
2943	10433
2944	10388
2945	10343
2946	10669
2947	10573
2948	10738
2949	10807
2950	11004
2951	11080
2952	11451
2953	11434
2954	11642
2955	11607
2956	11704
2957	11836
2958	11792
2959	12311
2960	12096
2961	12173
2962	12421
2963	12655
2964	12652
2965	12663
2966	12745
2967	13038
2968	13043
2969	12950
2970	13312
2971	13175
2972	13469
2973	13539
2974	13461
2975	13354
2976	13651
2977	13861
2978	13721
2979	13828
2980	13944
2981	13995
2982	14026
2983	14166
2984	14225
2985	14142
2986	14368
2987	14294
2988	14180
2989	14531
2990	14478
2991	14505
2992	14531
2993	14629
2994	14741
2995	14660
2996	14627
2997	14837
2998	14757
2999	14616
3000	14938
3001	14659
3002	14617
3003	14858
3004	14946
3005	14842
3006	14637
3007	14839
3008	14889
3009	14897
3010	14928
3011	14738
3012	14848
3013	14876
3014	14863
3015	14750
3016	14599
3017	14677
3018	14445
3019	14650
3020	14635
3021	14499
3022	14250
3023	14689
3024	14396
3025	14520
3026	14257
3027	14571
3028	14060
3029	14018
3030	14044
3031	13978
3032	13896
3033	13938
3034	13634
3035	13759
3036	13580
3037	13484
3038	13556
3039	13654
3040	13398
3041	13392
3042	13189
3043	13111
3044	12885
3045	12840
3046	12795
3047	12683
3048	12599
3049	12602
3050	12482
3051	12450
3052	12302
3053	12185
3054	12035
3055	11839
3056	11741
3057	11833
3058	11591
3059	11417
3060	11460
3061	11391
3062	11087
3063	11177
3064	10875
3065	10693
3066	10542
3067	10532
3068	10477
3069	10317
3070	10277
3071	10111
3072	9894
3073	9792
3074	9804
3075	9505
3076	9555
3077	9263
3078	9389
3079	9167
3080	8931
3081	8959
3082	8715
3083	8622
3084	8509
3085	8400
3086	8402
3087	8191
3088	8083
3089	7938
3090	7729
3091	7632
3092	7533
3093	7443
3094	7173
3095	7302
3096	7135
3097	6830
3098	6903
3099	6761
3100	6600
3101	6616
3102	6434
3103	6291
3104	6217
3105	6138
3106	5875
3107	5902
3108	5868
3109	5724
3110	5507
3111	5486
3112	5416
3113	5306
3114	5355
3115	5258
3116	5022
3117	5011
3118	4692
3119	4804
3120	4647
3121	4597
3122	4507
3123	4346
3124	4298
3125	4169
3126	4174
3127	4147
3128	3936
3129	3944
3130	3849
3131	3706
3132	3665
3133	3562
3134	3554
3135	3433
3136	3410
3137	3265
3138	3145
3139	3211
3140	3123
3141	3161
3142	2996
3143	2878
3144	2846
3145	2927
3146	2788
3147	2732
3148	2707
3149	2662
3150	2518
3151	2527
3152	2560
3153	2458
3154	2371
3155	2343
3156	2320
3157	2232
3158	2179
3159	2192
3160	2136
3161	2121
3162	2149
3163	2067
3164	1950
3165	1895
3166	1977
3167	1824
3168	1857
3169	1889
3170	1815
3171	1741
3172	1817
3173	1815
3174	1778
3175	1653
3176	1702
3177	1677
3178	1668
3179	1575
3180	1611
3181	1596
3182	1587
3183	1637
3184	1580
3185	1534
3186	1538
3187	1519
3188	1524
3189	1511
3190	1585
3191	1535
3192	1419
3193	1485
3194	1557
3195	1427
3196	1573
3197	1408
3198	1448
3199	1460
3200	1478
3201	1464
3202	1448
3203	1489
3204	1375
3205	1500
3206	1539
3207	1486
3208	1511
3209	1533
3210	1493
3211	1513
3212	1484
3213	1486
3214	1528
3215	1547
3216	1481
3217	1560
3218	1567
3219	1556
3220	1574
3221	1709
3222	1578
3223	1572
3224	1597
3225	1610
3226	1652
3227	1687
3228	1572
3229	1652
3230	1651
3231	1636
3232	1653
3233	1705
3234	1809
3235	1725
3236	1780
3237	1823
3238	1809
3239	1769
3240	1798
3241	1792
3242	1875
3243	1820
3244	1837
3245	1810
3246	1954
3247	1928
3248	1922
3249	1911
3250	1872
3251	1925
3252	1944
3253	1963
3254	1919
3255	1921
3256	2004
3257	2008
3258	1845
3259	2013
3260	2012
3261	2098
3262	2072
3263	2019
3264	2113
3265	2077
3266	2130
3267	2089
3268	2105
3269	2055
3270	2086
3271	2118
3272	2115
3273	2070
3274	2130
3275	2076
3276	2134
3277	2127
3278	2121
3279	2174
3280	2147
3281	2282
3282	2208
3283	2185
3284	2236
3285	2221
3286	2165
3287	2275
3288	2273
3289	2244
3290	2172
3291	2257
3292	2196
3293	2272
3294	2191
3295	2178
3296	2237
3297	2201
3298	2220
3299	2288
3300	2164
3301	2284
3302	2237
3303	2289
3304	2210
3305	2186
3306	2245
3307	2315
3308	2189
3309	2153
3310	2144
3311	2133
3312	2177
3313	2128
3314	2076
3315	2152
3316	2177
3317	2180
3318	2014
3319	2119
3320	2159
3321	2093
3322	2071
3323	2112
3324	2177
3325	2010
3326	2103
3327	2043
3328	1986
3329	2064
3330	2024
3331	2009
3332	1957
3333	1937
3334	1921
3335	1961
3336	1904
3337	1911
3338	1862
3339	1889
3340	1839
3341	1826
3342	1847
3343	1791
3344	1782
3345	1696
3346	1852
3347	1747
3348	1709
3349	1671
3350	1622
3351	1674
3352	1644
3353	1635
3354	1613
3355	1541
3356	1592
3357	1545
3358	1558
3359	1601
3360	1561
3361	1516
3362	1442
3363	1467
3364	1457
3365	1407
3366	1428
3367	1387
3368	1418
3369	1257
3370	1341
3371	1337
3372	1341
3373	1316
3374	1252
3375	1203
3376	1118
3377	1150
3378	1254
3379	1250
3380	1162
3381	1116
3382	1116
3383	1120
3384	1113
3385	1092
3386	1061
3387	1056
3388	926
3389	947
3390	1009
3391	935
3392	938
3393	930
3394	972
3395	887
3396	921
3397	840
3398	856
3399	824
3400	853
3401	832
3402	800
3403	724
3404	749
3405	754
3406	754
3407	755
3408	711
3409	724
3410	720
3411	660
3412	634
3413	664
3414	593
3415	612
3416	586
3417	604
3418	578
3419	559
3420	554
3421	517
3422	511
3423	515
3424	515
3425	519
3426	462
3427	458
3428	454
3429	415
3430	413
3431	400
3432	387
3433	426
3434	401
3435	406
3436	379
3437	416
3438	340
3439	337
3440	359
3441	315
3442	299
3443	335
3444	270
3445	318
3446	275
3447	277
3448	289
3449	306
3450	258
3451	250
3452	220
3453	240
3454	216
3455	210
3456	209
3457	208
3458	231
3459	201
3460	189
3461	168
3462	179
3463	191
3464	168
3465	161
3466	182
3467	180
3468	151
3469	148
3470	151
3471	118
3472	119
3473	118
3474	128
3475	125
3476	109
3477	125
3478	111
3479	101
3480	105
3481	105
3482	91
3483	93
3484	115
3485	83
3486	82
3487	77
3488	85
3489	78
3490	70
3491	90
3492	67
3493	74
3494	56
3495	58
3496	53
3497	55
3498	43
3499	53
3500	44
3501	39
3502	47
3503	46
3504	42
3505	47
3506	41
3507	44
3508	42
3509	31
3510	34
3511	31
3512	33
3513	35
3514	28
3515	29
3516	35
3517	28
3518	32
3519	24
3520	23
3521	22
3522	33
3523	17
3524	23
3525	23
3526	15
3527	21
3528	20
3529	23
3530	17
3531	22
3532	16
3533	16
3534	18
3535	19
3536	19
3537	14
3538	4
3539	12
3540	12
3541	15
3542	15
3543	13
3544	8
3545	8
3546	13
3547	11
3548	14
3549	6
3550	11
3551	7
3552	10
3553	13
3554	9
3555	9
3556	11
3557	10
3558	6
3559	4
3560	8
3561	4
3562	7
3563	7
3564	4
3565	6
3566	3
3567	5
3568	8
3569	2
3570	6
3571	3
3572	1
3573	5
3574	3
3575	5
3576	8
3577	2
3578	3
3579	4
3580	4
3581	0
3582	3
3583	4
3584	7
3585	5
3586	4
3587	5
3588	3
3589	5
3590	0
3591	4
3592	1
3593	4
3594	2
3595	2
3596	1
3597	5
3598	5
3599	3
3600	4
3601	4
3602	2
3603	2
3604	2
3605	3
3606	2
3607	1
3608	3
3609	0
3610	2
3611	3
3612	0
3613	2
3614	3
3615	0
3616	4
3617	3
3618	1
3619	3
3620	2
3621	1
3622	3
3623	1
3624	0
3625	2
3626	2
3627	4
3628	1
3629	7
3630	0
3631	1
3632	2
3633	2
3634	0
3635	1
3636	1
3637	2
3638	0
3639	3
3640	1
3641	2
3642	1
3643	1
3644	1
3645	0
3646	4
3647	1
3648	0
3649	0
3650	3
3651	1
3652	3
3653	2
3654	2
3655	0
3656	3
3657	1
3658	0
3659	0
3660	1
3661	0
3662	0
3663	1
3664	1
3665	0
3666	2
3667	2
3668	1
3669	3
3670	2
3671	2
3672	1
3673	1
3674	1
3675	3
3676	0
3677	1
3678	1
3679	5
3680	1
3681	1
3682	1
3683	2
3684	1
3685	0
3686	3
3687	0
3688	0
3689	0
3690	1
3691	1
3692	5
3693	0
3694	1
3695	4
3696	3
3697	1
3698	1
3699	0
3700	1
3701	0
3702	0
3703	2
3704	0
3705	1
3706	2
3707	5
3708	2
3709	0
3710	3
3711	0
3712	1
3713	0
3714	0
3715	1
3716	2
3717	2
3718	3
3719	1
3720	0
3721	3
3722	2
3723	1
3724	2
3725	0
3726	0
3727	3
3728	0
3729	2
3730	1
3731	0
3732	0
3733	2
3734	1
3735	1
3736	3
3737	0
3738	2
3739	1
3740	1
3741	1
3742	0
3743	1
3744	0
3745	0
3746	0
3747	0
3748	2
3749	0
3750	2
3751	2
3752	0
3753	2
3754	0
3755	0
3756	0
3757	1
3758	1
3759	2
3760	1
3761	2
3762	2
3763	1
3764	2
3765	1
3766	1
3767	1
3768	3
3769	1
3770	0
3771	1
3772	1
3773	1
3774	2
3775	1
3776	1
3777	1
3778	2
3779	2
3780	1
3781	2
3782	1
3783	0
3784	3
3785	0
3786	0
3787	0
3788	1
3789	0
3790	0
3791	0
3792	3
3793	0
3794	0
3795	0
3796	3
3797	1
3798	2
3799	2
3800	1
3801	0
3802	1
3803	2
3804	2
3805	2
3806	1
3807	2
3808	1
3809	0
3810	1
3811	2
3812	0
3813	1
3814	2
3815	0
3816	1
3817	0
3818	4
3819	0
3820	1
3821	0
3822	2
3823	1
3824	2
3825	1
3826	1
3827	2
3828	1
3829	0
3830	0
3831	3
3832	0
3833	1
3834	0
3835	1
3836	2
3837	1
3838	1
3839	0
3840	2
3841	1
3842	0
3843	1
3844	0
3845	0
3846	2
3847	2
3848	0
3849	0
3850	1
3851	1
3852	2
3853	0
3854	0
3855	0
3856	2
3857	1
3858	0
3859	2
3860	3
3861	1
3862	1
3863	1
3864	3
3865	1
3866	1
3867	1
3868	3
3869	0
3870	2
3871	0
3872	0
3873	1
3874	0
3875	1
3876	0
3877	0
3878	1
3879	2
3880	1
3881	1
3882	1
3883	0
3884	0
3885	2
3886	1
3887	2
3888	0
3889	0
3890	0
3891	0
3892	2
3893	0
3894	0
3895	2
3896	0
3897	0
3898	3
3899	0
3900	3
3901	1
3902	2
3903	2
3904	1
3905	1
3906	0
3907	0
3908	3
3909	1
3910	1
3911	1
3912	0
3913	2
3914	1
3915	3
3916	0
3917	1
3918	0
3919	2
3920	1
3921	0
3922	2
3923	2
3924	0
3925	0
3926	0
3927	3
3928	1
3929	0
3930	0
3931	1
3932	1
3933	3
3934	2
3935	0
3936	1
3937	0
3938	1
3939	1
3940	1
3941	0
3942	2
3943	1
3944	0
3945	1
3946	1
3947	1
3948	0
3949	1
3950	0
3951	0
3952	2
3953	2
3954	3
3955	2
3956	3
3957	1
3958	0
3959	1
3960	0
3961	1
3962	3
3963	0
3964	2
3965	1
3966	2
3967	1
3968	0
3969	0
3970	3
3971	1
3972	0
3973	1
3974	1
3975	0
3976	1
3977	0
3978	0
3979	0
3980	1
3981	2
3982	0
3983	1
3984	2
3985	0
3986	1
3987	2
3988	1
3989	0
3990	0
3991	1
3992	3
3993	0
3994	1
3995	2
3996	0
3997	0
3998	2
3999	1
4000	2
4001	1
4002	1
4003	0
4004	0
4005	1
4006	1
4007	1
4008	2
4009	4
4010	1
4011	3
4012	0
4013	1
4014	1
4015	2
4016	0
4017	0
4018	2
4019	1
4020	2
4021	0
4022	2
4023	1
4024	1
4025	0
4026	0
4027	1
4028	1
4029	0
4030	1
4031	0
4032	0
4033	0
4034	1
4035	0
4036	0
4037	0
4038	1
4039	2
4040	2
4041	1
4042	0
4043	2
4044	2
4045	1
4046	0
4047	2
4048	1
4049	3
4050	3
4051	1
4052	0
4053	3
4054	1
4055	0
4056	0
4057	0
4058	1
4059	0
4060	0
4061	1
4062	1
4063	0
4064	0
4065	0
4066	0
4067	0
4068	0
4069	2
4070	1
4071	2
4072	1
4073	0
4074	2
4075	2
4076	0
4077	0
4078	1
4079	0
4080	0
4081	1
4082	1
4083	1
4084	0
4085	0
4086	1
4087	0
4088	2
4089	1
4090	2
4091	0
4092	1
4093	2
4094	2
4095	1
4096	0
4097	0
4098	2
4099	0
4100	0
4101	0
4102	0
4103	1
4104	0
4105	1
4106	1
4107	1
4108	0
4109	2
4110	0
4111	0
4112	0
4113	1
4114	0
4115	0
4116	2
4117	0
4118	0
4119	0
4120	0
4121	1
4122	0
4123	0
4124	0
4125	2
4126	0
4127	1
4128	0
4129	0
4130	1
4131	1
4132	0
4133	0
4134	0
4135	0
4136	2
4137	1
4138	0
4139	1
4140	0
4141	0
4142	1
4143	2
4144	3
4145	0
4146	0
4147	0
4148	0
4149	0
4150	1
4151	0
4152	1
4153	1
4154	0
4155	1
4156	1
4157	0
4158	0
4159	1
4160	1
4161	1
4162	1
4163	1
4164	1
4165	1
4166	0
4167	0
4168	0
4169	0
4170	0
4171	0
4172	1
4173	0
4174	2
4175	0
4176	2
4177	2
4178	0
4179	1
4180	1
4181	0
4182	0
4183	0
4184	0
4185	2
4186	2
4187	0
4188	0
4189	1
4190	0
4191	0
4192	1
4193	0
4194	0
4195	1
4196	0
4197	1
4198	0
4199	0
4200	0
4201	1
4202	0
4203	1
4204	0
4205	0
4206	1
4207	1
4208	1
4209	0
4210	0
4211	0
4212	1
4213	1
4214	1
4215	0
4216	0
4217	0
4218	0
4219	0
4220	0
4221	0
4222	0
4223	1
4224	0
4225	0
4226	2
4227	1
4228	0
4229	1
4230	0
4231	0
4232	1
4233	1
4234	1
4235	1
4236	0
4237	0
4238	0
4239	0
4240	0
4241	0
4242	0
4243	0
4244	3
4245	0
4246	0
4247	0
4248	2
4249	0
4250	0
4251	2
4252	0
4253	0
4254	0
4255	0
4256	0
4257	1
4258	0
4259	0
4260	0
4261	0
4262	0
4263	0
4264	2
4265	0
4266	0
4267	0
4268	1
4269	0
4270	1
4271	2
4272	1
4273	1
4274	1
4275	1
4276	1
4277	1
4278	0
4279	0
4280	0
4281	0
4282	0
4283	0
4284	0
4285	0
4286	0
4287	0
4288	0
4289	0
4290	1
4291	0
4292	0
4293	1
4294	0
4295	0
4296	0
4297	0
4298	0
4299	0
4300	2
4301	0
4302	1
4303	1
4304	1
4305	1
4306	0
4307	1
4308	0
4309	0
4310	0
4311	0
4312	1
4313	0
4314	0
4315	1
4316	1
4317	1
4318	0
4319	0
4320	1
4321	0
4322	0
4323	0
4324	0
4325	0
4326	0
4327	2
4328	0
4329	1
4330	1
4331	1
4332	1
4333	0
4334	2
4335	1
4336	1
4337	0
4338	1
4339	0
4340	0
4341	0
4342	0
4343	0
4344	0
4345	1
4346	0
4347	1
4348	1
4349	0
4350	1
4351	2
4352	1
4353	1
4354	0
4355	0
4356	0
4357	0
4358	0
4359	1
4360	0
4361	0
4362	0
4363	0
4364	0
4365	0
4366	0
4367	0
4368	0
4369	0
4370	0
4371	0
4372	1
4373	1
4374	1
4375	1
4376	0
4377	1
4378	0
4379	0
4380	0
4381	0
4382	1
4383	1
4384	1
4385	1
4386	0
4387	0
4388	0
4389	0
4390	0
4391	1
4392	0
4393	1
4394	0
4395	1
4396	2
4397	0
4398	0
4399	1
4400	1
4401	2
4402	0
4403	0
4404	1
4405	0
4406	0
4407	0
4408	0
4409	0
4410	1
4411	0
4412	1
4413	1
4414	1
4415	0
4416	1
4417	0
4418	1
4419	0
4420	0
4421	1
4422	0
4423	0
4424	0
4425	0
4426	0
4427	0
4428	0
4429	2
4430	1
4431	1
4432	1
4433	0
4434	0
4435	0
4436	1
4437	0
4438	0
4439	0
4440	0
4441	0
4442	1
4443	0
4444	0
4445	1
4446	0
4447	0
4448	0
4449	0
4450	0
4451	0
4452	0
4453	0
4454	0
4455	0
4456	0
4457	0
4458	0
4459	0
4460	0
4461	0
4462	1
4463	1
4464	0
4465	1
4466	0
4467	0
4468	0
4469	0
4470	0
4471	0
4472	1
4473	2
4474	0
4475	1
4476	0
4477	0
4478	0
4479	1
4480	0
4481	1
4482	0
4483	0
4484	0
4485	0
4486	1
4487	0
4488	0
4489	0
4490	1
4491	0
4492	0
4493	0
4494	0
4495	0
4496	0
4497	0
4498	0
4499	1
4500	0
4501	0
4502	0
4503	0
4504	0
4505	0
4506	1
4507	0
4508	0
4509	0
4510	1
4511	0
4512	0
4513	0
4514	0
4515	0
4516	0
4517	0
4518	0
4519	0
4520	0
4521	0
4522	0
4523	0
4524	0
4525	1
4526	1
4527	1
4528	0
4529	0
4530	0
4531	0
4532	1
4533	0
4534	0
4535	0
4536	0
4537	1
4538	0
4539	0
4540	1
4541	0
4542	0
4543	1
4544	0
4545	0
4546	0
4547	0
4548	1
4549	0
4550	0
4551	0
4552	0
4553	0
4554	0
4555	1
4556	0
4557	0
4558	0
4559	0
4560	0
4561	0
4562	0
4563	0
4564	0
4565	0
4566	0
4567	0
4568	0
4569	1
4570	0
4571	0
4572	0
4573	0
4574	0
4575	1
4576	0
4577	0
4578	0
4579	0
4580	1
4581	0
4582	0
4583	1
4584	0
4585	0
4586	0
4587	1
4588	0
4589	0
4590	0
4591	0
4592	0
4593	2
4594	0
4595	1
4596	1
4597	0
4598	0
4599	0
4600	1
4601	2
4602	0
4603	1
4604	0
4605	0
4606	0
4607	0
4608	0
4609	0
4610	0
4611	1
4612	0
4613	0
4614	0
4615	0
4616	0
4617	0
4618	1
4619	1
4620	0
4621	1
4622	0
4623	0
4624	0
4625	1
4626	0
4627	0
4628	0
4629	0
4630	0
4631	0
4632	0
4633	0
4634	0
4635	1
4636	0
4637	0
4638	1
4639	0
4640	0
4641	1
4642	0
4643	0
4644	1
4645	0
4646	0
4647	0
4648	0
4649	0
4650	0
4651	1
4652	1
4653	0
4654	0
4655	0
4656	0
4657	1
4658	0
4659	0
4660	0
4661	0
4662	0
4663	0
4664	0
4665	0
4666	0
4667	0
4668	0
4669	0
4670	0
4671	0
4672	1
4673	0
4674	0
4675	1
4676	1
4677	1
4678	1
4679	0
4680	0
4681	0
4682	1
4683	0
4684	0
4685	1
4686	0
4687	0
4688	0
4689	1
4690	0
4691	0
4692	0
4693	0
4694	0
4695	0
4696	0
4697	0
4698	1
4699	0
4700	0
4701	2
4702	0
4703	0
4704	1
4705	0
4706	0
4707	0
4708	0
4709	0
4710	0
4711	0
4712	0
4713	1
4714	0
4715	0
4716	2
4717	0
4718	1
4719	0
4720	0
4721	0
4722	0
4723	0
4724	0
4725	0
4726	1
4727	0
4728	1
4729	1
4730	2
4731	0
4732	0
4733	0
4734	0
4735	0
4736	0
4737	0
4738	0
4739	0
4740	0
4741	0
4742	0
4743	2
4744	0
4745	1
4746	0
4747	0
4748	1
4749	0
4750	0
4751	0
4752	0
4753	0
4754	2
4755	1
4756	0
4757	0
4758	1
4759	1
4760	0
4761	0
4762	0
4763	0
4764	0
4765	1
4766	0
4767	0
4768	0
4769	0
4770	0
4771	0
4772	0
4773	0
4774	0
4775	0
4776	0
4777	0
4778	0
4779	0
4780	0
4781	0
4782	0
4783	0
4784	1
4785	0
4786	0
4787	1
4788	0
4789	0
4790	0
4791	0
4792	0
4793	0
4794	0
4795	0
4796	0
4797	0
4798	0
4799	0
4800	0
4801	0
4802	0
4803	0
4804	0
4805	0
4806	0
4807	2
4808	0
4809	0
4810	0
4811	0
4812	0
4813	0
4814	0
4815	0
4816	0
4817	0
4818	1
4819	0
4820	0
4821	0
4822	0
4823	0
4824	0
4825	0
4826	0
4827	0
4828	0
4829	0
4830	0
4831	0
4832	0
4833	0
4834	0
4835	0
4836	1
4837	0
4838	0
4839	0
4840	0
4841	0
4842	0
4843	1
4844	0
4845	1
4846	0
4847	0
4848	0
4849	0
4850	1
4851	0
4852	0
4853	0
4854	0
4855	0
4856	0
4857	0
4858	0
4859	1
4860	1
4861	0
4862	0
4863	1
4864	0
4865	0
4866	0
4867	0
4868	0
4869	1
4870	0
4871	0
4872	1
4873	1
4874	0
4875	0
4876	0
4877	0
4878	0
4879	1
4880	0
4881	0
4882	0
4883	0
4884	0
4885	2
4886	0
4887	0
4888	0
4889	0
4890	0
4891	0
4892	1
4893	0
4894	0
4895	0
4896	0
4897	0
4898	0
4899	0
4900	1
4901	0
4902	0
4903	1
4904	0
4905	0
4906	0
4907	0
4908	1
4909	0
4910	1
4911	0
4912	0
4913	0
4914	0
4915	0
4916	0
4917	0
4918	1
4919	1
4920	0
4921	0
4922	1
4923	0
4924	0
4925	0
4926	2
4927	1
4928	0
4929	1
4930	0
4931	1
4932	0
4933	1
4934	0
4935	1
4936	1
4937	1
4938	0
4939	0
4940	0
4941	0
4942	0
4943	1
4944	2
4945	2
4946	0
4947	0
4948	0
4949	0
4950	0
4951	1
4952	1
4953	0
4954	1
4955	0
4956	0
4957	0
4958	1
4959	0
4960	0
4961	0
4962	1
4963	0
4964	0
4965	0
4966	1
4967	1
4968	0
4969	0
4970	0
4971	0
4972	0
4973	0
4974	1
4975	0
4976	0
4977	0
4978	2
4979	0
4980	2
4981	0
4982	0
4983	0
4984	0
4985	1
4986	0
4987	0
4988	0
4989	0
4990	1
4991	0
4992	0
4993	0
4994	0
4995	0
4996	0
4997	1
4998	0
4999	0
5000	0
5001	0
5002	1
5003	1
5004	0
5005	1
5006	1
5007	1
5008	0
5009	0
5010	0
5011	0
5012	0
5013	0
5014	1
5015	0
5016	0
5017	1
5018	0
5019	0
5020	0
5021	0
5022	1
5023	1
5024	0
5025	0
5026	0
5027	0
5028	0
5029	0
5030	0
5031	0
5032	1
5033	1
5034	1
5035	1
5036	0
5037	0
5038	1
5039	0
5040	0
5041	0
5042	0
5043	1
5044	0
5045	1
5046	0
5047	0
5048	0
5049	0
5050	0
5051	0
5052	1
5053	0
5054	0
5055	0
5056	0
5057	0
5058	0
5059	0
5060	0
5061	0
5062	1
5063	0
5064	0
5065	0
5066	0
5067	0
5068	0
5069	0
5070	1
5071	0
5072	0
5073	1
5074	0
5075	0
5076	0
5077	0
5078	0
5079	0
5080	0
5081	0
5082	0
5083	0
5084	0
5085	0
5086	0
5087	1
5088	1
5089	0
5090	0
5091	2
5092	0
5093	0
5094	0
5095	0
5096	0
5097	0
5098	0
5099	0
5100	0
5101	0
5102	0
5103	0
5104	0
5105	0
5106	0
5107	0
5108	0
5109	0
5110	0
5111	0
5112	0
5113	0
5114	2
5115	0
5116	0
5117	0
5118	0
5119	0
5120	0
5121	0
5122	0
5123	0
5124	0
5125	0
5126	1
5127	0
5128	0
5129	0
5130	0
5131	0
5132	0
5133	0
5134	0
5135	1
5136	0
5137	0
5138	0
5139	1
5140	0
5141	0
5142	0
5143	0
5144	0
5145	1
5146	0
5147	0
5148	0
5149	0
5150	2
5151	0
5152	0
5153	0
5154	0
5155	0
5156	1
5157	0
5158	0
5159	1
5160	1
5161	0
5162	1
5163	0
5164	0
5165	0
5166	0
5167	0
5168	0
5169	0
5170	0
5171	0
5172	0
5173	0
5174	0
5175	0
5176	0
5177	0
5178	0
5179	0
5180	0
5181	0
5182	0
5183	0
5184	1
5185	0
5186	0
5187	1
5188	0
5189	0
5190	0
5191	0
5192	2
5193	0
5194	0
5195	0
5196	1
5197	0
5198	0
5199	0
5200	0
5201	0
5202	0
5203	1
5204	1
5205	1
5206	0
5207	0
5208	0
5209	0
5210	0
5211	0
5212	0
5213	0
5214	0
5215	1
5216	0
5217	0
5218	0
5219	0
5220	1
5221	1
5222	0
5223	0
5224	0
5225	0
5226	0
5227	0
5228	0
5229	0
5230	0
5231	0
5232	0
5233	0
5234	0
5235	0
5236	0
5237	0
5238	0
5239	0
5240	0
5241	0
5242	0
5243	0
5244	0
5245	0
5246	0
5247	0
5248	0
5249	0
5250	0
5251	0
5252	0
5253	0
5254	0
5255	0
5256	0
5257	0
5258	0
5259	0
5260	0
5261	0
5262	0
5263	0
5264	1
5265	0
5266	0
5267	0
5268	0
5269	0
5270	0
5271	0
5272	0
5273	1
5274	1
5275	1
5276	0
5277	0
5278	1
5279	0
5280	1
5281	0
5282	0
5283	0
5284	0
5285	1
5286	0
5287	1
5288	1
5289	1
5290	0
5291	0
5292	0
5293	0
5294	1
5295	0
5296	0
5297	0
5298	1
5299	0
5300	0
5301	0
5302	0
5303	1
5304	0
5305	0
5306	0
5307	1
5308	1
5309	0
5310	0
5311	0
5312	0
5313	0
5314	0
5315	0
5316	0
5317	1
5318	0
5319	0
5320	1
5321	0
5322	0
5323	0
5324	1
5325	0
5326	0
5327	0
5328	0
5329	0
5330	0
5331	1
5332	0
5333	1
5334	0
5335	2
5336	0
5337	0
5338	0
5339	0
5340	0
5341	1
5342	0
5343	1
5344	0
5345	0
5346	0
5347	0
5348	1
5349	0
5350	0
5351	0
5352	1
5353	0
5354	0
5355	0
5356	0
5357	0
5358	0
5359	0
5360	0
5361	0
5362	0
5363	0
5364	0
5365	1
5366	0
5367	0
5368	0
5369	0
5370	0
5371	0
5372	2
5373	1
5374	0
5375	0
5376	0
5377	0
5378	0
5379	0
5380	0
5381	0
5382	0
5383	0
5384	0
5385	0
5386	1
5387	0
5388	0
5389	0
5390	0
5391	1
5392	0
5393	1
5394	0
5395	0
5396	0
5397	0
5398	0
5399	0
5400	1
5401	0
5402	1
5403	1
5404	0
5405	0
5406	2
5407	0
5408	0
5409	1
5410	0
5411	0
5412	0
5413	1
5414	0
5415	2
5416	0
5417	0
5418	0
5419	1
5420	0
5421	0
5422	0
5423	0
5424	0
5425	0
5426	0
5427	1
5428	1
5429	0
5430	0
5431	1
5432	1
5433	0
5434	0
5435	0
5436	0
5437	0
5438	0
5439	1
5440	0
5441	1
5442	0
5443	0
5444	2
5445	0
5446	0
5447	0
5448	2
5449	1
5450	0
5451	0
5452	0
5453	0
5454	0
5455	1
5456	0
5457	0
5458	0
5459	0
5460	0
5461	1
5462	0
5463	0
5464	0
5465	1
5466	0
5467	0
5468	0
5469	2
5470	0
5471	0
5472	0
5473	1
5474	0
5475	0
5476	0
5477	0
5478	0
5479	0
5480	0
5481	0
5482	0
5483	0
5484	0
5485	0
5486	3
5487	0
5488	0
5489	0
5490	0
5491	0
5492	0
5493	1
5494	0
5495	0
5496	0
5497	0
5498	1
5499	0
5500	0
5501	1
5502	0
5503	0
5504	0
5505	0
5506	2
5507	0
5508	1
5509	0
5510	0
5511	0
5512	0
5513	0
5514	0
5515	0
5516	0
5517	1
5518	0
5519	0
5520	0
5521	0
5522	1
5523	1
5524	0
5525	0
5526	0
5527	0
5528	0
5529	1
5530	0
5531	0
5532	0
5533	0
5534	0
5535	0
5536	0
5537	0
5538	0
5539	0
5540	0
5541	0
5542	1
5543	0
5544	0
5545	0
5546	0
5547	0
5548	1
5549	2
5550	1
5551	0
5552	0
5553	0
5554	0
5555	1
5556	0
5557	0
5558	1
5559	0
5560	1
5561	0
5562	0
5563	1
5564	2
5565	0
5566	0
5567	1
5568	0
5569	0
5570	1
5571	0
5572	0
5573	0
5574	1
5575	0
5576	0
5577	0
5578	0
5579	0
5580	0
5581	0
5582	0
5583	0
5584	0
5585	0
5586	0
5587	1
5588	0
5589	0
5590	0
5591	0
5592	0
5593	1
5594	0
5595	0
5596	0
5597	0
5598	0
5599	2
5600	0
5601	0
5602	0
5603	0
5604	1
5605	0
5606	0
5607	0
5608	1
5609	0
5610	1
5611	0
5612	1
5613	1
5614	1
5615	0
5616	0
5617	1
5618	1
5619	0
5620	0
5621	0
5622	0
5623	0
5624	0
5625	0
5626	0
5627	0
5628	0
5629	4
5630	0
5631	0
5632	1
5633	1
5634	0
5635	3
5636	1
5637	0
5638	0
5639	0
5640	1
5641	0
5642	0
5643	0
5644	0
5645	1
5646	0
5647	2
5648	0
5649	0
5650	1
5651	0
5652	0
5653	1
5654	1
5655	1
5656	0
5657	1
5658	0
5659	1
5660	0
5661	1
5662	0
5663	1
5664	0
5665	1
5666	0
5667	1
5668	0
5669	2
5670	2
5671	0
5672	1
5673	0
5674	2
5675	0
5676	0
5677	0
5678	0
5679	4
5680	0
5681	2
5682	2
5683	2
5684	2
5685	0
5686	1
5687	0
5688	2
5689	0
5690	1
5691	1
5692	1
5693	0
5694	0
5695	1
5696	1
5697	1
5698	1
5699	1
5700	1
5701	2
5702	2
5703	0
5704	1
5705	0
5706	1
5707	0
5708	0
5709	3
5710	0
5711	1
5712	1
5713	1
5714	1
5715	1
5716	0
5717	3
5718	1
5719	3
5720	0
5721	2
5722	2
5723	3
5724	3
5725	3
5726	2
5727	1
5728	1
5729	1
5730	1
5731	3
5732	3
5733	0
5734	2
5735	3
5736	2
5737	2
5738	1
5739	2
5740	4
5741	5
5742	1
5743	4
5744	2
5745	3
5746	2
5747	4
5748	2
5749	0
5750	2
5751	5
5752	3
5753	5
5754	4
5755	1
5756	3
5757	4
5758	6
5759	0
5760	4
5761	3
5762	3
5763	7
5764	2
5765	3
5766	6
5767	6
5768	5
5769	4
5770	1
5771	4
5772	3
5773	3
5774	7
5775	5
5776	1
5777	5
5778	6
5779	2
5780	3
5781	8
5782	4
5783	7
5784	8
5785	8
5786	4
5787	4
5788	7
5789	3
5790	3
5791	12
5792	5
5793	5
5794	5
5795	7
5796	8
5797	5
5798	4
5799	7
5800	7
5801	7
5802	4
5803	9
5804	5
5805	3
5806	5
5807	2
5808	5
5809	8
5810	7
5811	8
5812	6
5813	5
5814	11
5815	13
5816	7
5817	3
5818	7
5819	9
5820	15
5821	6
5822	7
5823	12
5824	9
5825	7
5826	9
5827	5
5828	10
5829	6
5830	9
5831	11
5832	8
5833	8
5834	5
5835	11
5836	6
5837	8
5838	11
5839	11
5840	5
5841	9
5842	3
5843	5
5844	9
5845	6
5846	7
5847	10
5848	3
5849	9
5850	7
5851	5
5852	9
5853	10
5854	11
5855	6
5856	13
5857	19
5858	10
5859	7
5860	12
5861	8
5862	9
5863	12
5864	9
5865	11
5866	10
5867	6
5868	17
5869	9
5870	16
5871	11
5872	8
5873	12
5874	6
5875	15
5876	9
5877	12
5878	11
5879	11
5880	14
5881	9
5882	9
5883	10
5884	10
5885	13
5886	7
5887	7
5888	9
5889	12
5890	12
5891	9
5892	9
5893	11
5894	15
5895	6
5896	6
5897	11
5898	10
5899	12
5900	7
5901	9
5902	11
5903	13
5904	9
5905	14
5906	10
5907	14
5908	9
5909	10
5910	8
5911	8
5912	11
5913	12
5914	13
5915	7
5916	5
5917	10
5918	14
5919	4
5920	8
5921	7
5922	10
5923	9
5924	7
5925	10
5926	12
5927	8
5928	7
5929	7
5930	8
5931	8
5932	11
5933	7
5934	15
5935	7
5936	9
5937	9
5938	10
5939	5
5940	7
5941	3
5942	7
5943	10
5944	13
5945	7
5946	5
5947	5
5948	3
5949	8
5950	10
5951	5
5952	9
5953	6
5954	4
5955	8
5956	4
5957	7
5958	8
5959	7
5960	1
5961	10
5962	8
5963	2
5964	15
5965	3
5966	5
5967	4
5968	8
5969	5
5970	8
5971	2
5972	3
5973	8
5974	2
5975	3
5976	5
5977	5
5978	4
5979	8
5980	4
5981	3
5982	3
5983	3
5984	6
5985	5
5986	4
5987	3
5988	5
5989	5
5990	5
5991	8
5992	6
5993	3
5994	5
5995	7
5996	3
5997	2
5998	2
5999	5
6000	3
6001	2
6002	7
6003	3
6004	4
6005	4
6006	5
6007	1
6008	4
6009	3
6010	3
6011	0
6012	4
6013	2
6014	3
6015	2
6016	2
6017	6
6018	4
6019	6
6020	1
6021	4
6022	2
6023	5
6024	4
6025	3
6026	2
6027	6
6028	1
6029	5
6030	2
6031	2
6032	5
6033	4
6034	3
6035	4
6036	2
6037	1
6038	1
6039	4
6040	5
6041	1
6042	1
6043	1
6044	3
6045	1
6046	3
6047	1
6048	1
6049	3
6050	1
6051	1
6052	5
6053	1
6054	2
6055	3
6056	2
6057	1
6058	3
6059	1
6060	3
6061	0
6062	3
6063	1
6064	0
6065	2
6066	0
6067	4
6068	2
6069	6
6070	1
6071	3
6072	2
6073	1
6074	1
6075	0
6076	0
6077	1
6078	2
6079	1
6080	5
6081	1
6082	4
6083	4
6084	1
6085	1
6086	2
6087	2
6088	2
6089	2
6090	3
6091	5
6092	4
6093	1
6094	4
6095	3
6096	3
6097	3
6098	0
6099	5
6100	1
6101	3
6102	2
6103	0
6104	5
6105	0
6106	1
6107	3
6108	4
6109	0
6110	3
6111	1
6112	1
6113	5
6114	3
6115	4
6116	2
6117	10
6118	2
6119	2
6120	4
6121	5
6122	0
6123	5
6124	9
6125	3
6126	6
6127	4
6128	2
6129	2
6130	4
6131	1
6132	2
6133	3
6134	3
6135	1
6136	3
6137	3
6138	2
6139	4
6140	4
6141	4
6142	3
6143	6
6144	12
6145	41
6146	43
6147	88
6148	97
6149	54
6150	31
6151	27
6152	19
6153	21
6154	23
6155	32
6156	52
6157	31
6158	10
6159	0
6160	0
6161	0
6162	0
6163	0
6164	0
6165	0
6166	0
6167	0
6168	0
6169	0
6170	0
6171	0
6172	0
6173	0
6174	0
6175	0
6176	0
6177	0
6178	0
6179	0
6180	0
6181	0
6182	0
6183	0
6184	0
6185	0
6186	0
6187	0
6188	0
6189	0
6190	0
6191	0
6192	0
6193	0
6194	0
6195	0
6196	0
6197	0
6198	0
6199	0
6200	0
6201	0
6202	0
6203	0
6204	0
6205	0
6206	0
6207	0
6208	0
6209	0
6210	0
6211	0
6212	0
6213	0
6214	0
6215	0
6216	0
6217	0
6218	0
6219	0
6220	0
6221	0
6222	0
6223	0
6224	0
6225	0
6226	0
6227	0
6228	0
6229	0
6230	0
6231	0
6232	0
6233	0
6234	0
6235	0
6236	0
6237	0
6238	0
6239	0
6240	0
6241	0
6242	0
6243	0
6244	0
6245	0
6246	0
6247	0
6248	0
6249	0
6250	0
6251	0
6252	0
6253	0
6254	0
6255	0
6256	0
6257	0
6258	0
6259	0
6260	0
6261	0
6262	0
6263	0
6264	0
6265	0
6266	0
6267	0
6268	0
6269	0
6270	0
6271	0
6272	0
6273	0
6274	0
6275	0
6276	0
6277	0
6278	0
6279	0
6280	0
6281	0
6282	0
6283	0
6284	0
6285	0
6286	0
6287	0
6288	0
6289	0
6290	0
6291	0
6292	0
6293	0
6294	0
6295	0
6296	0
6297	0
6298	0
6299	0
6300	0
6301	0
6302	0
6303	0
6304	0
6305	0
6306	0
6307	0
6308	0
6309	0
6310	0
6311	0
6312	0
6313	0
6314	0
6315	0
6316	0
6317	0
6318	0
6319	0
6320	0
6321	0
6322	0
6323	0
6324	0
6325	0
6326	0
6327	0
6328	0
6329	0
6330	0
6331	0
6332	0
6333	0
6334	0
6335	0
6336	0
6337	0
6338	0
6339	0
6340	0
6341	0
6342	0
6343	0
6344	0
6345	0
6346	0
6347	0
6348	0
6349	0
6350	0
6351	0
6352	0
6353	0
6354	0
6355	0
6356	0
6357	0
6358	0
6359	0
6360	0
6361	0
6362	0
6363	0
6364	0
6365	0
6366	0
6367	0
6368	0
6369	0
6370	0
6371	0
6372	0
6373	0
6374	0
6375	0
6376	0
6377	0
6378	0
6379	0
6380	0
6381	0
6382	0
6383	0
6384	0
6385	0
6386	0
6387	0
6388	0
6389	0
6390	0
6391	0
6392	0
6393	0
6394	0
6395	0
6396	0
6397	0
6398	0
6399	0
6400	0
6401	0
6402	0
6403	0
6404	0
6405	0
6406	0
6407	0
6408	0
6409	0
6410	0
6411	0
6412	0
6413	0
6414	0
6415	0
6416	0
6417	0
6418	0
6419	0
6420	0
6421	0
6422	0
6423	0
6424	0
6425	0
6426	0
6427	0
6428	0
6429	0
6430	0
6431	0
6432	0
6433	0
6434	0
6435	0
6436	0
6437	0
6438	0
6439	0
6440	0
6441	0
6442	0
6443	0
6444	0
6445	0
6446	0
6447	0
6448	0
6449	0
6450	0
6451	0
6452	0
6453	0
6454	0
6455	0
6456	0
6457	0
6458	0
6459	0
6460	0
6461	0
6462	0
6463	0
6464	0
6465	0
6466	0
6467	0
6468	0
6469	0
6470	0
6471	0
6472	0
6473	0
6474	0
6475	0
6476	0
6477	0
6478	0
6479	0
6480	0
6481	0
6482	0
6483	0
6484	0
6485	0
6486	0
6487	0
6488	0
6489	0
6490	0
6491	0
6492	0
6493	0
6494	0
6495	0
6496	0
6497	0
6498	0
6499	0
6500	0
6501	0
6502	0
6503	0
6504	0
6505	0
6506	0
6507	0
6508	0
6509	0
6510	0
6511	0
6512	0
6513	0
6514	0
6515	0
6516	0
6517	0
6518	0
6519	0
6520	0
6521	0
6522	0
6523	0
6524	0
6525	0
6526	0
6527	0
6528	0
6529	0
6530	0
6531	0
6532	0
6533	0
6534	0
6535	0
6536	0
6537	0
6538	0
6539	0
6540	0
6541	0
6542	0
6543	0
6544	0
6545	0
6546	0
6547	0
6548	0
6549	0
6550	0
6551	0
6552	0
6553	0
6554	0
6555	0
6556	0
6557	0
6558	0
6559	0
6560	0
6561	0
6562	0
6563	0
6564	0
6565	0
6566	0
6567	0
6568	0
6569	0
6570	0
6571	0
6572	0
6573	0
6574	0
6575	0
6576	0
6577	0
6578	0
6579	0
6580	0
6581	0
6582	0
6583	0
6584	0
6585	0
6586	0
6587	0
6588	0
6589	0
6590	0
6591	0
6592	0
6593	0
6594	0
6595	0
6596	0
6597	0
6598	0
6599	0
6600	0
6601	0
6602	0
6603	0
6604	0
6605	0
6606	0
6607	0
6608	0
6609	0
6610	0
6611	0
6612	0
6613	0
6614	0
6615	0
6616	0
6617	0
6618	0
6619	0
6620	0
6621	0
6622	0
6623	0
6624	0
6625	0
6626	0
6627	0
6628	0
6629	0
6630	0
6631	0
6632	0
6633	0
6634	0
6635	0
6636	0
6637	0
6638	0
6639	0
6640	0
6641	0
6642	0
6643	0
6644	0
6645	0
6646	0
6647	0
6648	0
6649	0
6650	0
6651	0
6652	0
6653	0
6654	0
6655	0
6656	0
6657	0
6658	0
6659	0
6660	0
6661	0
6662	0
6663	0
6664	0
6665	0
6666	0
6667	0
6668	0
6669	0
6670	0
6671	0
6672	0
6673	0
6674	0
6675	0
6676	0
6677	0
6678	0
6679	0
6680	0
6681	0
6682	0
6683	0
6684	0
6685	0
6686	0
6687	0
6688	0
6689	0
6690	0
6691	0
6692	0
6693	0
6694	0
6695	0
6696	0
6697	0
6698	0
6699	0
6700	0
6701	0
6702	0
6703	0
6704	0
6705	0
6706	0
6707	0
6708	0
6709	0
6710	0
6711	0
6712	0
6713	0
6714	0
6715	0
6716	0
6717	0
6718	0
6719	0
6720	0
6721	0
6722	0
6723	0
6724	0
6725	0
6726	0
6727	0
6728	0
6729	0
6730	0
6731	0
6732	0
6733	0
6734	0
6735	0
6736	0
6737	0
6738	0
6739	0
6740	0
6741	0
6742	0
6743	0
6744	0
6745	0
6746	0
6747	0
6748	0
6749	0
6750	0
6751	0
6752	0
6753	0
6754	0
6755	0
6756	0
6757	0
6758	0
6759	0
6760	0
6761	0
6762	0
6763	0
6764	0
6765	0
6766	0
6767	0
6768	0
6769	0
6770	0
6771	0
6772	0
6773	0
6774	0
6775	0
6776	0
6777	0
6778	0
6779	0
6780	0
6781	0
6782	0
6783	0
6784	0
6785	0
6786	0
6787	0
6788	0
6789	0
6790	0
6791	0
6792	0
6793	0
6794	0
6795	0
6796	0
6797	0
6798	0
6799	0
6800	0
6801	0
6802	0
6803	0
6804	0
6805	0
6806	0
6807	0
6808	0
6809	0
6810	0
6811	0
6812	0
6813	0
6814	0
6815	0
6816	0
6817	0
6818	0
6819	0
6820	0
6821	0
6822	0
6823	0
6824	0
6825	0
6826	0
6827	0
6828	0
6829	0
6830	0
6831	0
6832	0
6833	0
6834	0
6835	0
6836	0
6837	0
6838	0
6839	0
6840	0
6841	0
6842	0
6843	0
6844	0
6845	0
6846	0
6847	0
6848	0
6849	0
6850	0
6851	0
6852	0
6853	0
6854	0
6855	0
6856	0
6857	0
6858	0
6859	0
6860	0
6861	0
6862	0
6863	0
6864	0
6865	0
6866	0
6867	0
6868	0
6869	0
6870	0
6871	0
6872	0
6873	0
6874	0
6875	0
6876	0
6877	0
6878	0
6879	0
6880	0
6881	0
6882	0
6883	0
6884	0
6885	0
6886	0
6887	0
6888	0
6889	0
6890	0
6891	0
6892	0
6893	0
6894	0
6895	0
6896	0
6897	0
6898	0
6899	0
6900	0
6901	0
6902	0
6903	0
6904	0
6905	0
6906	0
6907	0
6908	0
6909	0
6910	0
6911	0
6912	0
6913	0
6914	0
6915	0
6916	0
6917	0
6918	0
6919	0
6920	0
6921	0
6922	0
6923	0
6924	0
6925	0
6926	0
6927	0
6928	0
6929	0
6930	0
6931	0
6932	0
6933	0
6934	0
6935	0
6936	0
6937	0
6938	0
6939	0
6940	0
6941	0
6942	0
6943	0
6944	0
6945	0
6946	0
6947	0
6948	0
6949	0
6950	0
6951	0
6952	0
6953	0
6954	0
6955	0
6956	0
6957	0
6958	0
6959	0
6960	0
6961	0
6962	0
6963	0
6964	0
6965	0
6966	0
6967	0
6968	0
6969	0
6970	0
6971	0
6972	0
6973	0
6974	0
6975	0
6976	0
6977	0
6978	0
6979	0
6980	0
6981	0
6982	0
6983	0
6984	0
6985	0
6986	0
6987	0
6988	0
6989	0
6990	0
6991	0
6992	0
6993	0
6994	0
6995	0
6996	0
6997	0
6998	0
6999	0
7000	0
7001	0
7002	0
7003	0
7004	0
7005	0
7006	0
7007	0
7008	0
7009	0
7010	0
7011	0
7012	0
7013	0
7014	0
7015	0
7016	0
7017	0
7018	0
7019	0
7020	0
7021	0
7022	0
7023	0
7024	0
7025	0
7026	0
7027	0
7028	0
7029	0
7030	0
7031	0
7032	0
7033	0
7034	0
7035	0
7036	0
7037	0
7038	0
7039	0
7040	0
7041	0
7042	0
7043	0
7044	0
7045	0
7046	0
7047	0
7048	0
7049	0
7050	0
7051	0
7052	0
7053	0
7054	0
7055	0
7056	0
7057	0
7058	0
7059	0
7060	0
7061	0
7062	0
7063	0
7064	0
7065	0
7066	0
7067	0
7068	0
7069	0
7070	0
7071	0
7072	0
7073	0
7074	0
7075	0
7076	0
7077	0
7078	0
7079	0
7080	0
7081	0
7082	0
7083	0
7084	0
7085	0
7086	0
7087	0
7088	0
7089	0
7090	0
7091	0
7092	0
7093	0
7094	0
7095	0
7096	0
7097	0
7098	0
7099	0
7100	0
7101	0
7102	0
7103	0
7104	0
7105	0
7106	0
7107	0
7108	0
7109	0
7110	0
7111	0
7112	0
7113	0
7114	0
7115	0
7116	0
7117	0
7118	0
7119	0
7120	0
7121	0
7122	0
7123	0
7124	0
7125	0
7126	0
7127	0
7128	0
7129	0
7130	0
7131	0
7132	0
7133	0
7134	0
7135	0
7136	0
7137	0
7138	0
7139	0
7140	0
7141	0
7142	0
7143	0
7144	0
7145	0
7146	0
7147	0
7148	0
7149	0
7150	0
7151	0
7152	0
7153	0
7154	0
7155	0
7156	0
7157	0
7158	0
7159	0
7160	0
7161	0
7162	0
7163	0
7164	0
7165	0
7166	0
7167	0
7168	0
7169	0
7170	0
7171	0
7172	0
7173	0
7174	0
7175	0
7176	0
7177	0
7178	0
7179	0
7180	0
7181	0
7182	0
7183	0
7184	0
7185	0
7186	0
7187	0
7188	0
7189	0
7190	0
7191	0
7192	0
7193	0
7194	0
7195	0
7196	0
7197	0
7198	0
7199	0
7200	0
7201	0
7202	0
7203	0
7204	0
7205	0
7206	0
7207	0
7208	0
7209	0
7210	0
7211	0
7212	0
7213	0
7214	0
7215	0
7216	0
7217	0
7218	0
7219	0
7220	0
7221	0
7222	0
7223	0
7224	0
7225	0
7226	0
7227	0
7228	0
7229	0
7230	0
7231	0
7232	0
7233	0
7234	0
7235	0
7236	0
7237	0
7238	0
7239	0
7240	0
7241	0
7242	0
7243	0
7244	0
7245	0
7246	0
7247	0
7248	0
7249	0
7250	0
7251	0
7252	0
7253	0
7254	0
7255	0
7256	0
7257	0
7258	0
7259	0
7260	0
7261	0
7262	0
7263	0
7264	0
7265	0
7266	0
7267	0
7268	0
7269	0
7270	0
7271	0
7272	0
7273	0
7274	0
7275	0
7276	0
7277	0
7278	0
7279	0
7280	0
7281	0
7282	0
7283	0
7284	0
7285	0
7286	0
7287	0
7288	0
7289	0
7290	0
7291	0
7292	0
7293	0
7294	0
7295	0
7296	0
7297	0
7298	0
7299	0
7300	0
7301	0
7302	0
7303	0
7304	0
7305	0
7306	0
7307	0
7308	0
7309	0
7310	0
7311	0
7312	0
7313	0
7314	0
7315	0
7316	0
7317	0
7318	0
7319	0
7320	0
7321	0
7322	0
7323	0
7324	0
7325	0
7326	0
7327	0
7328	0
7329	0
7330	0
7331	0
7332	0
7333	0
7334	0
7335	0
7336	0
7337	0
7338	0
7339	0
7340	0
7341	0
7342	0
7343	0
7344	0
7345	0
7346	0
7347	0
7348	0
7349	0
7350	0
7351	0
7352	0
7353	0
7354	0
7355	0
7356	0
7357	0
7358	0
7359	0
7360	0
7361	0
7362	0
7363	0
7364	0
7365	0
7366	0
7367	0
7368	0
7369	0
7370	0
7371	0
7372	0
7373	0
7374	0
7375	0
7376	0
7377	0
7378	0
7379	0
7380	0
7381	0
7382	0
7383	0
7384	0
7385	0
7386	0
7387	0
7388	0
7389	0
7390	0
7391	0
7392	0
7393	0
7394	0
7395	0
7396	0
7397	0
7398	0
7399	0
7400	0
7401	0
7402	0
7403	0
7404	0
7405	0
7406	0
7407	0
7408	0
7409	0
7410	0
7411	0
7412	0
7413	0
7414	0
7415	0
7416	0
7417	0
7418	0
7419	0
7420	0
7421	0
7422	0
7423	0
7424	0
7425	0
7426	0
7427	0
7428	0
7429	0
7430	0
7431	0
7432	0
7433	0
7434	0
7435	0
7436	0
7437	0
7438	0
7439	0
7440	0
7441	0
7442	0
7443	0
7444	0
7445	0
7446	0
7447	0
7448	0
7449	0
7450	0
7451	0
7452	0
7453	0
7454	0
7455	0
7456	0
7457	0
7458	0
7459	0
7460	0
7461	0
7462	0
7463	0
7464	0
7465	0
7466	0
7467	0
7468	0
7469	0
7470	0
7471	0
7472	0
7473	0
7474	0
7475	0
7476	0
7477	0
7478	0
7479	0
7480	0
7481	0
7482	0
7483	0
7484	0
7485	0
7486	0
7487	0
7488	0
7489	0
7490	0
7491	0
7492	0
7493	0
7494	0
7495	0
7496	0
7497	0
7498	0
7499	0
7500	0
7501	0
7502	0
7503	0
7504	0
7505	0
7506	0
7507	0
7508	0
7509	0
7510	0
7511	0
7512	0
7513	0
7514	0
7515	0
7516	0
7517	0
7518	0
7519	0
7520	0
7521	0
7522	0
7523	0
7524	0
7525	0
7526	0
7527	0
7528	0
7529	0
7530	0
7531	0
7532	0
7533	0
7534	0
7535	0
7536	0
7537	0
7538	0
7539	0
7540	0
7541	0
7542	0
7543	0
7544	0
7545	0
7546	0
7547	0
7548	0
7549	0
7550	0
7551	0
7552	0
7553	0
7554	0
7555	0
7556	0
7557	0
7558	0
7559	0
7560	0
7561	0
7562	0
7563	0
7564	0
7565	0
7566	0
7567	0
7568	0
7569	0
7570	0
7571	0
7572	0
7573	0
7574	0
7575	0
7576	0
7577	0
7578	0
7579	0
7580	0
7581	0
7582	0
7583	0
7584	0
7585	0
7586	0
7587	0
7588	0
7589	0
7590	0
7591	0
7592	0
7593	0
7594	0
7595	0
7596	0
7597	0
7598	0
7599	0
7600	0
7601	0
7602	0
7603	0
7604	0
7605	0
7606	0
7607	0
7608	0
7609	0
7610	0
7611	0
7612	0
7613	0
7614	0
7615	0
7616	0
7617	0
7618	0
7619	0
7620	0
7621	0
7622	0
7623	0
7624	0
7625	0
7626	0
7627	0
7628	0
7629	0
7630	0
7631	0
7632	0
7633	0
7634	0
7635	0
7636	0
7637	0
7638	0
7639	0
7640	0
7641	0
7642	0
7643	0
7644	0
7645	0
7646	0
7647	0
7648	0
7649	0
7650	0
7651	0
7652	0
7653	0
7654	0
7655	0
7656	0
7657	0
7658	0
7659	0
7660	0
7661	0
7662	0
7663	0
7664	0
7665	0
7666	0
7667	0
7668	0
7669	0
7670	0
7671	0
7672	0
7673	0
7674	0
7675	0
7676	0
7677	0
7678	0
7679	0
7680	0
7681	0
7682	0
7683	0
7684	0
7685	0
7686	0
7687	0
7688	0
7689	0
7690	0
7691	0
7692	0
7693	0
7694	0
7695	0
7696	0
7697	0
7698	0
7699	0
7700	0
7701	0
7702	0
7703	0
7704	0
7705	0
7706	0
7707	0
7708	0
7709	0
7710	0
7711	0
7712	0
7713	0
7714	0
7715	0
7716	0
7717	0
7718	0
7719	0
7720	0
7721	0
7722	0
7723	0
7724	0
7725	0
7726	0
7727	0
7728	0
7729	0
7730	0
7731	0
7732	0
7733	0
7734	0
7735	0
7736	0
7737	0
7738	0
7739	0
7740	0
7741	0
7742	0
7743	0
7744	0
7745	0
7746	0
7747	0
7748	0
7749	0
7750	0
7751	0
7752	0
7753	0
7754	0
7755	0
7756	0
7757	0
7758	0
7759	0
7760	0
7761	0
7762	0
7763	0
7764	0
7765	0
7766	0
7767	0
7768	0
7769	0
7770	0
7771	0
7772	0
7773	0
7774	0
7775	0
7776	0
7777	0
7778	0
7779	0
7780	0
7781	0
7782	0
7783	0
7784	0
7785	0
7786	0
7787	0
7788	0
7789	0
7790	0
7791	0
7792	0
7793	0
7794	0
7795	0
7796	0
7797	0
7798	0
7799	0
7800	0
7801	0
7802	0
7803	0
7804	0
7805	0
7806	0
7807	0
7808	0
7809	0
7810	0
7811	0
7812	0
7813	0
7814	0
7815	0
7816	0
7817	0
7818	0
7819	0
7820	0
7821	0
7822	0
7823	0
7824	0
7825	0
7826	0
7827	0
7828	0
7829	0
7830	0
7831	0
7832	0
7833	0
7834	0
7835	0
7836	0
7837	0
7838	0
7839	0
7840	0
7841	0
7842	0
7843	0
7844	0
7845	0
7846	0
7847	0
7848	0
7849	0
7850	0
7851	0
7852	0
7853	0
7854	0
7855	0
7856	0
7857	0
7858	0
7859	0
7860	0
7861	0
7862	0
7863	0
7864	0
7865	0
7866	0
7867	0
7868	0
7869	0
7870	0
7871	0
7872	0
7873	0
7874	0
7875	0
7876	0
7877	0
7878	0
7879	0
7880	0
7881	0
7882	0
7883	0
7884	0
7885	0
7886	0
7887	0
7888	0
7889	0
7890	0
7891	0
7892	0
7893	0
7894	0
7895	0
7896	0
7897	0
7898	0
7899	0
7900	0
7901	0
7902	0
7903	0
7904	0
7905	0
7906	0
7907	0
7908	0
7909	0
7910	0
7911	0
7912	0
7913	0
7914	0
7915	0
7916	0
7917	0
7918	0
7919	0
7920	0
7921	0
7922	0
7923	0
7924	0
7925	0
7926	0
7927	0
7928	0
7929	0
7930	0
7931	0
7932	0
7933	0
7934	0
7935	0
7936	0
7937	0
7938	0
7939	0
7940	0
7941	0
7942	0
7943	0
7944	0
7945	0
7946	0
7947	0
7948	0
7949	0
7950	0
7951	0
7952	0
7953	0
7954	0
7955	0
7956	0
7957	0
7958	0
7959	0
7960	0
7961	0
7962	0
7963	0
7964	0
7965	0
7966	0
7967	0
7968	0
7969	0
7970	0
7971	0
7972	0
7973	0
7974	0
7975	0
7976	0
7977	0
7978	0
7979	0
7980	0
7981	0
7982	0
7983	0
7984	0
7985	0
7986	0
7987	0
7988	0
7989	0
7990	0
7991	0
7992	0
7993	0
7994	0
7995	0
7996	0
7997	0
7998	0
7999	0
8000	0
8001	0
8002	0
8003	0
8004	0
8005	0
8006	0
8007	0
8008	0
8009	0
8010	0
8011	0
8012	0
8013	0
8014	0
8015	0
8016	0
8017	0
8018	0
8019	0
8020	0
8021	0
8022	0
8023	0
8024	0
8025	0
8026	0
8027	0
8028	0
8029	0
8030	0
8031	0
8032	0
8033	0
8034	0
8035	0
8036	0
8037	0
8038	0
8039	0
8040	0
8041	0
8042	0
8043	0
8044	0
8045	0
8046	0
8047	0
8048	0
8049	0
8050	0
8051	0
8052	0
8053	0
8054	0
8055	0
8056	0
8057	0
8058	0
8059	0
8060	0
8061	0
8062	0
8063	0
8064	0
8065	0
8066	0
8067	0
8068	0
8069	0
8070	0
8071	0
8072	0
8073	0
8074	0
8075	0
8076	0
8077	0
8078	0
8079	0
8080	0
8081	0
8082	0
8083	0
8084	0
8085	0
8086	0
8087	0
8088	0
8089	0
8090	0
8091	0
8092	0
8093	0
8094	0
8095	0
8096	0
8097	0
8098	0
8099	0
8100	0
8101	0
8102	0
8103	0
8104	0
8105	0
8106	0
8107	0
8108	0
8109	0
8110	0
8111	0
8112	0
8113	0
8114	0
8115	0
8116	0
8117	0
8118	0
8119	0
8120	0
8121	0
8122	0
8123	0
8124	0
8125	0
8126	0
8127	0
8128	0
8129	0
8130	0
8131	0
8132	0
8133	0
8134	0
8135	0
8136	0
8137	0
8138	0
8139	0
8140	0
8141	0
8142	0
8143	0
8144	0
8145	0
8146	0
8147	0
8148	0
8149	0
8150	0
8151	0
8152	0
8153	0
8154	0
8155	0
8156	0
8157	0
8158	0
8159	0
8160	0
8161	0
8162	0
8163	0
8164	0
8165	0
8166	0
8167	0
8168	0
8169	0
8170	0
8171	0
8172	0
8173	0
8174	0
8175	0
8176	0
8177	0
8178	0
8179	0
8180	0
8181	0
8182	0
8183	0
8184	0
8185	0
8186	0
8187	0
8188	0
8189	0
8190	0
8191	0
