0	0
1	0
2	0
3	0
4	0
5	0
6	0
7	0
8	0
9	0
10	0
11	0
12	0
13	0
14	0
15	0
16	0
17	0
18	0
19	0
20	0
21	0
22	0
23	0
24	0
25	0
26	0
27	0
28	0
29	0
30	0
31	0
32	0
33	0
34	0
35	0
36	0
37	0
38	0
39	0
40	0
41	0
42	0
43	0
44	0
45	0
46	0
47	0
48	0
49	0
50	0
51	0
52	0
53	0
54	0
55	0
56	0
57	0
58	0
59	0
60	0
61	0
62	0
63	0
64	0
65	0
66	0
67	0
68	0
69	0
70	0
71	0
72	0
73	0
74	0
75	0
76	0
77	0
78	0
79	0
80	0
81	0
82	0
83	0
84	0
85	0
86	0
87	0
88	0
89	0
90	0
91	0
92	0
93	0
94	0
95	0
96	0
97	0
98	0
99	0
100	0
101	0
102	0
103	0
104	0
105	0
106	0
107	0
108	0
109	0
110	0
111	0
112	0
113	0
114	0
115	0
116	0
117	0
118	0
119	0
120	0
121	0
122	0
123	0
124	0
125	0
126	0
127	0
128	0
129	0
130	0
131	0
132	0
133	0
134	0
135	0
136	0
137	0
138	0
139	0
140	0
141	0
142	0
143	0
144	0
145	0
146	0
147	0
148	0
149	0
150	0
151	0
152	0
153	0
154	0
155	0
156	0
157	0
158	0
159	0
160	0
161	0
162	0
163	0
164	0
165	0
166	0
167	0
168	0
169	0
170	0
171	0
172	0
173	0
174	0
175	0
176	0
177	0
178	0
179	0
180	0
181	0
182	0
183	0
184	0
185	0
186	0
187	0
188	0
189	0
190	0
191	0
192	0
193	0
194	0
195	0
196	0
197	0
198	0
199	0
200	0
201	0
202	0
203	0
204	0
205	0
206	0
207	0
208	0
209	0
210	0
211	0
212	0
213	0
214	0
215	0
216	0
217	0
218	0
219	0
220	0
221	0
222	0
223	0
224	0
225	0
226	0
227	0
228	0
229	0
230	0
231	0
232	0
233	0
234	0
235	0
236	0
237	0
238	0
239	0
240	0
241	0
242	0
243	0
244	0
245	0
246	0
247	0
248	0
249	0
250	0
251	0
252	0
253	0
254	0
255	0
256	0
257	0
258	0
259	0
260	0
261	0
262	0
263	0
264	0
265	0
266	0
267	0
268	0
269	0
270	0
271	0
272	0
273	0
274	0
275	0
276	0
277	0
278	0
279	0
280	0
281	0
282	0
283	0
284	0
285	0
286	0
287	0
288	0
289	0
290	0
291	0
292	0
293	0
294	0
295	0
296	0
297	0
298	0
299	0
300	0
301	0
302	0
303	0
304	0
305	0
306	0
307	0
308	0
309	0
310	0
311	0
312	0
313	0
314	0
315	0
316	0
317	0
318	0
319	0
320	0
321	0
322	0
323	0
324	0
325	0
326	0
327	0
328	0
329	0
330	0
331	0
332	0
333	0
334	0
335	0
336	0
337	0
338	0
339	0
340	0
341	0
342	0
343	0
344	0
345	0
346	0
347	0
348	0
349	0
350	0
351	0
352	0
353	0
354	0
355	0
356	0
357	0
358	0
359	0
360	0
361	0
362	0
363	0
364	0
365	0
366	0
367	0
368	0
369	0
370	0
371	0
372	0
373	0
374	0
375	0
376	0
377	0
378	0
379	0
380	0
381	0
382	0
383	0
384	0
385	0
386	0
387	0
388	0
389	0
390	0
391	0
392	0
393	0
394	0
395	0
396	0
397	0
398	0
399	0
400	0
401	0
402	0
403	0
404	0
405	0
406	0
407	0
408	0
409	0
410	0
411	0
412	0
413	0
414	0
415	0
416	0
417	0
418	0
419	0
420	0
421	0
422	0
423	0
424	0
425	0
426	0
427	0
428	0
429	0
430	0
431	0
432	0
433	0
434	0
435	0
436	0
437	0
438	0
439	0
440	0
441	0
442	0
443	0
444	0
445	0
446	0
447	0
448	0
449	0
450	0
451	0
452	0
453	0
454	0
455	0
456	0
457	0
458	0
459	0
460	0
461	0
462	0
463	0
464	0
465	0
466	0
467	0
468	0
469	0
470	0
471	0
472	0
473	0
474	0
475	0
476	0
477	0
478	0
479	0
480	0
481	0
482	0
483	0
484	0
485	0
486	0
487	0
488	0
489	0
490	0
491	0
492	0
493	0
494	0
495	0
496	0
497	0
498	0
499	0
500	0
501	0
502	0
503	0
504	0
505	0
506	0
507	0
508	0
509	0
510	0
511	0
512	0
513	0
514	0
515	0
516	0
517	0
518	0
519	0
520	0
521	0
522	0
523	0
524	0
525	0
526	0
527	0
528	0
529	0
530	0
531	0
532	0
533	0
534	0
535	0
536	0
537	0
538	0
539	0
540	0
541	1
542	3
543	9
544	25
545	38
546	32
547	41
548	35
549	44
550	51
551	42
552	37
553	35
554	40
555	45
556	38
557	40
558	38
559	42
560	39
561	51
562	33
563	38
564	35
565	35
566	41
567	45
568	58
569	28
570	31
571	37
572	36
573	41
574	38
575	40
576	50
577	46
578	42
579	43
580	36
581	26
582	42
583	46
584	33
585	39
586	43
587	36
588	30
589	32
590	36
591	43
592	32
593	50
594	40
595	40
596	44
597	40
598	30
599	38
600	35
601	34
602	38
603	35
604	36
605	32
606	36
607	37
608	42
609	34
610	42
611	35
612	29
613	45
614	34
615	41
616	40
617	41
618	35
619	40
620	37
621	44
622	29
623	41
624	28
625	34
626	40
627	38
628	34
629	39
630	46
631	39
632	38
633	34
634	31
635	28
636	35
637	32
638	44
639	39
640	42
641	54
642	34
643	30
644	35
645	35
646	27
647	36
648	37
649	30
650	32
651	35
652	43
653	26
654	50
655	28
656	33
657	34
658	41
659	35
660	30
661	44
662	40
663	43
664	37
665	38
666	35
667	43
668	40
669	37
670	40
671	40
672	43
673	34
674	28
675	34
676	35
677	34
678	28
679	26
680	32
681	34
682	34
683	39
684	49
685	31
686	34
687	37
688	38
689	40
690	31
691	37
692	42
693	38
694	32
695	48
696	36
697	52
698	41
699	32
700	47
701	36
702	46
703	36
704	35
705	39
706	30
707	36
708	42
709	33
710	36
711	39
712	36
713	32
714	37
715	39
716	33
717	38
718	31
719	38
720	37
721	45
722	34
723	36
724	32
725	25
726	22
727	26
728	31
729	34
730	36
731	30
732	30
733	50
734	35
735	41
736	43
737	32
738	32
739	43
740	36
741	35
742	43
743	36
744	41
745	31
746	37
747	45
748	32
749	36
750	40
751	45
752	29
753	33
754	50
755	24
756	27
757	41
758	34
759	32
760	30
761	35
762	34
763	40
764	40
765	31
766	40
767	32
768	30
769	35
770	33
771	38
772	34
773	41
774	39
775	27
776	39
777	38
778	34
779	40
780	40
781	42
782	34
783	32
784	43
785	31
786	30
787	47
788	39
789	30
790	40
791	45
792	40
793	35
794	35
795	40
796	33
797	42
798	32
799	40
800	47
801	34
802	36
803	40
804	41
805	41
806	27
807	38
808	29
809	38
810	26
811	51
812	52
813	33
814	35
815	51
816	24
817	36
818	38
819	26
820	33
821	32
822	46
823	31
824	46
825	37
826	33
827	39
828	46
829	34
830	34
831	34
832	38
833	38
834	46
835	46
836	27
837	25
838	39
839	38
840	36
841	50
842	22
843	40
844	23
845	36
846	24
847	32
848	32
849	29
850	45
851	47
852	28
853	40
854	41
855	41
856	35
857	38
858	33
859	40
860	35
861	42
862	44
863	31
864	36
865	35
866	36
867	34
868	31
869	43
870	39
871	37
872	38
873	44
874	34
875	30
876	36
877	27
878	40
879	43
880	39
881	33
882	36
883	34
884	37
885	38
886	41
887	44
888	38
889	31
890	41
891	30
892	38
893	26
894	49
895	35
896	39
897	36
898	37
899	35
900	33
901	39
902	49
903	38
904	41
905	37
906	41
907	33
908	29
909	50
910	39
911	35
912	36
913	43
914	34
915	39
916	42
917	48
918	41
919	41
920	23
921	30
922	29
923	44
924	34
925	22
926	37
927	32
928	36
929	35
930	30
931	39
932	40
933	39
934	25
935	35
936	27
937	25
938	30
939	35
940	35
941	34
942	37
943	33
944	30
945	35
946	33
947	35
948	29
949	29
950	25
951	40
952	26
953	46
954	31
955	36
956	33
957	38
958	34
959	45
960	34
961	31
962	48
963	31
964	33
965	29
966	30
967	42
968	33
969	42
970	39
971	41
972	39
973	45
974	45
975	42
976	37
977	32
978	50
979	34
980	34
981	39
982	46
983	36
984	34
985	47
986	30
987	36
988	32
989	35
990	29
991	36
992	38
993	30
994	45
995	32
996	39
997	45
998	33
999	36
1000	33
1001	46
1002	24
1003	31
1004	34
1005	44
1006	31
1007	43
1008	34
1009	45
1010	37
1011	35
1012	33
1013	35
1014	38
1015	33
1016	32
1017	37
1018	40
1019	39
1020	36
1021	43
1022	41
1023	31
1024	45
1025	42
1026	26
1027	36
1028	35
1029	43
1030	32
1031	32
1032	41
1033	31
1034	40
1035	45
1036	31
1037	34
1038	45
1039	33
1040	28
1041	34
1042	40
1043	28
1044	31
1045	45
1046	39
1047	45
1048	29
1049	41
1050	42
1051	32
1052	51
1053	52
1054	43
1055	43
1056	32
1057	38
1058	42
1059	42
1060	24
1061	28
1062	45
1063	31
1064	36
1065	32
1066	31
1067	36
1068	35
1069	29
1070	44
1071	34
1072	30
1073	44
1074	37
1075	34
1076	39
1077	32
1078	35
1079	24
1080	38
1081	45
1082	39
1083	27
1084	43
1085	38
1086	37
1087	34
1088	46
1089	38
1090	29
1091	45
1092	39
1093	34
1094	38
1095	30
1096	31
1097	39
1098	37
1099	35
1100	29
1101	39
1102	42
1103	34
1104	35
1105	28
1106	28
1107	23
1108	31
1109	33
1110	39
1111	38
1112	31
1113	37
1114	39
1115	36
1116	29
1117	33
1118	42
1119	33
1120	38
1121	43
1122	47
1123	34
1124	34
1125	40
1126	24
1127	41
1128	38
1129	31
1130	38
1131	44
1132	31
1133	45
1134	38
1135	44
1136	52
1137	40
1138	38
1139	33
1140	43
1141	44
1142	38
1143	35
1144	40
1145	43
1146	37
1147	30
1148	33
1149	36
1150	34
1151	33
1152	35
1153	46
1154	34
1155	33
1156	46
1157	39
1158	38
1159	46
1160	38
1161	40
1162	43
1163	32
1164	44
1165	35
1166	39
1167	35
1168	31
1169	40
1170	26
1171	38
1172	35
1173	43
1174	40
1175	40
1176	45
1177	43
1178	36
1179	31
1180	39
1181	47
1182	31
1183	37
1184	32
1185	31
1186	33
1187	40
1188	33
1189	37
1190	41
1191	41
1192	31
1193	30
1194	44
1195	33
1196	43
1197	25
1198	39
1199	35
1200	44
1201	44
1202	36
1203	50
1204	38
1205	27
1206	29
1207	33
1208	36
1209	34
1210	35
1211	36
1212	36
1213	27
1214	36
1215	28
1216	37
1217	42
1218	37
1219	42
1220	37
1221	49
1222	30
1223	50
1224	50
1225	35
1226	46
1227	37
1228	39
1229	37
1230	34
1231	31
1232	46
1233	33
1234	37
1235	42
1236	31
1237	38
1238	46
1239	32
1240	37
1241	29
1242	42
1243	45
1244	43
1245	36
1246	43
1247	39
1248	36
1249	37
1250	35
1251	30
1252	45
1253	39
1254	37
1255	43
1256	30
1257	50
1258	36
1259	36
1260	44
1261	37
1262	46
1263	36
1264	37
1265	33
1266	36
1267	29
1268	35
1269	39
1270	31
1271	47
1272	36
1273	38
1274	44
1275	40
1276	32
1277	42
1278	38
1279	43
1280	46
1281	39
1282	40
1283	35
1284	35
1285	33
1286	41
1287	36
1288	37
1289	37
1290	41
1291	31
1292	43
1293	41
1294	44
1295	36
1296	31
1297	36
1298	37
1299	43
1300	41
1301	49
1302	44
1303	28
1304	42
1305	36
1306	42
1307	44
1308	38
1309	30
1310	37
1311	43
1312	33
1313	33
1314	36
1315	43
1316	35
1317	40
1318	31
1319	25
1320	40
1321	32
1322	41
1323	48
1324	40
1325	46
1326	44
1327	27
1328	39
1329	43
1330	38
1331	42
1332	38
1333	39
1334	44
1335	41
1336	40
1337	40
1338	33
1339	47
1340	38
1341	49
1342	33
1343	41
1344	40
1345	33
1346	38
1347	38
1348	31
1349	45
1350	34
1351	34
1352	43
1353	38
1354	36
1355	40
1356	32
1357	33
1358	40
1359	47
1360	45
1361	31
1362	32
1363	47
1364	41
1365	31
1366	30
1367	46
1368	35
1369	33
1370	49
1371	38
1372	39
1373	38
1374	38
1375	44
1376	39
1377	46
1378	32
1379	35
1380	41
1381	29
1382	44
1383	35
1384	35
1385	44
1386	28
1387	31
1388	31
1389	35
1390	41
1391	41
1392	47
1393	28
1394	35
1395	28
1396	40
1397	37
1398	33
1399	40
1400	40
1401	39
1402	44
1403	35
1404	36
1405	45
1406	44
1407	32
1408	36
1409	38
1410	33
1411	29
1412	46
1413	32
1414	38
1415	37
1416	38
1417	35
1418	41
1419	40
1420	41
1421	40
1422	35
1423	31
1424	31
1425	24
1426	32
1427	38
1428	33
1429	30
1430	37
1431	29
1432	38
1433	39
1434	29
1435	26
1436	41
1437	41
1438	35
1439	44
1440	33
1441	33
1442	25
1443	32
1444	37
1445	48
1446	34
1447	27
1448	26
1449	35
1450	30
1451	43
1452	50
1453	39
1454	41
1455	39
1456	28
1457	46
1458	41
1459	36
1460	37
1461	27
1462	35
1463	39
1464	38
1465	38
1466	31
1467	37
1468	40
1469	39
1470	42
1471	40
1472	31
1473	33
1474	44
1475	37
1476	34
1477	42
1478	36
1479	32
1480	36
1481	36
1482	46
1483	38
1484	32
1485	37
1486	36
1487	34
1488	48
1489	25
1490	35
1491	34
1492	42
1493	33
1494	28
1495	38
1496	43
1497	32
1498	31
1499	34
1500	40
1501	38
1502	47
1503	37
1504	41
1505	34
1506	27
1507	34
1508	40
1509	38
1510	37
1511	44
1512	37
1513	37
1514	37
1515	36
1516	41
1517	35
1518	48
1519	34
1520	38
1521	44
1522	28
1523	40
1524	37
1525	37
1526	51
1527	53
1528	35
1529	39
1530	37
1531	56
1532	38
1533	34
1534	34
1535	45
1536	33
1537	32
1538	33
1539	38
1540	39
1541	39
1542	40
1543	33
1544	33
1545	33
1546	40
1547	35
1548	48
1549	44
1550	37
1551	38
1552	38
1553	38
1554	35
1555	36
1556	31
1557	40
1558	39
1559	39
1560	36
1561	38
1562	42
1563	26
1564	47
1565	40
1566	32
1567	50
1568	37
1569	43
1570	41
1571	45
1572	34
1573	30
1574	40
1575	35
1576	44
1577	24
1578	37
1579	40
1580	46
1581	40
1582	32
1583	39
1584	43
1585	39
1586	43
1587	45
1588	30
1589	52
1590	41
1591	44
1592	30
1593	48
1594	43
1595	48
1596	31
1597	31
1598	24
1599	34
1600	30
1601	37
1602	31
1603	28
1604	28
1605	45
1606	36
1607	50
1608	39
1609	31
1610	35
1611	34
1612	39
1613	35
1614	40
1615	43
1616	36
1617	43
1618	47
1619	39
1620	39
1621	48
1622	39
1623	40
1624	37
1625	41
1626	22
1627	36
1628	29
1629	34
1630	39
1631	37
1632	36
1633	33
1634	44
1635	50
1636	36
1637	28
1638	44
1639	39
1640	35
1641	52
1642	33
1643	53
1644	50
1645	31
1646	29
1647	38
1648	34
1649	38
1650	37
1651	23
1652	35
1653	48
1654	38
1655	44
1656	29
1657	33
1658	30
1659	33
1660	31
1661	45
1662	23
1663	35
1664	51
1665	38
1666	42
1667	44
1668	29
1669	32
1670	35
1671	48
1672	45
1673	32
1674	36
1675	39
1676	51
1677	40
1678	43
1679	30
1680	51
1681	41
1682	38
1683	43
1684	49
1685	37
1686	27
1687	36
1688	34
1689	43
1690	26
1691	36
1692	36
1693	36
1694	30
1695	39
1696	32
1697	39
1698	35
1699	37
1700	34
1701	40
1702	23
1703	33
1704	38
1705	32
1706	33
1707	30
1708	56
1709	41
1710	34
1711	32
1712	50
1713	49
1714	37
1715	36
1716	40
1717	43
1718	33
1719	42
1720	41
1721	29
1722	40
1723	37
1724	23
1725	32
1726	47
1727	33
1728	41
1729	27
1730	40
1731	45
1732	28
1733	40
1734	34
1735	38
1736	43
1737	39
1738	37
1739	34
1740	32
1741	55
1742	34
1743	29
1744	42
1745	38
1746	41
1747	46
1748	44
1749	35
1750	34
1751	33
1752	42
1753	37
1754	35
1755	43
1756	40
1757	42
1758	31
1759	34
1760	33
1761	30
1762	41
1763	41
1764	36
1765	39
1766	38
1767	43
1768	35
1769	37
1770	34
1771	34
1772	40
1773	45
1774	39
1775	32
1776	41
1777	43
1778	34
1779	45
1780	30
1781	51
1782	33
1783	40
1784	47
1785	34
1786	36
1787	39
1788	46
1789	45
1790	44
1791	41
1792	45
1793	43
1794	38
1795	29
1796	37
1797	30
1798	33
1799	33
1800	29
1801	42
1802	41
1803	31
1804	30
1805	36
1806	45
1807	33
1808	24
1809	51
1810	43
1811	30
1812	39
1813	50
1814	29
1815	34
1816	52
1817	43
1818	31
1819	35
1820	47
1821	40
1822	42
1823	36
1824	48
1825	31
1826	48
1827	30
1828	34
1829	29
1830	27
1831	30
1832	32
1833	37
1834	31
1835	34
1836	44
1837	43
1838	41
1839	36
1840	39
1841	40
1842	41
1843	43
1844	36
1845	41
1846	42
1847	36
1848	43
1849	40
1850	50
1851	50
1852	36
1853	42
1854	31
1855	45
1856	43
1857	39
1858	28
1859	37
1860	41
1861	37
1862	34
1863	40
1864	31
1865	31
1866	48
1867	32
1868	37
1869	41
1870	48
1871	34
1872	43
1873	40
1874	34
1875	33
1876	37
1877	41
1878	37
1879	33
1880	37
1881	39
1882	29
1883	47
1884	44
1885	36
1886	26
1887	33
1888	49
1889	35
1890	41
1891	41
1892	34
1893	40
1894	31
1895	48
1896	31
1897	51
1898	42
1899	38
1900	34
1901	42
1902	43
1903	39
1904	35
1905	40
1906	41
1907	38
1908	34
1909	38
1910	40
1911	51
1912	41
1913	45
1914	45
1915	43
1916	44
1917	39
1918	43
1919	46
1920	39
1921	39
1922	38
1923	36
1924	36
1925	46
1926	56
1927	41
1928	26
1929	35
1930	32
1931	52
1932	47
1933	41
1934	45
1935	40
1936	39
1937	37
1938	34
1939	37
1940	50
1941	39
1942	34
1943	50
1944	34
1945	33
1946	48
1947	37
1948	52
1949	47
1950	33
1951	52
1952	48
1953	39
1954	46
1955	43
1956	35
1957	47
1958	47
1959	45
1960	40
1961	33
1962	40
1963	39
1964	50
1965	44
1966	44
1967	44
1968	42
1969	45
1970	37
1971	34
1972	38
1973	40
1974	40
1975	43
1976	37
1977	54
1978	47
1979	26
1980	36
1981	51
1982	32
1983	38
1984	42
1985	31
1986	39
1987	44
1988	57
1989	43
1990	61
1991	54
1992	45
1993	46
1994	40
1995	41
1996	53
1997	44
1998	52
1999	44
2000	39
2001	41
2002	45
2003	43
2004	54
2005	48
2006	39
2007	42
2008	43
2009	56
2010	46
2011	45
2012	61
2013	49
2014	45
2015	36
2016	60
2017	53
2018	62
2019	40
2020	43
2021	59
2022	52
2023	63
2024	54
2025	60
2026	57
2027	55
2028	58
2029	47
2030	40
2031	55
2032	52
2033	56
2034	72
2035	51
2036	56
2037	65
2038	57
2039	54
2040	67
2041	50
2042	51
2043	49
2044	46
2045	55
2046	62
2047	55
2048	55
2049	61
2050	63
2051	60
2052	57
2053	53
2054	70
2055	68
2056	63
2057	57
2058	52
2059	55
2060	65
2061	54
2062	64
2063	77
2064	65
2065	71
2066	69
2067	69
2068	60
2069	88
2070	74
2071	62
2072	73
2073	58
2074	86
2075	68
2076	80
2077	78
2078	61
2079	83
2080	73
2081	70
2082	58
2083	68
2084	76
2085	61
2086	75
2087	60
2088	70
2089	77
2090	73
2091	80
2092	68
2093	71
2094	84
2095	67
2096	88
2097	81
2098	80
2099	76
2100	79
2101	76
2102	72
2103	82
2104	85
2105	83
2106	82
2107	93
2108	79
2109	91
2110	88
2111	75
2112	88
2113	84
2114	92
2115	86
2116	75
2117	69
2118	88
2119	93
2120	81
2121	97
2122	77
2123	94
2124	93
2125	81
2126	83
2127	80
2128	92
2129	99
2130	93
2131	93
2132	107
2133	88
2134	91
2135	83
2136	87
2137	81
2138	89
2139	67
2140	100
2141	96
2142	89
2143	93
2144	107
2145	74
2146	82
2147	100
2148	89
2149	87
2150	91
2151	105
2152	82
2153	74
2154	90
2155	86
2156	73
2157	91
2158	95
2159	84
2160	82
2161	79
2162	94
2163	81
2164	74
2165	79
2166	86
2167	71
2168	94
2169	88
2170	92
2171	91
2172	85
2173	91
2174	96
2175	94
2176	86
2177	73
2178	88
2179	90
2180	92
2181	76
2182	73
2183	88
2184	75
2185	91
2186	85
2187	77
2188	81
2189	87
2190	83
2191	90
2192	100
2193	72
2194	70
2195	92
2196	95
2197	72
2198	89
2199	79
2200	97
2201	81
2202	64
2203	67
2204	76
2205	68
2206	67
2207	77
2208	77
2209	70
2210	85
2211	68
2212	80
2213	85
2214	78
2215	59
2216	74
2217	71
2218	73
2219	84
2220	68
2221	71
2222	60
2223	72
2224	78
2225	64
2226	76
2227	74
2228	65
2229	64
2230	75
2231	72
2232	73
2233	64
2234	67
2235	82
2236	70
2237	82
2238	77
2239	57
2240	65
2241	65
2242	58
2243	58
2244	65
2245	75
2246	63
2247	77
2248	77
2249	68
2250	72
2251	54
2252	64
2253	66
2254	66
2255	57
2256	57
2257	68
2258	65
2259	67
2260	77
2261	53
2262	62
2263	66
2264	53
2265	61
2266	50
2267	74
2268	51
2269	61
2270	71
2271	54
2272	54
2273	65
2274	48
2275	56
2276	54
2277	46
2278	56
2279	49
2280	59
2281	43
2282	62
2283	63
2284	57
2285	44
2286	64
2287	59
2288	63
2289	51
2290	50
2291	70
2292	39
2293	45
2294	56
2295	46
2296	57
2297	57
2298	60
2299	56
2300	41
2301	38
2302	65
2303	50
2304	38
2305	65
2306	51
2307	56
2308	59
2309	42
2310	40
2311	58
2312	57
2313	52
2314	57
2315	38
2316	43
2317	36
2318	50
2319	42
2320	33
2321	50
2322	54
2323	48
2324	59
2325	43
2326	61
2327	62
2328	64
2329	56
2330	42
2331	46
2332	44
2333	43
2334	55
2335	46
2336	57
2337	51
2338	62
2339	46
2340	45
2341	42
2342	57
2343	44
2344	35
2345	62
2346	58
2347	50
2348	37
2349	52
2350	51
2351	51
2352	47
2353	40
2354	39
2355	40
2356	60
2357	30
2358	46
2359	43
2360	47
2361	45
2362	59
2363	50
2364	42
2365	60
2366	48
2367	60
2368	52
2369	48
2370	52
2371	50
2372	45
2373	47
2374	47
2375	42
2376	63
2377	60
2378	57
2379	53
2380	69
2381	52
2382	49
2383	57
2384	60
2385	52
2386	51
2387	39
2388	43
2389	55
2390	44
2391	49
2392	61
2393	45
2394	50
2395	45
2396	48
2397	46
2398	44
2399	58
2400	47
2401	51
2402	64
2403	58
2404	54
2405	47
2406	46
2407	51
2408	56
2409	48
2410	52
2411	49
2412	48
2413	48
2414	56
2415	61
2416	45
2417	51
2418	58
2419	51
2420	57
2421	56
2422	54
2423	43
2424	48
2425	54
2426	57
2427	57
2428	36
2429	74
2430	55
2431	58
2432	51
2433	58
2434	67
2435	43
2436	68
2437	47
2438	51
2439	57
2440	59
2441	50
2442	63
2443	61
2444	62
2445	44
2446	51
2447	59
2448	63
2449	56
2450	53
2451	63
2452	63
2453	52
2454	43
2455	49
2456	56
2457	62
2458	65
2459	58
2460	51
2461	55
2462	69
2463	61
2464	49
2465	60
2466	55
2467	57
2468	69
2469	68
2470	76
2471	50
2472	64
2473	69
2474	48
2475	71
2476	64
2477	58
2478	37
2479	45
2480	63
2481	53
2482	54
2483	63
2484	61
2485	57
2486	51
2487	48
2488	66
2489	44
2490	67
2491	50
2492	71
2493	59
2494	71
2495	57
2496	52
2497	62
2498	79
2499	67
2500	60
2501	64
2502	51
2503	54
2504	68
2505	67
2506	66
2507	48
2508	59
2509	68
2510	76
2511	70
2512	64
2513	52
2514	53
2515	64
2516	62
2517	75
2518	64
2519	63
2520	71
2521	65
2522	74
2523	66
2524	62
2525	69
2526	67
2527	68
2528	52
2529	65
2530	61
2531	71
2532	69
2533	69
2534	68
2535	73
2536	63
2537	68
2538	72
2539	47
2540	47
2541	71
2542	74
2543	82
2544	82
2545	76
2546	73
2547	66
2548	65
2549	75
2550	81
2551	63
2552	72
2553	65
2554	75
2555	79
2556	80
2557	86
2558	69
2559	80
2560	75
2561	79
2562	103
2563	63
2564	86
2565	72
2566	80
2567	72
2568	93
2569	72
2570	69
2571	75
2572	78
2573	81
2574	75
2575	92
2576	84
2577	77
2578	105
2579	82
2580	98
2581	88
2582	92
2583	93
2584	76
2585	89
2586	94
2587	101
2588	100
2589	88
2590	80
2591	84
2592	102
2593	91
2594	93
2595	113
2596	103
2597	90
2598	86
2599	99
2600	103
2601	117
2602	100
2603	89
2604	100
2605	83
2606	95
2607	77
2608	98
2609	86
2610	104
2611	94
2612	95
2613	112
2614	109
2615	113
2616	95
2617	107
2618	103
2619	118
2620	117
2621	111
2622	131
2623	124
2624	121
2625	116
2626	115
2627	109
2628	118
2629	120
2630	132
2631	127
2632	128
2633	116
2634	99
2635	138
2636	124
2637	142
2638	124
2639	117
2640	120
2641	136
2642	112
2643	136
2644	128
2645	120
2646	146
2647	146
2648	114
2649	149
2650	137
2651	153
2652	144
2653	177
2654	140
2655	149
2656	137
2657	153
2658	136
2659	132
2660	156
2661	143
2662	145
2663	145
2664	141
2665	151
2666	169
2667	159
2668	161
2669	167
2670	180
2671	149
2672	169
2673	166
2674	157
2675	159
2676	175
2677	161
2678	169
2679	147
2680	182
2681	175
2682	176
2683	183
2684	176
2685	159
2686	180
2687	162
2688	163
2689	173
2690	176
2691	175
2692	153
2693	162
2694	192
2695	179
2696	201
2697	165
2698	193
2699	156
2700	176
2701	165
2702	177
2703	167
2704	176
2705	182
2706	175
2707	189
2708	182
2709	185
2710	190
2711	196
2712	186
2713	193
2714	189
2715	183
2716	193
2717	191
2718	199
2719	183
2720	184
2721	210
2722	205
2723	172
2724	215
2725	208
2726	192
2727	197
2728	180
2729	186
2730	243
2731	220
2732	209
2733	232
2734	199
2735	183
2736	233
2737	212
2738	207
2739	212
2740	223
2741	219
2742	235
2743	213
2744	225
2745	251
2746	251
2747	228
2748	203
2749	207
2750	207
2751	241
2752	227
2753	227
2754	243
2755	242
2756	244
2757	266
2758	250
2759	242
2760	255
2761	243
2762	239
2763	229
2764	257
2765	242
2766	270
2767	267
2768	280
2769	278
2770	272
2771	290
2772	302
2773	271
2774	261
2775	301
2776	286
2777	295
2778	308
2779	324
2780	312
2781	326
2782	352
2783	320
2784	306
2785	319
2786	375
2787	391
2788	393
2789	333
2790	392
2791	377
2792	413
2793	350
2794	373
2795	418
2796	419
2797	454
2798	445
2799	475
2800	479
2801	482
2802	459
2803	472
2804	505
2805	542
2806	572
2807	552
2808	511
2809	577
2810	552
2811	570
2812	565
2813	607
2814	641
2815	660
2816	696
2817	703
2818	707
2819	695
2820	747
2821	748
2822	823
2823	790
2824	835
2825	834
2826	838
2827	964
2828	902
2829	986
2830	983
2831	943
2832	1025
2833	1009
2834	1081
2835	1098
2836	1140
2837	1158
2838	1232
2839	1227
2840	1277
2841	1246
2842	1367
2843	1390
2844	1392
2845	1360
2846	1457
2847	1541
2848	1513
2849	1562
2850	1664
2851	1607
2852	1658
2853	1753
2854	1753
2855	1810
2856	1852
2857	1927
2858	1990
2859	2015
2860	2099
2861	2136
2862	2110
2863	2190
2864	2203
2865	2306
2866	2426
2867	2410
2868	2555
2869	2485
2870	2501
2871	2595
2872	2628
2873	2706
2874	2807
2875	2891
2876	2888
2877	3114
2878	3071
2879	3105
2880	3238
2881	3324
2882	3360
2883	3487
2884	3355
2885	3513
2886	3694
2887	3712
2888	3853
2889	4020
2890	3866
2891	4100
2892	4145
2893	4285
2894	4226
2895	4360
2896	4478
2897	4614
2898	4615
2899	4817
2900	4872
2901	4944
2902	4952
2903	5064
2904	4991
2905	5280
2906	5434
2907	5357
2908	5615
2909	5619
2910	5797
2911	5869
2912	6030
2913	6027
2914	6293
2915	6205
2916	6409
2917	6493
2918	6610
2919	6725
2920	6940
2921	6967
2922	6927
2923	7092
2924	7182
2925	7338
2926	7451
2927	7706
2928	7748
2929	7745
2930	7926
2931	7939
2932	8251
2933	8201
2934	8205
2935	8353
2936	8463
2937	8655
2938	8804
2939	8818
2940	8751
2941	9153
2942	9048
2943	9180
2944	9246
2945	9423
2946	9481
2947	9693
2948	9866
2949	9853
2950	9843
2951	10056
2952	10073
2953	10226
2954	10435
2955	10429
2956	10357
2957	10731
2958	10658
2959	10879
2960	10930
2961	10878
2962	11054
2963	10944
2964	11320
2965	11360
2966	11384
2967	11501
2968	11539
2969	11719
2970	11813
2971	11990
2972	12017
2973	11849
2974	12043
2975	12097
2976	12017
2977	12338
2978	12295
2979	12610
2980	12363
2981	12439
2982	12326
2983	12623
2984	12559
2985	12587
2986	12720
2987	12618
2988	12882
2989	12675
2990	12859
2991	12838
2992	12908
2993	12827
2994	13110
2995	12935
2996	12990
2997	13076
2998	13090
2999	12907
3000	13116
3001	13066
3002	13148
3003	13088
3004	13119
3005	13212
3006	13001
3007	13013
3008	13107
3009	13101
3010	13073
3011	12930
3012	13248
3013	12925
3014	13078
3015	12973
3016	13071
3017	12926
3018	13166
3019	12992
3020	12842
3021	12996
3022	13046
3023	12840
3024	12807
3025	12800
3026	12471
3027	12610
3028	12538
3029	12405
3030	12537
3031	12469
3032	12597
3033	12257
3034	12144
3035	12142
3036	11933
3037	12245
3038	12016
3039	12031
3040	11900
3041	11584
3042	11665
3043	11596
3044	11585
3045	11316
3046	11376
3047	11365
3048	11202
3049	11054
3050	10984
3051	10927
3052	10718
3053	10860
3054	10703
3055	10566
3056	10697
3057	10425
3058	10320
3059	10109
3060	10108
3061	10112
3062	10001
3063	9707
3064	9523
3065	9384
3066	9388
3067	9545
3068	9164
3069	9044
3070	9128
3071	8884
3072	8765
3073	8687
3074	8773
3075	8459
3076	8446
3077	8463
3078	8138
3079	8130
3080	7994
3081	7973
3082	7691
3083	7570
3084	7548
3085	7518
3086	7207
3087	7308
3088	7214
3089	7166
3090	6893
3091	6848
3092	6879
3093	6674
3094	6506
3095	6266
3096	6425
3097	6251
3098	6293
3099	5971
3100	5984
3101	5825
3102	5684
3103	5709
3104	5536
3105	5361
3106	5370
3107	5085
3108	5093
3109	5033
3110	4952
3111	4876
3112	4781
3113	4841
3114	4672
3115	4484
3116	4462
3117	4349
3118	4377
3119	4244
3120	4086
3121	4084
3122	4054
3123	3872
3124	3871
3125	3771
3126	3643
3127	3544
3128	3606
3129	3466
3130	3392
3131	3407
3132	3254
3133	3207
3134	3126
3135	3147
3136	3044
3137	3013
3138	2909
3139	2892
3140	2915
3141	2734
3142	2672
3143	2599
3144	2487
3145	2503
3146	2459
3147	2363
3148	2405
3149	2356
3150	2244
3151	2238
3152	2157
3153	2078
3154	2114
3155	2090
3156	2121
3157	1988
3158	1922
3159	1936
3160	1955
3161	1910
3162	1885
3163	1801
3164	1820
3165	1758
3166	1739
3167	1723
3168	1685
3169	1738
3170	1583
3171	1631
3172	1610
3173	1517
3174	1525
3175	1530
3176	1533
3177	1481
3178	1528
3179	1445
3180	1482
3181	1385
3182	1385
3183	1404
3184	1454
3185	1451
3186	1372
3187	1420
3188	1284
3189	1399
3190	1378
3191	1326
3192	1401
3193	1321
3194	1324
3195	1375
3196	1322
3197	1323
3198	1331
3199	1338
3200	1349
3201	1274
3202	1283
3203	1336
3204	1296
3205	1378
3206	1273
3207	1425
3208	1316
3209	1373
3210	1378
3211	1363
3212	1322
3213	1356
3214	1396
3215	1369
3216	1414
3217	1435
3218	1447
3219	1392
3220	1399
3221	1398
3222	1458
3223	1512
3224	1448
3225	1416
3226	1436
3227	1449
3228	1484
3229	1433
3230	1474
3231	1557
3232	1456
3233	1535
3234	1543
3235	1589
3236	1533
3237	1557
3238	1592
3239	1624
3240	1655
3241	1572
3242	1654
3243	1686
3244	1653
3245	1670
3246	1689
3247	1678
3248	1673
3249	1797
3250	1712
3251	1747
3252	1753
3253	1736
3254	1764
3255	1709
3256	1686
3257	1823
3258	1820
3259	1851
3260	1838
3261	1788
3262	1795
3263	1832
3264	1916
3265	1879
3266	1824
3267	1828
3268	2013
3269	1876
3270	1879
3271	1909
3272	1851
3273	1864
3274	1932
3275	1926
3276	1930
3277	1888
3278	2020
3279	1958
3280	1872
3281	1913
3282	1987
3283	1933
3284	1932
3285	1969
3286	2046
3287	1889
3288	1996
3289	1922
3290	1959
3291	1987
3292	1992
3293	2049
3294	1989
3295	2074
3296	1950
3297	1977
3298	1944
3299	1997
3300	1958
3301	1994
3302	1935
3303	1976
3304	1876
3305	2019
3306	1989
3307	1919
3308	1954
3309	1921
3310	1917
3311	1941
3312	1886
3313	1898
3314	1923
3315	1886
3316	1902
3317	1838
3318	1840
3319	1970
3320	1913
3321	1834
3322	1818
3323	1788
3324	1863
3325	1815
3326	1784
3327	1809
3328	1762
3329	1798
3330	1838
3331	1850
3332	1803
3333	1775
3334	1775
3335	1738
3336	1625
3337	1626
3338	1742
3339	1642
3340	1658
3341	1703
3342	1590
3343	1581
3344	1623
3345	1517
3346	1541
3347	1541
3348	1554
3349	1574
3350	1551
3351	1502
3352	1471
3353	1475
3354	1424
3355	1413
3356	1401
3357	1390
3358	1379
3359	1369
3360	1324
3361	1298
3362	1248
3363	1265
3364	1261
3365	1276
3366	1274
3367	1253
3368	1255
3369	1202
3370	1210
3371	1124
3372	1127
3373	1150
3374	1182
3375	1126
3376	1085
3377	1149
3378	1082
3379	1042
3380	1010
3381	1026
3382	935
3383	999
3384	958
3385	978
3386	938
3387	923
3388	903
3389	898
3390	872
3391	949
3392	876
3393	799
3394	864
3395	787
3396	804
3397	799
3398	752
3399	771
3400	774
3401	727
3402	685
3403	702
3404	686
3405	638
3406	659
3407	649
3408	637
3409	631
3410	597
3411	587
3412	545
3413	576
3414	544
3415	553
3416	515
3417	528
3418	506
3419	478
3420	477
3421	468
3422	488
3423	468
3424	452
3425	408
3426	405
3427	424
3428	418
3429	436
3430	403
3431	378
3432	375
3433	353
3434	366
3435	314
3436	354
3437	307
3438	281
3439	252
3440	304
3441	286
3442	253
3443	271
3444	300
3445	288
3446	244
3447	243
3448	260
3449	221
3450	255
3451	218
3452	223
3453	223
3454	159
3455	217
3456	164
3457	212
3458	167
3459	207
3460	168
3461	163
3462	173
3463	165
3464	151
3465	135
3466	140
3467	143
3468	133
3469	146
3470	123
3471	132
3472	124
3473	115
3474	123
3475	90
3476	108
3477	111
3478	91
3479	109
3480	109
3481	81
3482	92
3483	77
3484	80
3485	79
3486	88
3487	71
3488	73
3489	62
3490	59
3491	70
3492	75
3493	39
3494	47
3495	55
3496	58
3497	66
3498	48
3499	53
3500	46
3501	49
3502	42
3503	45
3504	52
3505	41
3506	40
3507	35
3508	46
3509	33
3510	41
3511	30
3512	30
3513	26
3514	34
3515	17
3516	29
3517	31
3518	17
3519	21
3520	35
3521	22
3522	25
3523	29
3524	29
3525	13
3526	23
3527	23
3528	14
3529	15
3530	20
3531	19
3532	11
3533	16
3534	17
3535	20
3536	11
3537	6
3538	10
3539	9
3540	11
3541	14
3542	9
3543	17
3544	6
3545	11
3546	11
3547	4
3548	5
3549	6
3550	9
3551	8
3552	9
3553	5
3554	9
3555	3
3556	8
3557	4
3558	8
3559	1
3560	7
3561	6
3562	2
3563	5
3564	2
3565	5
3566	8
3567	7
3568	6
3569	5
3570	5
3571	3
3572	3
3573	5
3574	5
3575	5
3576	5
3577	2
3578	5
3579	5
3580	2
3581	5
3582	5
3583	6
3584	2
3585	5
3586	2
3587	3
3588	7
3589	3
3590	3
3591	0
3592	2
3593	1
3594	2
3595	4
3596	2
3597	1
3598	2
3599	2
3600	0
3601	4
3602	2
3603	2
3604	1
3605	2
3606	2
3607	1
3608	1
3609	3
3610	1
3611	0
3612	1
3613	3
3614	3
3615	1
3616	2
3617	2
3618	1
3619	2
3620	0
3621	3
3622	1
3623	2
3624	3
3625	3
3626	3
3627	0
3628	2
3629	3
3630	2
3631	1
3632	0
3633	3
3634	2
3635	1
3636	2
3637	0
3638	2
3639	1
3640	2
3641	2
3642	1
3643	3
3644	1
3645	0
3646	0
3647	0
3648	2
3649	3
3650	1
3651	0
3652	1
3653	0
3654	1
3655	0
3656	0
3657	1
3658	3
3659	5
3660	2
3661	1
3662	2
3663	0
3664	2
3665	1
3666	2
3667	0
3668	0
3669	3
3670	4
3671	4
3672	1
3673	2
3674	2
3675	0
3676	2
3677	1
3678	0
3679	1
3680	3
3681	0
3682	2
3683	1
3684	0
3685	2
3686	1
3687	2
3688	1
3689	0
3690	0
3691	2
3692	0
3693	0
3694	2
3695	1
3696	1
3697	0
3698	0
3699	1
3700	0
3701	0
3702	0
3703	0
3704	0
3705	1
3706	2
3707	2
3708	1
3709	1
3710	0
3711	2
3712	3
3713	0
3714	1
3715	1
3716	0
3717	1
3718	0
3719	0
3720	0
3721	2
3722	2
3723	2
3724	3
3725	2
3726	1
3727	1
3728	2
3729	1
3730	1
3731	0
3732	0
3733	0
3734	1
3735	1
3736	2
3737	1
3738	0
3739	1
3740	1
3741	0
3742	0
3743	0
3744	0
3745	1
3746	2
3747	2
3748	2
3749	0
3750	1
3751	0
3752	0
3753	2
3754	1
3755	1
3756	1
3757	3
3758	2
3759	0
3760	2
3761	0
3762	2
3763	1
3764	1
3765	0
3766	2
3767	1
3768	1
3769	1
3770	2
3771	3
3772	1
3773	1
3774	0
3775	1
3776	2
3777	2
3778	1
3779	0
3780	1
3781	1
3782	1
3783	1
3784	1
3785	0
3786	0
3787	1
3788	0
3789	4
3790	0
3791	1
3792	1
3793	1
3794	0
3795	3
3796	0
3797	1
3798	0
3799	2
3800	1
3801	2
3802	2
3803	0
3804	1
3805	0
3806	0
3807	1
3808	1
3809	0
3810	1
3811	0
3812	3
3813	2
3814	1
3815	2
3816	0
3817	0
3818	0
3819	1
3820	0
3821	0
3822	0
3823	1
3824	0
3825	0
3826	1
3827	1
3828	0
3829	1
3830	2
3831	0
3832	0
3833	1
3834	0
3835	0
3836	1
3837	2
3838	1
3839	0
3840	0
3841	1
3842	0
3843	0
3844	0
3845	3
3846	0
3847	1
3848	1
3849	1
3850	0
3851	0
3852	1
3853	0
3854	2
3855	0
3856	1
3857	0
3858	0
3859	0
3860	0
3861	3
3862	1
3863	1
3864	1
3865	1
3866	2
3867	1
3868	2
3869	3
3870	0
3871	2
3872	0
3873	0
3874	0
3875	1
3876	2
3877	2
3878	1
3879	0
3880	0
3881	0
3882	0
3883	0
3884	0
3885	0
3886	0
3887	0
3888	1
3889	0
3890	0
3891	1
3892	0
3893	0
3894	0
3895	1
3896	1
3897	1
3898	1
3899	2
3900	0
3901	0
3902	0
3903	0
3904	2
3905	1
3906	1
3907	1
3908	2
3909	1
3910	1
3911	1
3912	0
3913	1
3914	1
3915	0
3916	0
3917	1
3918	0
3919	0
3920	2
3921	1
3922	2
3923	0
3924	1
3925	0
3926	0
3927	0
3928	0
3929	1
3930	1
3931	1
3932	0
3933	1
3934	0
3935	0
3936	1
3937	1
3938	2
3939	0
3940	0
3941	1
3942	3
3943	2
3944	0
3945	0
3946	1
3947	0
3948	0
3949	0
3950	2
3951	0
3952	0
3953	0
3954	0
3955	0
3956	1
3957	0
3958	2
3959	2
3960	0
3961	0
3962	1
3963	0
3964	0
3965	0
3966	5
3967	1
3968	0
3969	0
3970	0
3971	1
3972	0
3973	2
3974	0
3975	3
3976	0
3977	0
3978	1
3979	0
3980	2
3981	1
3982	0
3983	0
3984	0
3985	1
3986	0
3987	2
3988	1
3989	0
3990	1
3991	2
3992	1
3993	1
3994	2
3995	1
3996	1
3997	0
3998	0
3999	1
4000	0
4001	0
4002	1
4003	2
4004	1
4005	0
4006	2
4007	0
4008	2
4009	0
4010	2
4011	2
4012	0
4013	0
4014	0
4015	3
4016	4
4017	0
4018	0
4019	0
4020	0
4021	2
4022	2
4023	0
4024	1
4025	0
4026	1
4027	1
4028	1
4029	0
4030	1
4031	2
4032	0
4033	2
4034	1
4035	4
4036	0
4037	2
4038	1
4039	1
4040	0
4041	1
4042	0
4043	0
4044	2
4045	0
4046	1
4047	0
4048	0
4049	1
4050	1
4051	2
4052	0
4053	0
4054	0
4055	0
4056	0
4057	0
4058	0
4059	0
4060	2
4061	0
4062	0
4063	1
4064	1
4065	0
4066	1
4067	1
4068	1
4069	2
4070	0
4071	1
4072	2
4073	0
4074	2
4075	0
4076	0
4077	2
4078	0
4079	1
4080	1
4081	0
4082	1
4083	4
4084	2
4085	1
4086	1
4087	1
4088	0
4089	0
4090	0
4091	1
4092	0
4093	3
4094	0
4095	1
4096	2
4097	0
4098	0
4099	1
4100	2
4101	1
4102	1
4103	0
4104	0
4105	0
4106	0
4107	1
4108	0
4109	0
4110	0
4111	0
4112	1
4113	0
4114	1
4115	0
4116	0
4117	1
4118	1
4119	0
4120	0
4121	2
4122	1
4123	0
4124	1
4125	2
4126	1
4127	0
4128	0
4129	1
4130	2
4131	0
4132	1
4133	0
4134	0
4135	1
4136	0
4137	0
4138	0
4139	1
4140	1
4141	1
4142	0
4143	0
4144	0
4145	1
4146	0
4147	0
4148	0
4149	0
4150	0
4151	0
4152	0
4153	0
4154	0
4155	2
4156	0
4157	0
4158	0
4159	0
4160	1
4161	0
4162	0
4163	1
4164	0
4165	0
4166	1
4167	1
4168	0
4169	0
4170	0
4171	0
4172	0
4173	1
4174	0
4175	3
4176	1
4177	2
4178	1
4179	0
4180	1
4181	0
4182	1
4183	0
4184	2
4185	0
4186	0
4187	1
4188	0
4189	1
4190	0
4191	1
4192	0
4193	0
4194	0
4195	0
4196	0
4197	0
4198	0
4199	1
4200	0
4201	0
4202	0
4203	0
4204	0
4205	1
4206	1
4207	0
4208	0
4209	0
4210	0
4211	0
4212	0
4213	0
4214	1
4215	0
4216	0
4217	0
4218	0
4219	0
4220	0
4221	0
4222	1
4223	1
4224	0
4225	0
4226	0
4227	0
4228	0
4229	0
4230	0
4231	1
4232	0
4233	0
4234	0
4235	0
4236	4
4237	0
4238	0
4239	1
4240	0
4241	0
4242	0
4243	0
4244	0
4245	0
4246	0
4247	1
4248	1
4249	0
4250	0
4251	0
4252	0
4253	0
4254	0
4255	0
4256	0
4257	0
4258	0
4259	0
4260	0
4261	0
4262	0
4263	0
4264	0
4265	2
4266	1
4267	0
4268	0
4269	0
4270	0
4271	2
4272	4
4273	1
4274	0
4275	0
4276	1
4277	0
4278	0
4279	3
4280	0
4281	0
4282	1
4283	2
4284	0
4285	1
4286	0
4287	1
4288	0
4289	0
4290	0
4291	0
4292	1
4293	0
4294	0
4295	0
4296	0
4297	0
4298	2
4299	0
4300	0
4301	1
4302	2
4303	0
4304	0
4305	1
4306	0
4307	2
4308	0
4309	1
4310	2
4311	0
4312	0
4313	1
4314	2
4315	1
4316	0
4317	0
4318	0
4319	1
4320	0
4321	0
4322	0
4323	0
4324	0
4325	1
4326	0
4327	0
4328	1
4329	0
4330	1
4331	1
4332	0
4333	0
4334	2
4335	0
4336	1
4337	0
4338	0
4339	0
4340	0
4341	0
4342	0
4343	0
4344	0
4345	1
4346	0
4347	0
4348	0
4349	1
4350	0
4351	0
4352	1
4353	0
4354	1
4355	0
4356	0
4357	0
4358	0
4359	1
4360	0
4361	0
4362	0
4363	0
4364	1
4365	0
4366	0
4367	0
4368	0
4369	2
4370	0
4371	0
4372	0
4373	1
4374	0
4375	0
4376	0
4377	0
4378	1
4379	0
4380	0
4381	1
4382	0
4383	1
4384	0
4385	1
4386	0
4387	0
4388	1
4389	0
4390	0
4391	0
4392	0
4393	0
4394	0
4395	0
4396	0
4397	0
4398	0
4399	1
4400	0
4401	0
4402	1
4403	1
4404	0
4405	0
4406	0
4407	0
4408	0
4409	1
4410	0
4411	0
4412	0
4413	1
4414	1
4415	0
4416	0
4417	1
4418	0
4419	0
4420	1
4421	0
4422	0
4423	0
4424	0
4425	0
4426	0
4427	0
4428	0
4429	1
4430	1
4431	0
4432	0
4433	0
4434	0
4435	0
4436	0
4437	1
4438	0
4439	0
4440	1
4441	0
4442	1
4443	0
4444	0
4445	0
4446	0
4447	0
4448	0
4449	0
4450	1
4451	0
4452	0
4453	0
4454	1
4455	0
4456	0
4457	0
4458	0
4459	0
4460	0
4461	1
4462	0
4463	0
4464	1
4465	0
4466	0
4467	0
4468	0
4469	1
4470	1
4471	0
4472	0
4473	0
4474	0
4475	0
4476	0
4477	1
4478	0
4479	1
4480	0
4481	0
4482	1
4483	0
4484	2
4485	0
4486	0
4487	0
4488	1
4489	0
4490	0
4491	0
4492	1
4493	0
4494	1
4495	0
4496	1
4497	0
4498	0
4499	0
4500	0
4501	0
4502	0
4503	1
4504	0
4505	0
4506	0
4507	0
4508	0
4509	0
4510	0
4511	1
4512	0
4513	0
4514	0
4515	1
4516	1
4517	0
4518	0
4519	0
4520	0
4521	0
4522	1
4523	0
4524	0
4525	0
4526	0
4527	1
4528	0
4529	0
4530	2
4531	0
4532	2
4533	1
4534	0
4535	1
4536	0
4537	2
4538	0
4539	0
4540	0
4541	0
4542	1
4543	1
4544	0
4545	0
4546	0
4547	0
4548	0
4549	0
4550	1
4551	0
4552	0
4553	0
4554	0
4555	0
4556	0
4557	0
4558	0
4559	0
4560	1
4561	0
4562	0
4563	0
4564	1
4565	1
4566	1
4567	0
4568	0
4569	0
4570	1
4571	0
4572	0
4573	0
4574	0
4575	0
4576	0
4577	0
4578	0
4579	0
4580	0
4581	0
4582	0
4583	1
4584	0
4585	0
4586	0
4587	0
4588	0
4589	1
4590	1
4591	1
4592	0
4593	0
4594	0
4595	0
4596	1
4597	0
4598	0
4599	1
4600	0
4601	0
4602	3
4603	0
4604	0
4605	0
4606	1
4607	0
4608	2
4609	0
4610	0
4611	0
4612	1
4613	0
4614	0
4615	0
4616	0
4617	1
4618	0
4619	1
4620	0
4621	1
4622	1
4623	1
4624	1
4625	0
4626	0
4627	0
4628	0
4629	0
4630	0
4631	2
4632	0
4633	1
4634	0
4635	0
4636	0
4637	0
4638	0
4639	0
4640	0
4641	0
4642	0
4643	0
4644	1
4645	1
4646	0
4647	2
4648	0
4649	0
4650	0
4651	0
4652	0
4653	0
4654	0
4655	0
4656	0
4657	0
4658	0
4659	1
4660	1
4661	1
4662	0
4663	0
4664	0
4665	1
4666	1
4667	0
4668	0
4669	0
4670	0
4671	0
4672	0
4673	0
4674	0
4675	0
4676	2
4677	0
4678	0
4679	1
4680	0
4681	1
4682	0
4683	1
4684	1
4685	0
4686	0
4687	0
4688	0
4689	0
4690	0
4691	0
4692	0
4693	0
4694	0
4695	0
4696	1
4697	1
4698	0
4699	0
4700	0
4701	0
4702	0
4703	0
4704	0
4705	0
4706	0
4707	0
4708	0
4709	0
4710	0
4711	0
4712	1
4713	1
4714	0
4715	0
4716	2
4717	0
4718	1
4719	0
4720	1
4721	0
4722	0
4723	0
4724	0
4725	0
4726	0
4727	0
4728	0
4729	0
4730	0
4731	0
4732	0
4733	0
4734	0
4735	0
4736	0
4737	2
4738	0
4739	0
4740	0
4741	0
4742	0
4743	0
4744	0
4745	1
4746	1
4747	0
4748	0
4749	0
4750	0
4751	0
4752	0
4753	0
4754	0
4755	0
4756	0
4757	0
4758	0
4759	0
4760	1
4761	0
4762	0
4763	1
4764	0
4765	0
4766	1
4767	0
4768	0
4769	0
4770	0
4771	0
4772	0
4773	0
4774	0
4775	0
4776	0
4777	0
4778	0
4779	1
4780	1
4781	0
4782	0
4783	1
4784	1
4785	0
4786	0
4787	0
4788	1
4789	0
4790	0
4791	1
4792	0
4793	1
4794	1
4795	0
4796	0
4797	0
4798	1
4799	0
4800	0
4801	0
4802	0
4803	0
4804	0
4805	1
4806	0
4807	1
4808	0
4809	0
4810	0
4811	0
4812	0
4813	0
4814	0
4815	0
4816	0
4817	0
4818	0
4819	0
4820	0
4821	0
4822	0
4823	0
4824	0
4825	0
4826	0
4827	0
4828	0
4829	0
4830	1
4831	0
4832	1
4833	0
4834	0
4835	0
4836	0
4837	0
4838	0
4839	0
4840	0
4841	0
4842	0
4843	0
4844	0
4845	0
4846	0
4847	0
4848	0
4849	0
4850	1
4851	0
4852	0
4853	0
4854	0
4855	0
4856	0
4857	0
4858	0
4859	0
4860	0
4861	0
4862	0
4863	0
4864	1
4865	1
4866	0
4867	1
4868	0
4869	0
4870	0
4871	0
4872	0
4873	1
4874	0
4875	0
4876	0
4877	1
4878	1
4879	1
4880	0
4881	0
4882	0
4883	0
4884	0
4885	2
4886	0
4887	0
4888	0
4889	0
4890	1
4891	0
4892	1
4893	0
4894	0
4895	1
4896	0
4897	1
4898	0
4899	0
4900	1
4901	0
4902	0
4903	0
4904	1
4905	1
4906	0
4907	1
4908	1
4909	0
4910	0
4911	0
4912	0
4913	0
4914	0
4915	0
4916	0
4917	0
4918	0
4919	0
4920	1
4921	0
4922	0
4923	0
4924	0
4925	1
4926	0
4927	0
4928	1
4929	0
4930	0
4931	0
4932	0
4933	0
4934	2
4935	0
4936	0
4937	0
4938	0
4939	0
4940	0
4941	0
4942	0
4943	1
4944	0
4945	0
4946	1
4947	0
4948	0
4949	0
4950	0
4951	0
4952	1
4953	0
4954	0
4955	0
4956	0
4957	0
4958	0
4959	1
4960	0
4961	0
4962	0
4963	0
4964	2
4965	0
4966	0
4967	0
4968	0
4969	0
4970	0
4971	0
4972	0
4973	0
4974	0
4975	1
4976	0
4977	0
4978	0
4979	0
4980	0
4981	0
4982	0
4983	0
4984	0
4985	0
4986	0
4987	0
4988	0
4989	0
4990	0
4991	0
4992	0
4993	0
4994	0
4995	0
4996	0
4997	0
4998	0
4999	0
5000	0
5001	0
5002	0
5003	0
5004	0
5005	0
5006	0
5007	1
5008	0
5009	0
5010	1
5011	0
5012	1
5013	0
5014	1
5015	0
5016	0
5017	0
5018	0
5019	0
5020	1
5021	1
5022	0
5023	0
5024	0
5025	0
5026	0
5027	0
5028	0
5029	0
5030	1
5031	1
5032	0
5033	1
5034	1
5035	0
5036	0
5037	0
5038	0
5039	0
5040	0
5041	0
5042	1
5043	0
5044	1
5045	0
5046	1
5047	0
5048	0
5049	0
5050	0
5051	0
5052	1
5053	0
5054	0
5055	1
5056	0
5057	2
5058	0
5059	1
5060	0
5061	0
5062	0
5063	1
5064	0
5065	0
5066	1
5067	0
5068	0
5069	1
5070	0
5071	0
5072	1
5073	0
5074	0
5075	0
5076	0
5077	0
5078	0
5079	1
5080	0
5081	0
5082	1
5083	0
5084	0
5085	0
5086	0
5087	0
5088	0
5089	1
5090	0
5091	0
5092	1
5093	0
5094	0
5095	0
5096	0
5097	0
5098	2
5099	0
5100	0
5101	0
5102	0
5103	0
5104	0
5105	0
5106	0
5107	1
5108	0
5109	0
5110	0
5111	0
5112	1
5113	0
5114	0
5115	0
5116	0
5117	1
5118	0
5119	0
5120	0
5121	0
5122	0
5123	0
5124	1
5125	0
5126	0
5127	0
5128	0
5129	0
5130	0
5131	1
5132	0
5133	0
5134	0
5135	0
5136	0
5137	0
5138	0
5139	0
5140	0
5141	0
5142	0
5143	0
5144	0
5145	0
5146	0
5147	0
5148	0
5149	0
5150	0
5151	0
5152	0
5153	0
5154	1
5155	0
5156	0
5157	0
5158	0
5159	0
5160	0
5161	2
5162	0
5163	1
5164	0
5165	0
5166	0
5167	0
5168	0
5169	0
5170	0
5171	0
5172	0
5173	0
5174	0
5175	0
5176	0
5177	0
5178	0
5179	0
5180	0
5181	0
5182	0
5183	0
5184	0
5185	0
5186	0
5187	0
5188	0
5189	0
5190	0
5191	0
5192	0
5193	0
5194	0
5195	0
5196	0
5197	0
5198	1
5199	0
5200	1
5201	0
5202	0
5203	0
5204	0
5205	2
5206	0
5207	0
5208	1
5209	0
5210	0
5211	1
5212	0
5213	0
5214	0
5215	0
5216	0
5217	0
5218	0
5219	0
5220	0
5221	1
5222	0
5223	0
5224	0
5225	0
5226	0
5227	0
5228	2
5229	0
5230	0
5231	0
5232	0
5233	0
5234	0
5235	0
5236	1
5237	0
5238	0
5239	0
5240	1
5241	0
5242	0
5243	0
5244	3
5245	0
5246	0
5247	0
5248	0
5249	0
5250	0
5251	0
5252	0
5253	2
5254	0
5255	0
5256	0
5257	0
5258	0
5259	0
5260	0
5261	0
5262	0
5263	0
5264	0
5265	0
5266	0
5267	0
5268	0
5269	0
5270	0
5271	0
5272	0
5273	0
5274	0
5275	0
5276	1
5277	1
5278	0
5279	0
5280	0
5281	0
5282	0
5283	0
5284	0
5285	0
5286	0
5287	0
5288	0
5289	0
5290	0
5291	0
5292	0
5293	0
5294	1
5295	0
5296	0
5297	0
5298	1
5299	1
5300	0
5301	0
5302	0
5303	1
5304	0
5305	0
5306	0
5307	2
5308	0
5309	1
5310	0
5311	0
5312	0
5313	0
5314	0
5315	2
5316	0
5317	1
5318	0
5319	0
5320	0
5321	0
5322	0
5323	0
5324	0
5325	1
5326	0
5327	0
5328	0
5329	0
5330	0
5331	0
5332	1
5333	0
5334	0
5335	0
5336	0
5337	0
5338	0
5339	0
5340	0
5341	1
5342	0
5343	0
5344	0
5345	0
5346	0
5347	0
5348	0
5349	0
5350	0
5351	0
5352	0
5353	0
5354	0
5355	0
5356	0
5357	0
5358	0
5359	1
5360	0
5361	1
5362	0
5363	0
5364	0
5365	2
5366	0
5367	0
5368	0
5369	0
5370	0
5371	0
5372	0
5373	0
5374	0
5375	0
5376	1
5377	0
5378	0
5379	1
5380	0
5381	0
5382	0
5383	1
5384	0
5385	0
5386	0
5387	0
5388	0
5389	0
5390	1
5391	0
5392	0
5393	0
5394	0
5395	1
5396	2
5397	0
5398	0
5399	0
5400	0
5401	0
5402	0
5403	1
5404	0
5405	0
5406	0
5407	0
5408	0
5409	0
5410	0
5411	0
5412	0
5413	2
5414	0
5415	0
5416	0
5417	0
5418	0
5419	1
5420	0
5421	1
5422	1
5423	0
5424	0
5425	0
5426	0
5427	1
5428	0
5429	0
5430	0
5431	0
5432	0
5433	1
5434	0
5435	0
5436	1
5437	0
5438	0
5439	0
5440	0
5441	0
5442	0
5443	0
5444	0
5445	1
5446	2
5447	0
5448	1
5449	0
5450	0
5451	0
5452	0
5453	0
5454	0
5455	0
5456	1
5457	1
5458	0
5459	0
5460	1
5461	3
5462	0
5463	0
5464	1
5465	0
5466	0
5467	0
5468	1
5469	0
5470	0
5471	1
5472	0
5473	0
5474	0
5475	0
5476	0
5477	0
5478	0
5479	0
5480	0
5481	1
5482	0
5483	1
5484	1
5485	0
5486	1
5487	0
5488	0
5489	0
5490	1
5491	0
5492	1
5493	0
5494	1
5495	0
5496	0
5497	0
5498	0
5499	0
5500	0
5501	0
5502	0
5503	0
5504	1
5505	0
5506	0
5507	0
5508	0
5509	1
5510	0
5511	0
5512	0
5513	0
5514	0
5515	0
5516	0
5517	0
5518	0
5519	0
5520	0
5521	1
5522	0
5523	0
5524	0
5525	0
5526	0
5527	0
5528	0
5529	0
5530	1
5531	1
5532	0
5533	1
5534	1
5535	0
5536	2
5537	1
5538	0
5539	0
5540	0
5541	0
5542	0
5543	0
5544	0
5545	1
5546	1
5547	0
5548	0
5549	0
5550	1
5551	0
5552	0
5553	0
5554	1
5555	0
5556	0
5557	0
5558	0
5559	0
5560	0
5561	1
5562	0
5563	1
5564	0
5565	0
5566	0
5567	0
5568	0
5569	1
5570	0
5571	0
5572	0
5573	2
5574	0
5575	0
5576	0
5577	0
5578	1
5579	0
5580	1
5581	0
5582	0
5583	0
5584	0
5585	0
5586	0
5587	0
5588	0
5589	0
5590	0
5591	0
5592	0
5593	0
5594	0
5595	0
5596	0
5597	0
5598	1
5599	1
5600	1
5601	0
5602	0
5603	0
5604	0
5605	1
5606	2
5607	0
5608	1
5609	0
5610	1
5611	0
5612	0
5613	0
5614	0
5615	0
5616	0
5617	0
5618	0
5619	1
5620	1
5621	1
5622	0
5623	0
5624	0
5625	0
5626	1
5627	1
5628	0
5629	0
5630	0
5631	0
5632	0
5633	0
5634	0
5635	1
5636	0
5637	0
5638	0
5639	0
5640	1
5641	0
5642	0
5643	2
5644	1
5645	1
5646	0
5647	0
5648	0
5649	0
5650	0
5651	0
5652	2
5653	0
5654	1
5655	1
5656	0
5657	1
5658	2
5659	1
5660	1
5661	1
5662	1
5663	0
5664	1
5665	1
5666	1
5667	2
5668	0
5669	0
5670	1
5671	1
5672	0
5673	1
5674	1
5675	0
5676	0
5677	0
5678	0
5679	1
5680	0
5681	1
5682	0
5683	1
5684	0
5685	1
5686	0
5687	1
5688	0
5689	0
5690	0
5691	2
5692	0
5693	6
5694	0
5695	1
5696	0
5697	0
5698	1
5699	0
5700	2
5701	2
5702	0
5703	0
5704	1
5705	0
5706	1
5707	1
5708	1
5709	2
5710	0
5711	2
5712	1
5713	6
5714	4
5715	1
5716	2
5717	1
5718	1
5719	1
5720	0
5721	1
5722	2
5723	2
5724	0
5725	0
5726	3
5727	0
5728	1
5729	3
5730	3
5731	2
5732	1
5733	3
5734	0
5735	4
5736	2
5737	2
5738	2
5739	0
5740	2
5741	2
5742	2
5743	4
5744	1
5745	3
5746	2
5747	2
5748	3
5749	2
5750	4
5751	2
5752	1
5753	1
5754	4
5755	2
5756	3
5757	0
5758	4
5759	3
5760	0
5761	4
5762	4
5763	2
5764	4
5765	4
5766	4
5767	1
5768	6
5769	5
5770	3
5771	5
5772	5
5773	4
5774	1
5775	3
5776	2
5777	3
5778	5
5779	6
5780	2
5781	4
5782	5
5783	4
5784	2
5785	3
5786	9
5787	1
5788	6
5789	6
5790	3
5791	6
5792	6
5793	7
5794	3
5795	5
5796	6
5797	5
5798	7
5799	4
5800	5
5801	4
5802	5
5803	6
5804	3
5805	5
5806	3
5807	5
5808	8
5809	5
5810	5
5811	4
5812	16
5813	3
5814	10
5815	7
5816	6
5817	4
5818	6
5819	11
5820	12
5821	9
5822	6
5823	4
5824	7
5825	12
5826	6
5827	7
5828	8
5829	3
5830	3
5831	8
5832	9
5833	9
5834	6
5835	6
5836	14
5837	3
5838	13
5839	6
5840	8
5841	9
5842	10
5843	7
5844	10
5845	4
5846	7
5847	9
5848	9
5849	12
5850	12
5851	9
5852	7
5853	6
5854	9
5855	9
5856	14
5857	9
5858	6
5859	7
5860	7
5861	6
5862	7
5863	9
5864	7
5865	7
5866	12
5867	10
5868	12
5869	12
5870	12
5871	6
5872	9
5873	9
5874	4
5875	6
5876	4
5877	9
5878	10
5879	10
5880	3
5881	13
5882	12
5883	3
5884	4
5885	9
5886	9
5887	10
5888	8
5889	6
5890	9
5891	5
5892	9
5893	10
5894	4
5895	8
5896	7
5897	9
5898	11
5899	9
5900	13
5901	13
5902	8
5903	12
5904	16
5905	5
5906	11
5907	14
5908	7
5909	8
5910	5
5911	6
5912	13
5913	10
5914	5
5915	9
5916	13
5917	6
5918	7
5919	5
5920	10
5921	7
5922	6
5923	16
5924	2
5925	6
5926	4
5927	15
5928	5
5929	8
5930	6
5931	10
5932	3
5933	6
5934	2
5935	11
5936	6
5937	7
5938	7
5939	7
5940	7
5941	10
5942	6
5943	9
5944	10
5945	5
5946	7
5947	5
5948	7
5949	7
5950	4
5951	4
5952	5
5953	4
5954	5
5955	9
5956	4
5957	6
5958	6
5959	6
5960	5
5961	3
5962	3
5963	6
5964	9
5965	1
5966	7
5967	4
5968	7
5969	4
5970	5
5971	9
5972	5
5973	5
5974	4
5975	4
5976	5
5977	6
5978	3
5979	5
5980	3
5981	3
5982	6
5983	2
5984	7
5985	5
5986	4
5987	4
5988	5
5989	4
5990	2
5991	4
5992	2
5993	4
5994	3
5995	6
5996	4
5997	4
5998	5
5999	0
6000	2
6001	3
6002	4
6003	0
6004	1
6005	4
6006	2
6007	1
6008	3
6009	2
6010	4
6011	2
6012	1
6013	4
6014	0
6015	1
6016	1
6017	2
6018	0
6019	0
6020	2
6021	1
6022	1
6023	2
6024	2
6025	2
6026	3
6027	6
6028	4
6029	1
6030	2
6031	4
6032	1
6033	1
6034	1
6035	3
6036	0
6037	1
6038	2
6039	4
6040	5
6041	6
6042	2
6043	2
6044	2
6045	3
6046	5
6047	3
6048	3
6049	1
6050	2
6051	1
6052	1
6053	2
6054	5
6055	3
6056	3
6057	1
6058	2
6059	0
6060	1
6061	5
6062	4
6063	2
6064	5
6065	1
6066	1
6067	2
6068	1
6069	1
6070	1
6071	1
6072	4
6073	0
6074	1
6075	1
6076	3
6077	6
6078	0
6079	2
6080	3
6081	3
6082	1
6083	0
6084	3
6085	1
6086	0
6087	7
6088	4
6089	3
6090	1
6091	6
6092	1
6093	2
6094	2
6095	1
6096	2
6097	3
6098	4
6099	0
6100	1
6101	3
6102	2
6103	2
6104	3
6105	0
6106	4
6107	2
6108	6
6109	5
6110	0
6111	2
6112	3
6113	2
6114	4
6115	0
6116	3
6117	3
6118	5
6119	4
6120	2
6121	0
6122	0
6123	2
6124	3
6125	7
6126	3
6127	3
6128	3
6129	3
6130	3
6131	3
6132	7
6133	2
6134	2
6135	4
6136	4
6137	3
6138	2
6139	2
6140	0
6141	1
6142	3
6143	3
6144	5
6145	8
6146	30
6147	51
6148	80
6149	63
6150	45
6151	35
6152	32
6153	29
6154	15
6155	11
6156	26
6157	40
6158	19
6159	6
6160	2
6161	1
6162	0
6163	0
6164	0
6165	0
6166	0
6167	0
6168	0
6169	0
6170	0
6171	0
6172	0
6173	0
6174	0
6175	0
6176	0
6177	0
6178	0
6179	0
6180	0
6181	0
6182	0
6183	0
6184	0
6185	0
6186	0
6187	0
6188	0
6189	0
6190	0
6191	0
6192	0
6193	0
6194	0
6195	0
6196	0
6197	0
6198	0
6199	0
6200	0
6201	0
6202	0
6203	0
6204	0
6205	0
6206	0
6207	0
6208	0
6209	0
6210	0
6211	0
6212	0
6213	0
6214	0
6215	0
6216	0
6217	0
6218	0
6219	0
6220	0
6221	0
6222	0
6223	0
6224	0
6225	0
6226	0
6227	0
6228	0
6229	0
6230	0
6231	0
6232	0
6233	0
6234	0
6235	0
6236	0
6237	0
6238	0
6239	0
6240	0
6241	0
6242	0
6243	0
6244	0
6245	0
6246	0
6247	0
6248	0
6249	0
6250	0
6251	0
6252	0
6253	0
6254	0
6255	0
6256	0
6257	0
6258	0
6259	0
6260	0
6261	0
6262	0
6263	0
6264	0
6265	0
6266	0
6267	0
6268	0
6269	0
6270	0
6271	0
6272	0
6273	0
6274	0
6275	0
6276	0
6277	0
6278	0
6279	0
6280	0
6281	0
6282	0
6283	0
6284	0
6285	0
6286	0
6287	0
6288	0
6289	0
6290	0
6291	0
6292	0
6293	0
6294	0
6295	0
6296	0
6297	0
6298	0
6299	0
6300	0
6301	0
6302	0
6303	0
6304	0
6305	0
6306	0
6307	0
6308	0
6309	0
6310	0
6311	0
6312	0
6313	0
6314	0
6315	0
6316	0
6317	0
6318	0
6319	0
6320	0
6321	0
6322	0
6323	0
6324	0
6325	0
6326	0
6327	0
6328	0
6329	0
6330	0
6331	0
6332	0
6333	0
6334	0
6335	0
6336	0
6337	0
6338	0
6339	0
6340	0
6341	0
6342	0
6343	0
6344	0
6345	0
6346	0
6347	0
6348	0
6349	0
6350	0
6351	0
6352	0
6353	0
6354	0
6355	0
6356	0
6357	0
6358	0
6359	0
6360	0
6361	0
6362	0
6363	0
6364	0
6365	0
6366	0
6367	0
6368	0
6369	0
6370	0
6371	0
6372	0
6373	0
6374	0
6375	0
6376	0
6377	0
6378	0
6379	0
6380	0
6381	0
6382	0
6383	0
6384	0
6385	0
6386	0
6387	0
6388	0
6389	0
6390	0
6391	0
6392	0
6393	0
6394	0
6395	0
6396	0
6397	0
6398	0
6399	0
6400	0
6401	0
6402	0
6403	0
6404	0
6405	0
6406	0
6407	0
6408	0
6409	0
6410	0
6411	0
6412	0
6413	0
6414	0
6415	0
6416	0
6417	0
6418	0
6419	0
6420	0
6421	0
6422	0
6423	0
6424	0
6425	0
6426	0
6427	0
6428	0
6429	0
6430	0
6431	0
6432	0
6433	0
6434	0
6435	0
6436	0
6437	0
6438	0
6439	0
6440	0
6441	0
6442	0
6443	0
6444	0
6445	0
6446	0
6447	0
6448	0
6449	0
6450	0
6451	0
6452	0
6453	0
6454	0
6455	0
6456	0
6457	0
6458	0
6459	0
6460	0
6461	0
6462	0
6463	0
6464	0
6465	0
6466	0
6467	0
6468	0
6469	0
6470	0
6471	0
6472	0
6473	0
6474	0
6475	0
6476	0
6477	0
6478	0
6479	0
6480	0
6481	0
6482	0
6483	0
6484	0
6485	0
6486	0
6487	0
6488	0
6489	0
6490	0
6491	0
6492	0
6493	0
6494	0
6495	0
6496	0
6497	0
6498	0
6499	0
6500	0
6501	0
6502	0
6503	0
6504	0
6505	0
6506	0
6507	0
6508	0
6509	0
6510	0
6511	0
6512	0
6513	0
6514	0
6515	0
6516	0
6517	0
6518	0
6519	0
6520	0
6521	0
6522	0
6523	0
6524	0
6525	0
6526	0
6527	0
6528	0
6529	0
6530	0
6531	0
6532	0
6533	0
6534	0
6535	0
6536	0
6537	0
6538	0
6539	0
6540	0
6541	0
6542	0
6543	0
6544	0
6545	0
6546	0
6547	0
6548	0
6549	0
6550	0
6551	0
6552	0
6553	0
6554	0
6555	0
6556	0
6557	0
6558	0
6559	0
6560	0
6561	0
6562	0
6563	0
6564	0
6565	0
6566	0
6567	0
6568	0
6569	0
6570	0
6571	0
6572	0
6573	0
6574	0
6575	0
6576	0
6577	0
6578	0
6579	0
6580	0
6581	0
6582	0
6583	0
6584	0
6585	0
6586	0
6587	0
6588	0
6589	0
6590	0
6591	0
6592	0
6593	0
6594	0
6595	0
6596	0
6597	0
6598	0
6599	0
6600	0
6601	0
6602	0
6603	0
6604	0
6605	0
6606	0
6607	0
6608	0
6609	0
6610	0
6611	0
6612	0
6613	0
6614	0
6615	0
6616	0
6617	0
6618	0
6619	0
6620	0
6621	0
6622	0
6623	0
6624	0
6625	0
6626	0
6627	0
6628	0
6629	0
6630	0
6631	0
6632	0
6633	0
6634	0
6635	0
6636	0
6637	0
6638	0
6639	0
6640	0
6641	0
6642	0
6643	0
6644	0
6645	0
6646	0
6647	0
6648	0
6649	0
6650	0
6651	0
6652	0
6653	0
6654	0
6655	0
6656	0
6657	0
6658	0
6659	0
6660	0
6661	0
6662	0
6663	0
6664	0
6665	0
6666	0
6667	0
6668	0
6669	0
6670	0
6671	0
6672	0
6673	0
6674	0
6675	0
6676	0
6677	0
6678	0
6679	0
6680	0
6681	0
6682	0
6683	0
6684	0
6685	0
6686	0
6687	0
6688	0
6689	0
6690	0
6691	0
6692	0
6693	0
6694	0
6695	0
6696	0
6697	0
6698	0
6699	0
6700	0
6701	0
6702	0
6703	0
6704	0
6705	0
6706	0
6707	0
6708	0
6709	0
6710	0
6711	0
6712	0
6713	0
6714	0
6715	0
6716	0
6717	0
6718	0
6719	0
6720	0
6721	0
6722	0
6723	0
6724	0
6725	0
6726	0
6727	0
6728	0
6729	0
6730	0
6731	0
6732	0
6733	0
6734	0
6735	0
6736	0
6737	0
6738	0
6739	0
6740	0
6741	0
6742	0
6743	0
6744	0
6745	0
6746	0
6747	0
6748	0
6749	0
6750	0
6751	0
6752	0
6753	0
6754	0
6755	0
6756	0
6757	0
6758	0
6759	0
6760	0
6761	0
6762	0
6763	0
6764	0
6765	0
6766	0
6767	0
6768	0
6769	0
6770	0
6771	0
6772	0
6773	0
6774	0
6775	0
6776	0
6777	0
6778	0
6779	0
6780	0
6781	0
6782	0
6783	0
6784	0
6785	0
6786	0
6787	0
6788	0
6789	0
6790	0
6791	0
6792	0
6793	0
6794	0
6795	0
6796	0
6797	0
6798	0
6799	0
6800	0
6801	0
6802	0
6803	0
6804	0
6805	0
6806	0
6807	0
6808	0
6809	0
6810	0
6811	0
6812	0
6813	0
6814	0
6815	0
6816	0
6817	0
6818	0
6819	0
6820	0
6821	0
6822	0
6823	0
6824	0
6825	0
6826	0
6827	0
6828	0
6829	0
6830	0
6831	0
6832	0
6833	0
6834	0
6835	0
6836	0
6837	0
6838	0
6839	0
6840	0
6841	0
6842	0
6843	0
6844	0
6845	0
6846	0
6847	0
6848	0
6849	0
6850	0
6851	0
6852	0
6853	0
6854	0
6855	0
6856	0
6857	0
6858	0
6859	0
6860	0
6861	0
6862	0
6863	0
6864	0
6865	0
6866	0
6867	0
6868	0
6869	0
6870	0
6871	0
6872	0
6873	0
6874	0
6875	0
6876	0
6877	0
6878	0
6879	0
6880	0
6881	0
6882	0
6883	0
6884	0
6885	0
6886	0
6887	0
6888	0
6889	0
6890	0
6891	0
6892	0
6893	0
6894	0
6895	0
6896	0
6897	0
6898	0
6899	0
6900	0
6901	0
6902	0
6903	0
6904	0
6905	0
6906	0
6907	0
6908	0
6909	0
6910	0
6911	0
6912	0
6913	0
6914	0
6915	0
6916	0
6917	0
6918	0
6919	0
6920	0
6921	0
6922	0
6923	0
6924	0
6925	0
6926	0
6927	0
6928	0
6929	0
6930	0
6931	0
6932	0
6933	0
6934	0
6935	0
6936	0
6937	0
6938	0
6939	0
6940	0
6941	0
6942	0
6943	0
6944	0
6945	0
6946	0
6947	0
6948	0
6949	0
6950	0
6951	0
6952	0
6953	0
6954	0
6955	0
6956	0
6957	0
6958	0
6959	0
6960	0
6961	0
6962	0
6963	0
6964	0
6965	0
6966	0
6967	0
6968	0
6969	0
6970	0
6971	0
6972	0
6973	0
6974	0
6975	0
6976	0
6977	0
6978	0
6979	0
6980	0
6981	0
6982	0
6983	0
6984	0
6985	0
6986	0
6987	0
6988	0
6989	0
6990	0
6991	0
6992	0
6993	0
6994	0
6995	0
6996	0
6997	0
6998	0
6999	0
7000	0
7001	0
7002	0
7003	0
7004	0
7005	0
7006	0
7007	0
7008	0
7009	0
7010	0
7011	0
7012	0
7013	0
7014	0
7015	0
7016	0
7017	0
7018	0
7019	0
7020	0
7021	0
7022	0
7023	0
7024	0
7025	0
7026	0
7027	0
7028	0
7029	0
7030	0
7031	0
7032	0
7033	0
7034	0
7035	0
7036	0
7037	0
7038	0
7039	0
7040	0
7041	0
7042	0
7043	0
7044	0
7045	0
7046	0
7047	0
7048	0
7049	0
7050	0
7051	0
7052	0
7053	0
7054	0
7055	0
7056	0
7057	0
7058	0
7059	0
7060	0
7061	0
7062	0
7063	0
7064	0
7065	0
7066	0
7067	0
7068	0
7069	0
7070	0
7071	0
7072	0
7073	0
7074	0
7075	0
7076	0
7077	0
7078	0
7079	0
7080	0
7081	0
7082	0
7083	0
7084	0
7085	0
7086	0
7087	0
7088	0
7089	0
7090	0
7091	0
7092	0
7093	0
7094	0
7095	0
7096	0
7097	0
7098	0
7099	0
7100	0
7101	0
7102	0
7103	0
7104	0
7105	0
7106	0
7107	0
7108	0
7109	0
7110	0
7111	0
7112	0
7113	0
7114	0
7115	0
7116	0
7117	0
7118	0
7119	0
7120	0
7121	0
7122	0
7123	0
7124	0
7125	0
7126	0
7127	0
7128	0
7129	0
7130	0
7131	0
7132	0
7133	0
7134	0
7135	0
7136	0
7137	0
7138	0
7139	0
7140	0
7141	0
7142	0
7143	0
7144	0
7145	0
7146	0
7147	0
7148	0
7149	0
7150	0
7151	0
7152	0
7153	0
7154	0
7155	0
7156	0
7157	0
7158	0
7159	0
7160	0
7161	0
7162	0
7163	0
7164	0
7165	0
7166	0
7167	0
7168	0
7169	0
7170	0
7171	0
7172	0
7173	0
7174	0
7175	0
7176	0
7177	0
7178	0
7179	0
7180	0
7181	0
7182	0
7183	0
7184	0
7185	0
7186	0
7187	0
7188	0
7189	0
7190	0
7191	0
7192	0
7193	0
7194	0
7195	0
7196	0
7197	0
7198	0
7199	0
7200	0
7201	0
7202	0
7203	0
7204	0
7205	0
7206	0
7207	0
7208	0
7209	0
7210	0
7211	0
7212	0
7213	0
7214	0
7215	0
7216	0
7217	0
7218	0
7219	0
7220	0
7221	0
7222	0
7223	0
7224	0
7225	0
7226	0
7227	0
7228	0
7229	0
7230	0
7231	0
7232	0
7233	0
7234	0
7235	0
7236	0
7237	0
7238	0
7239	0
7240	0
7241	0
7242	0
7243	0
7244	0
7245	0
7246	0
7247	0
7248	0
7249	0
7250	0
7251	0
7252	0
7253	0
7254	0
7255	0
7256	0
7257	0
7258	0
7259	0
7260	0
7261	0
7262	0
7263	0
7264	0
7265	0
7266	0
7267	0
7268	0
7269	0
7270	0
7271	0
7272	0
7273	0
7274	0
7275	0
7276	0
7277	0
7278	0
7279	0
7280	0
7281	0
7282	0
7283	0
7284	0
7285	0
7286	0
7287	0
7288	0
7289	0
7290	0
7291	0
7292	0
7293	0
7294	0
7295	0
7296	0
7297	0
7298	0
7299	0
7300	0
7301	0
7302	0
7303	0
7304	0
7305	0
7306	0
7307	0
7308	0
7309	0
7310	0
7311	0
7312	0
7313	0
7314	0
7315	0
7316	0
7317	0
7318	0
7319	0
7320	0
7321	0
7322	0
7323	0
7324	0
7325	0
7326	0
7327	0
7328	0
7329	0
7330	0
7331	0
7332	0
7333	0
7334	0
7335	0
7336	0
7337	0
7338	0
7339	0
7340	0
7341	0
7342	0
7343	0
7344	0
7345	0
7346	0
7347	0
7348	0
7349	0
7350	0
7351	0
7352	0
7353	0
7354	0
7355	0
7356	0
7357	0
7358	0
7359	0
7360	0
7361	0
7362	0
7363	0
7364	0
7365	0
7366	0
7367	0
7368	0
7369	0
7370	0
7371	0
7372	0
7373	0
7374	0
7375	0
7376	0
7377	0
7378	0
7379	0
7380	0
7381	0
7382	0
7383	0
7384	0
7385	0
7386	0
7387	0
7388	0
7389	0
7390	0
7391	0
7392	0
7393	0
7394	0
7395	0
7396	0
7397	0
7398	0
7399	0
7400	0
7401	0
7402	0
7403	0
7404	0
7405	0
7406	0
7407	0
7408	0
7409	0
7410	0
7411	0
7412	0
7413	0
7414	0
7415	0
7416	0
7417	0
7418	0
7419	0
7420	0
7421	0
7422	0
7423	0
7424	0
7425	0
7426	0
7427	0
7428	0
7429	0
7430	0
7431	0
7432	0
7433	0
7434	0
7435	0
7436	0
7437	0
7438	0
7439	0
7440	0
7441	0
7442	0
7443	0
7444	0
7445	0
7446	0
7447	0
7448	0
7449	0
7450	0
7451	0
7452	0
7453	0
7454	0
7455	0
7456	0
7457	0
7458	0
7459	0
7460	0
7461	0
7462	0
7463	0
7464	0
7465	0
7466	0
7467	0
7468	0
7469	0
7470	0
7471	0
7472	0
7473	0
7474	0
7475	0
7476	0
7477	0
7478	0
7479	0
7480	0
7481	0
7482	0
7483	0
7484	0
7485	0
7486	0
7487	0
7488	0
7489	0
7490	0
7491	0
7492	0
7493	0
7494	0
7495	0
7496	0
7497	0
7498	0
7499	0
7500	0
7501	0
7502	0
7503	0
7504	0
7505	0
7506	0
7507	0
7508	0
7509	0
7510	0
7511	0
7512	0
7513	0
7514	0
7515	0
7516	0
7517	0
7518	0
7519	0
7520	0
7521	0
7522	0
7523	0
7524	0
7525	0
7526	0
7527	0
7528	0
7529	0
7530	0
7531	0
7532	0
7533	0
7534	0
7535	0
7536	0
7537	0
7538	0
7539	0
7540	0
7541	0
7542	0
7543	0
7544	0
7545	0
7546	0
7547	0
7548	0
7549	0
7550	0
7551	0
7552	0
7553	0
7554	0
7555	0
7556	0
7557	0
7558	0
7559	0
7560	0
7561	0
7562	0
7563	0
7564	0
7565	0
7566	0
7567	0
7568	0
7569	0
7570	0
7571	0
7572	0
7573	0
7574	0
7575	0
7576	0
7577	0
7578	0
7579	0
7580	0
7581	0
7582	0
7583	0
7584	0
7585	0
7586	0
7587	0
7588	0
7589	0
7590	0
7591	0
7592	0
7593	0
7594	0
7595	0
7596	0
7597	0
7598	0
7599	0
7600	0
7601	0
7602	0
7603	0
7604	0
7605	0
7606	0
7607	0
7608	0
7609	0
7610	0
7611	0
7612	0
7613	0
7614	0
7615	0
7616	0
7617	0
7618	0
7619	0
7620	0
7621	0
7622	0
7623	0
7624	0
7625	0
7626	0
7627	0
7628	0
7629	0
7630	0
7631	0
7632	0
7633	0
7634	0
7635	0
7636	0
7637	0
7638	0
7639	0
7640	0
7641	0
7642	0
7643	0
7644	0
7645	0
7646	0
7647	0
7648	0
7649	0
7650	0
7651	0
7652	0
7653	0
7654	0
7655	0
7656	0
7657	0
7658	0
7659	0
7660	0
7661	0
7662	0
7663	0
7664	0
7665	0
7666	0
7667	0
7668	0
7669	0
7670	0
7671	0
7672	0
7673	0
7674	0
7675	0
7676	0
7677	0
7678	0
7679	0
7680	0
7681	0
7682	0
7683	0
7684	0
7685	0
7686	0
7687	0
7688	0
7689	0
7690	0
7691	0
7692	0
7693	0
7694	0
7695	0
7696	0
7697	0
7698	0
7699	0
7700	0
7701	0
7702	0
7703	0
7704	0
7705	0
7706	0
7707	0
7708	0
7709	0
7710	0
7711	0
7712	0
7713	0
7714	0
7715	0
7716	0
7717	0
7718	0
7719	0
7720	0
7721	0
7722	0
7723	0
7724	0
7725	0
7726	0
7727	0
7728	0
7729	0
7730	0
7731	0
7732	0
7733	0
7734	0
7735	0
7736	0
7737	0
7738	0
7739	0
7740	0
7741	0
7742	0
7743	0
7744	0
7745	0
7746	0
7747	0
7748	0
7749	0
7750	0
7751	0
7752	0
7753	0
7754	0
7755	0
7756	0
7757	0
7758	0
7759	0
7760	0
7761	0
7762	0
7763	0
7764	0
7765	0
7766	0
7767	0
7768	0
7769	0
7770	0
7771	0
7772	0
7773	0
7774	0
7775	0
7776	0
7777	0
7778	0
7779	0
7780	0
7781	0
7782	0
7783	0
7784	0
7785	0
7786	0
7787	0
7788	0
7789	0
7790	0
7791	0
7792	0
7793	0
7794	0
7795	0
7796	0
7797	0
7798	0
7799	0
7800	0
7801	0
7802	0
7803	0
7804	0
7805	0
7806	0
7807	0
7808	0
7809	0
7810	0
7811	0
7812	0
7813	0
7814	0
7815	0
7816	0
7817	0
7818	0
7819	0
7820	0
7821	0
7822	0
7823	0
7824	0
7825	0
7826	0
7827	0
7828	0
7829	0
7830	0
7831	0
7832	0
7833	0
7834	0
7835	0
7836	0
7837	0
7838	0
7839	0
7840	0
7841	0
7842	0
7843	0
7844	0
7845	0
7846	0
7847	0
7848	0
7849	0
7850	0
7851	0
7852	0
7853	0
7854	0
7855	0
7856	0
7857	0
7858	0
7859	0
7860	0
7861	0
7862	0
7863	0
7864	0
7865	0
7866	0
7867	0
7868	0
7869	0
7870	0
7871	0
7872	0
7873	0
7874	0
7875	0
7876	0
7877	0
7878	0
7879	0
7880	0
7881	0
7882	0
7883	0
7884	0
7885	0
7886	0
7887	0
7888	0
7889	0
7890	0
7891	0
7892	0
7893	0
7894	0
7895	0
7896	0
7897	0
7898	0
7899	0
7900	0
7901	0
7902	0
7903	0
7904	0
7905	0
7906	0
7907	0
7908	0
7909	0
7910	0
7911	0
7912	0
7913	0
7914	0
7915	0
7916	0
7917	0
7918	0
7919	0
7920	0
7921	0
7922	0
7923	0
7924	0
7925	0
7926	0
7927	0
7928	0
7929	0
7930	0
7931	0
7932	0
7933	0
7934	0
7935	0
7936	0
7937	0
7938	0
7939	0
7940	0
7941	0
7942	0
7943	0
7944	0
7945	0
7946	0
7947	0
7948	0
7949	0
7950	0
7951	0
7952	0
7953	0
7954	0
7955	0
7956	0
7957	0
7958	0
7959	0
7960	0
7961	0
7962	0
7963	0
7964	0
7965	0
7966	0
7967	0
7968	0
7969	0
7970	0
7971	0
7972	0
7973	0
7974	0
7975	0
7976	0
7977	0
7978	0
7979	0
7980	0
7981	0
7982	0
7983	0
7984	0
7985	0
7986	0
7987	0
7988	0
7989	0
7990	0
7991	0
7992	0
7993	0
7994	0
7995	0
7996	0
7997	0
7998	0
7999	0
8000	0
8001	0
8002	0
8003	0
8004	0
8005	0
8006	0
8007	0
8008	0
8009	0
8010	0
8011	0
8012	0
8013	0
8014	0
8015	0
8016	0
8017	0
8018	0
8019	0
8020	0
8021	0
8022	0
8023	0
8024	0
8025	0
8026	0
8027	0
8028	0
8029	0
8030	0
8031	0
8032	0
8033	0
8034	0
8035	0
8036	0
8037	0
8038	0
8039	0
8040	0
8041	0
8042	0
8043	0
8044	0
8045	0
8046	0
8047	0
8048	0
8049	0
8050	0
8051	0
8052	0
8053	0
8054	0
8055	0
8056	0
8057	0
8058	0
8059	0
8060	0
8061	0
8062	0
8063	0
8064	0
8065	0
8066	0
8067	0
8068	0
8069	0
8070	0
8071	0
8072	0
8073	0
8074	0
8075	0
8076	0
8077	0
8078	0
8079	0
8080	0
8081	0
8082	0
8083	0
8084	0
8085	0
8086	0
8087	0
8088	0
8089	0
8090	0
8091	0
8092	0
8093	0
8094	0
8095	0
8096	0
8097	0
8098	0
8099	0
8100	0
8101	0
8102	0
8103	0
8104	0
8105	0
8106	0
8107	0
8108	0
8109	0
8110	0
8111	0
8112	0
8113	0
8114	0
8115	0
8116	0
8117	0
8118	0
8119	0
8120	0
8121	0
8122	0
8123	0
8124	0
8125	0
8126	0
8127	0
8128	0
8129	0
8130	0
8131	0
8132	0
8133	0
8134	0
8135	0
8136	0
8137	0
8138	0
8139	0
8140	0
8141	0
8142	0
8143	0
8144	0
8145	0
8146	0
8147	0
8148	0
8149	0
8150	0
8151	0
8152	0
8153	0
8154	0
8155	0
8156	0
8157	0
8158	0
8159	0
8160	0
8161	0
8162	0
8163	0
8164	0
8165	0
8166	0
8167	0
8168	0
8169	0
8170	0
8171	0
8172	0
8173	0
8174	0
8175	0
8176	0
8177	0
8178	0
8179	0
8180	0
8181	0
8182	0
8183	0
8184	0
8185	0
8186	0
8187	0
8188	0
8189	0
8190	0
8191	0
