0	0
1	0
2	0
3	0
4	0
5	0
6	0
7	0
8	0
9	0
10	0
11	0
12	0
13	0
14	0
15	0
16	0
17	0
18	0
19	0
20	0
21	0
22	0
23	0
24	0
25	0
26	0
27	0
28	0
29	0
30	0
31	0
32	0
33	0
34	0
35	0
36	0
37	0
38	0
39	0
40	0
41	0
42	0
43	0
44	0
45	0
46	0
47	0
48	0
49	0
50	0
51	0
52	0
53	0
54	0
55	0
56	0
57	0
58	0
59	0
60	0
61	0
62	0
63	0
64	0
65	0
66	0
67	0
68	0
69	0
70	0
71	0
72	0
73	0
74	0
75	0
76	0
77	0
78	0
79	0
80	0
81	0
82	0
83	0
84	0
85	0
86	0
87	0
88	0
89	0
90	0
91	0
92	0
93	0
94	0
95	0
96	0
97	0
98	0
99	0
100	0
101	0
102	0
103	0
104	0
105	0
106	0
107	0
108	0
109	0
110	0
111	0
112	0
113	0
114	0
115	0
116	0
117	0
118	0
119	0
120	0
121	0
122	0
123	0
124	0
125	0
126	0
127	0
128	0
129	0
130	0
131	0
132	0
133	0
134	0
135	0
136	0
137	0
138	0
139	0
140	0
141	0
142	0
143	0
144	0
145	0
146	0
147	0
148	0
149	0
150	0
151	0
152	0
153	0
154	0
155	0
156	0
157	0
158	0
159	0
160	0
161	0
162	0
163	0
164	0
165	0
166	0
167	0
168	0
169	0
170	0
171	0
172	0
173	0
174	0
175	0
176	0
177	0
178	0
179	0
180	0
181	0
182	0
183	0
184	0
185	0
186	0
187	0
188	0
189	0
190	0
191	0
192	0
193	0
194	0
195	0
196	0
197	0
198	0
199	0
200	0
201	0
202	0
203	0
204	0
205	0
206	0
207	0
208	0
209	0
210	0
211	0
212	0
213	0
214	0
215	0
216	0
217	0
218	0
219	0
220	0
221	0
222	0
223	0
224	0
225	0
226	0
227	0
228	0
229	0
230	0
231	0
232	0
233	0
234	0
235	0
236	0
237	0
238	0
239	0
240	0
241	0
242	0
243	0
244	0
245	0
246	0
247	0
248	0
249	0
250	0
251	0
252	0
253	0
254	0
255	0
256	0
257	0
258	0
259	0
260	0
261	0
262	0
263	0
264	0
265	0
266	0
267	0
268	0
269	0
270	0
271	0
272	0
273	0
274	0
275	0
276	0
277	0
278	0
279	0
280	0
281	0
282	0
283	0
284	0
285	0
286	0
287	0
288	0
289	0
290	0
291	0
292	0
293	0
294	0
295	0
296	0
297	0
298	0
299	0
300	0
301	0
302	0
303	0
304	0
305	0
306	0
307	0
308	0
309	0
310	0
311	0
312	0
313	0
314	0
315	0
316	0
317	0
318	0
319	0
320	0
321	0
322	0
323	0
324	0
325	0
326	0
327	0
328	0
329	0
330	0
331	0
332	0
333	0
334	0
335	0
336	0
337	0
338	0
339	0
340	0
341	0
342	0
343	0
344	0
345	0
346	0
347	0
348	0
349	0
350	0
351	0
352	0
353	0
354	0
355	0
356	0
357	0
358	0
359	0
360	0
361	0
362	0
363	0
364	0
365	0
366	0
367	0
368	0
369	0
370	0
371	0
372	0
373	0
374	0
375	0
376	0
377	0
378	0
379	0
380	0
381	0
382	0
383	0
384	0
385	0
386	0
387	0
388	0
389	0
390	0
391	0
392	0
393	0
394	0
395	0
396	0
397	0
398	0
399	0
400	0
401	0
402	0
403	0
404	0
405	0
406	0
407	0
408	0
409	0
410	0
411	0
412	0
413	0
414	0
415	0
416	0
417	0
418	0
419	0
420	0
421	0
422	0
423	0
424	0
425	0
426	0
427	0
428	0
429	0
430	0
431	0
432	0
433	0
434	0
435	0
436	0
437	0
438	0
439	0
440	0
441	0
442	0
443	0
444	0
445	0
446	0
447	0
448	0
449	0
450	0
451	0
452	0
453	0
454	0
455	0
456	0
457	0
458	0
459	0
460	0
461	0
462	0
463	0
464	0
465	0
466	0
467	0
468	0
469	0
470	0
471	0
472	0
473	0
474	0
475	0
476	0
477	0
478	0
479	0
480	0
481	0
482	0
483	0
484	0
485	0
486	0
487	0
488	0
489	0
490	0
491	0
492	0
493	0
494	0
495	0
496	0
497	0
498	0
499	0
500	0
501	0
502	0
503	0
504	0
505	0
506	0
507	0
508	0
509	0
510	0
511	0
512	0
513	0
514	0
515	0
516	0
517	0
518	0
519	0
520	0
521	0
522	0
523	0
524	0
525	0
526	0
527	0
528	0
529	0
530	0
531	0
532	0
533	0
534	0
535	0
536	0
537	0
538	0
539	0
540	0
541	0
542	2
543	11
544	34
545	61
546	57
547	54
548	53
549	57
550	49
551	55
552	55
553	51
554	39
555	46
556	53
557	60
558	46
559	49
560	45
561	48
562	41
563	42
564	54
565	46
566	44
567	58
568	41
569	48
570	54
571	41
572	55
573	51
574	39
575	53
576	45
577	54
578	41
579	64
580	49
581	46
582	49
583	55
584	51
585	53
586	42
587	54
588	36
589	43
590	50
591	58
592	52
593	41
594	57
595	61
596	45
597	47
598	53
599	54
600	54
601	59
602	52
603	46
604	48
605	40
606	49
607	60
608	52
609	52
610	40
611	52
612	58
613	47
614	49
615	48
616	56
617	51
618	46
619	55
620	39
621	43
622	52
623	56
624	36
625	61
626	55
627	55
628	56
629	53
630	47
631	42
632	46
633	51
634	52
635	47
636	58
637	54
638	50
639	59
640	45
641	56
642	54
643	46
644	45
645	55
646	43
647	43
648	45
649	37
650	48
651	45
652	55
653	44
654	39
655	52
656	36
657	46
658	65
659	49
660	57
661	46
662	49
663	42
664	50
665	51
666	50
667	58
668	47
669	38
670	47
671	52
672	46
673	49
674	46
675	58
676	41
677	42
678	45
679	44
680	38
681	43
682	52
683	54
684	42
685	52
686	42
687	60
688	48
689	49
690	40
691	46
692	47
693	46
694	49
695	38
696	37
697	44
698	54
699	48
700	41
701	57
702	54
703	56
704	43
705	43
706	49
707	44
708	31
709	57
710	47
711	39
712	48
713	54
714	45
715	53
716	53
717	50
718	53
719	45
720	55
721	50
722	49
723	41
724	42
725	41
726	47
727	44
728	50
729	44
730	46
731	39
732	57
733	61
734	43
735	49
736	42
737	48
738	40
739	39
740	51
741	52
742	44
743	48
744	39
745	53
746	43
747	41
748	43
749	38
750	60
751	48
752	41
753	34
754	45
755	49
756	46
757	44
758	47
759	51
760	53
761	48
762	59
763	56
764	52
765	49
766	45
767	53
768	51
769	50
770	48
771	49
772	40
773	42
774	60
775	49
776	55
777	47
778	38
779	43
780	57
781	41
782	43
783	40
784	43
785	49
786	44
787	55
788	56
789	44
790	39
791	54
792	51
793	45
794	51
795	49
796	41
797	40
798	45
799	48
800	52
801	50
802	42
803	49
804	42
805	48
806	51
807	51
808	44
809	53
810	51
811	50
812	40
813	47
814	59
815	38
816	38
817	52
818	43
819	62
820	42
821	53
822	46
823	36
824	46
825	54
826	50
827	54
828	48
829	58
830	49
831	46
832	46
833	53
834	43
835	47
836	48
837	50
838	48
839	55
840	40
841	42
842	53
843	37
844	40
845	38
846	51
847	63
848	46
849	47
850	46
851	45
852	37
853	51
854	53
855	43
856	45
857	42
858	57
859	40
860	49
861	42
862	48
863	42
864	43
865	35
866	58
867	43
868	38
869	48
870	38
871	41
872	38
873	50
874	43
875	41
876	53
877	48
878	49
879	34
880	44
881	52
882	46
883	61
884	41
885	43
886	36
887	42
888	47
889	47
890	53
891	42
892	43
893	45
894	50
895	52
896	51
897	45
898	58
899	37
900	54
901	36
902	53
903	67
904	41
905	53
906	41
907	55
908	39
909	40
910	45
911	42
912	50
913	51
914	42
915	57
916	40
917	50
918	66
919	48
920	43
921	44
922	39
923	45
924	52
925	42
926	49
927	43
928	39
929	36
930	49
931	57
932	44
933	35
934	49
935	47
936	64
937	48
938	44
939	44
940	43
941	44
942	49
943	30
944	50
945	53
946	60
947	60
948	44
949	50
950	52
951	54
952	47
953	39
954	47
955	47
956	42
957	50
958	37
959	37
960	55
961	47
962	44
963	37
964	30
965	43
966	57
967	46
968	43
969	47
970	47
971	62
972	41
973	37
974	42
975	39
976	39
977	53
978	44
979	55
980	42
981	57
982	55
983	58
984	44
985	49
986	66
987	43
988	38
989	51
990	59
991	42
992	56
993	48
994	49
995	47
996	60
997	46
998	48
999	46
1000	39
1001	49
1002	37
1003	58
1004	43
1005	59
1006	57
1007	54
1008	49
1009	49
1010	40
1011	38
1012	48
1013	49
1014	49
1015	46
1016	43
1017	39
1018	39
1019	54
1020	50
1021	31
1022	53
1023	42
1024	49
1025	48
1026	39
1027	68
1028	54
1029	47
1030	56
1031	43
1032	42
1033	45
1034	42
1035	49
1036	48
1037	45
1038	57
1039	43
1040	47
1041	36
1042	43
1043	39
1044	36
1045	44
1046	51
1047	45
1048	53
1049	51
1050	44
1051	40
1052	35
1053	48
1054	55
1055	36
1056	49
1057	51
1058	60
1059	58
1060	56
1061	51
1062	34
1063	50
1064	50
1065	46
1066	40
1067	55
1068	65
1069	36
1070	50
1071	43
1072	51
1073	41
1074	45
1075	45
1076	52
1077	40
1078	41
1079	41
1080	55
1081	54
1082	36
1083	50
1084	46
1085	42
1086	40
1087	29
1088	45
1089	55
1090	64
1091	40
1092	45
1093	51
1094	47
1095	47
1096	52
1097	51
1098	35
1099	47
1100	42
1101	51
1102	46
1103	42
1104	52
1105	52
1106	52
1107	46
1108	50
1109	51
1110	58
1111	46
1112	48
1113	57
1114	49
1115	39
1116	45
1117	51
1118	47
1119	38
1120	33
1121	39
1122	42
1123	35
1124	48
1125	54
1126	48
1127	45
1128	51
1129	51
1130	57
1131	52
1132	40
1133	45
1134	47
1135	47
1136	56
1137	47
1138	52
1139	49
1140	21
1141	46
1142	59
1143	50
1144	41
1145	51
1146	45
1147	41
1148	52
1149	39
1150	43
1151	54
1152	43
1153	49
1154	50
1155	50
1156	47
1157	46
1158	52
1159	68
1160	49
1161	52
1162	52
1163	47
1164	61
1165	51
1166	41
1167	44
1168	51
1169	44
1170	49
1171	33
1172	44
1173	54
1174	48
1175	43
1176	55
1177	51
1178	50
1179	49
1180	50
1181	46
1182	43
1183	62
1184	51
1185	44
1186	52
1187	36
1188	41
1189	46
1190	59
1191	39
1192	51
1193	65
1194	57
1195	57
1196	38
1197	48
1198	59
1199	43
1200	46
1201	46
1202	57
1203	56
1204	57
1205	48
1206	53
1207	48
1208	55
1209	59
1210	56
1211	47
1212	46
1213	49
1214	50
1215	38
1216	55
1217	47
1218	53
1219	47
1220	47
1221	40
1222	49
1223	41
1224	38
1225	41
1226	45
1227	40
1228	63
1229	41
1230	57
1231	48
1232	39
1233	43
1234	53
1235	47
1236	52
1237	42
1238	47
1239	58
1240	45
1241	44
1242	42
1243	47
1244	47
1245	51
1246	41
1247	47
1248	54
1249	49
1250	50
1251	60
1252	46
1253	60
1254	39
1255	43
1256	45
1257	55
1258	41
1259	56
1260	44
1261	63
1262	52
1263	44
1264	49
1265	45
1266	46
1267	54
1268	52
1269	49
1270	50
1271	57
1272	40
1273	57
1274	50
1275	50
1276	37
1277	57
1278	48
1279	50
1280	43
1281	38
1282	45
1283	42
1284	53
1285	49
1286	43
1287	45
1288	50
1289	66
1290	54
1291	33
1292	48
1293	45
1294	47
1295	50
1296	52
1297	51
1298	56
1299	47
1300	62
1301	45
1302	49
1303	46
1304	47
1305	59
1306	51
1307	40
1308	53
1309	48
1310	46
1311	47
1312	42
1313	41
1314	40
1315	54
1316	62
1317	61
1318	43
1319	48
1320	43
1321	46
1322	52
1323	42
1324	54
1325	44
1326	56
1327	40
1328	51
1329	43
1330	53
1331	48
1332	54
1333	35
1334	54
1335	55
1336	45
1337	59
1338	41
1339	48
1340	55
1341	45
1342	57
1343	46
1344	55
1345	52
1346	52
1347	54
1348	44
1349	37
1350	60
1351	39
1352	58
1353	57
1354	56
1355	64
1356	35
1357	61
1358	62
1359	49
1360	56
1361	37
1362	38
1363	50
1364	48
1365	35
1366	48
1367	47
1368	45
1369	49
1370	37
1371	58
1372	43
1373	53
1374	46
1375	53
1376	50
1377	43
1378	43
1379	48
1380	51
1381	45
1382	36
1383	35
1384	51
1385	66
1386	40
1387	55
1388	54
1389	40
1390	52
1391	53
1392	52
1393	42
1394	51
1395	51
1396	43
1397	66
1398	54
1399	46
1400	60
1401	42
1402	52
1403	45
1404	49
1405	37
1406	52
1407	39
1408	43
1409	59
1410	61
1411	39
1412	56
1413	52
1414	55
1415	46
1416	49
1417	45
1418	47
1419	49
1420	46
1421	44
1422	37
1423	49
1424	51
1425	42
1426	43
1427	61
1428	49
1429	63
1430	48
1431	60
1432	42
1433	46
1434	45
1435	57
1436	44
1437	50
1438	60
1439	50
1440	57
1441	47
1442	54
1443	45
1444	46
1445	49
1446	53
1447	48
1448	43
1449	45
1450	38
1451	38
1452	41
1453	42
1454	53
1455	41
1456	47
1457	49
1458	64
1459	46
1460	53
1461	41
1462	44
1463	65
1464	49
1465	59
1466	56
1467	54
1468	43
1469	43
1470	65
1471	51
1472	45
1473	53
1474	51
1475	44
1476	49
1477	55
1478	52
1479	44
1480	43
1481	48
1482	49
1483	54
1484	43
1485	57
1486	52
1487	36
1488	52
1489	53
1490	43
1491	38
1492	48
1493	39
1494	50
1495	37
1496	41
1497	53
1498	60
1499	42
1500	49
1501	41
1502	47
1503	48
1504	48
1505	48
1506	54
1507	54
1508	46
1509	54
1510	45
1511	52
1512	54
1513	68
1514	60
1515	47
1516	55
1517	60
1518	55
1519	44
1520	49
1521	55
1522	52
1523	43
1524	45
1525	43
1526	44
1527	39
1528	49
1529	38
1530	51
1531	46
1532	59
1533	51
1534	63
1535	44
1536	53
1537	49
1538	44
1539	52
1540	43
1541	41
1542	51
1543	50
1544	57
1545	50
1546	49
1547	57
1548	45
1549	46
1550	49
1551	52
1552	46
1553	49
1554	58
1555	61
1556	31
1557	54
1558	43
1559	46
1560	48
1561	56
1562	52
1563	41
1564	47
1565	54
1566	55
1567	53
1568	51
1569	57
1570	47
1571	45
1572	44
1573	43
1574	49
1575	48
1576	44
1577	46
1578	45
1579	45
1580	52
1581	53
1582	51
1583	54
1584	49
1585	45
1586	41
1587	49
1588	48
1589	44
1590	61
1591	48
1592	55
1593	47
1594	53
1595	47
1596	49
1597	52
1598	52
1599	47
1600	54
1601	55
1602	49
1603	57
1604	49
1605	37
1606	45
1607	59
1608	65
1609	58
1610	50
1611	42
1612	54
1613	53
1614	41
1615	48
1616	41
1617	44
1618	48
1619	48
1620	57
1621	55
1622	56
1623	37
1624	50
1625	51
1626	45
1627	49
1628	48
1629	45
1630	58
1631	59
1632	50
1633	55
1634	42
1635	41
1636	52
1637	48
1638	42
1639	50
1640	46
1641	54
1642	60
1643	52
1644	40
1645	49
1646	45
1647	43
1648	44
1649	45
1650	46
1651	53
1652	48
1653	46
1654	49
1655	47
1656	57
1657	46
1658	44
1659	34
1660	45
1661	47
1662	44
1663	52
1664	50
1665	56
1666	39
1667	42
1668	60
1669	48
1670	54
1671	58
1672	50
1673	52
1674	53
1675	48
1676	39
1677	44
1678	47
1679	50
1680	56
1681	59
1682	51
1683	46
1684	51
1685	34
1686	43
1687	56
1688	42
1689	49
1690	49
1691	44
1692	51
1693	45
1694	57
1695	48
1696	48
1697	50
1698	61
1699	44
1700	43
1701	53
1702	46
1703	42
1704	36
1705	48
1706	52
1707	44
1708	51
1709	50
1710	44
1711	36
1712	50
1713	48
1714	53
1715	52
1716	55
1717	40
1718	53
1719	49
1720	56
1721	48
1722	40
1723	48
1724	51
1725	43
1726	63
1727	43
1728	62
1729	44
1730	52
1731	53
1732	44
1733	52
1734	49
1735	53
1736	48
1737	56
1738	55
1739	46
1740	44
1741	45
1742	49
1743	45
1744	56
1745	45
1746	30
1747	55
1748	51
1749	37
1750	46
1751	63
1752	45
1753	42
1754	47
1755	52
1756	56
1757	53
1758	56
1759	50
1760	49
1761	42
1762	48
1763	37
1764	48
1765	48
1766	47
1767	54
1768	72
1769	53
1770	55
1771	42
1772	55
1773	47
1774	52
1775	41
1776	43
1777	52
1778	49
1779	51
1780	48
1781	51
1782	38
1783	40
1784	58
1785	46
1786	48
1787	38
1788	40
1789	40
1790	45
1791	49
1792	37
1793	46
1794	48
1795	38
1796	52
1797	47
1798	35
1799	53
1800	49
1801	45
1802	43
1803	48
1804	42
1805	50
1806	39
1807	51
1808	47
1809	58
1810	55
1811	42
1812	48
1813	40
1814	41
1815	54
1816	45
1817	45
1818	49
1819	65
1820	49
1821	49
1822	55
1823	55
1824	53
1825	53
1826	58
1827	49
1828	43
1829	41
1830	44
1831	46
1832	52
1833	47
1834	48
1835	50
1836	56
1837	48
1838	52
1839	57
1840	56
1841	51
1842	45
1843	53
1844	55
1845	44
1846	48
1847	52
1848	32
1849	46
1850	48
1851	49
1852	56
1853	56
1854	54
1855	40
1856	50
1857	46
1858	33
1859	37
1860	55
1861	39
1862	48
1863	71
1864	48
1865	57
1866	62
1867	49
1868	45
1869	59
1870	57
1871	42
1872	40
1873	56
1874	52
1875	58
1876	49
1877	68
1878	48
1879	55
1880	48
1881	48
1882	45
1883	76
1884	62
1885	50
1886	46
1887	29
1888	37
1889	40
1890	49
1891	49
1892	58
1893	61
1894	58
1895	54
1896	65
1897	56
1898	57
1899	43
1900	65
1901	60
1902	53
1903	58
1904	42
1905	51
1906	47
1907	63
1908	49
1909	47
1910	45
1911	47
1912	52
1913	50
1914	49
1915	46
1916	50
1917	40
1918	54
1919	66
1920	65
1921	47
1922	52
1923	67
1924	49
1925	54
1926	52
1927	60
1928	43
1929	46
1930	53
1931	43
1932	48
1933	46
1934	48
1935	60
1936	60
1937	51
1938	52
1939	57
1940	47
1941	52
1942	57
1943	48
1944	38
1945	50
1946	51
1947	58
1948	60
1949	57
1950	57
1951	51
1952	57
1953	51
1954	55
1955	51
1956	49
1957	58
1958	59
1959	49
1960	41
1961	69
1962	65
1963	43
1964	55
1965	57
1966	64
1967	38
1968	50
1969	51
1970	60
1971	64
1972	49
1973	59
1974	49
1975	64
1976	71
1977	60
1978	63
1979	63
1980	60
1981	55
1982	42
1983	68
1984	52
1985	54
1986	57
1987	62
1988	52
1989	48
1990	55
1991	53
1992	51
1993	56
1994	59
1995	62
1996	76
1997	69
1998	52
1999	81
2000	61
2001	62
2002	66
2003	52
2004	81
2005	60
2006	44
2007	68
2008	59
2009	67
2010	60
2011	64
2012	47
2013	75
2014	80
2015	58
2016	66
2017	61
2018	51
2019	64
2020	55
2021	61
2022	59
2023	66
2024	70
2025	68
2026	69
2027	81
2028	50
2029	67
2030	70
2031	76
2032	53
2033	95
2034	65
2035	73
2036	74
2037	60
2038	66
2039	81
2040	78
2041	81
2042	65
2043	54
2044	78
2045	56
2046	85
2047	82
2048	84
2049	93
2050	76
2051	69
2052	76
2053	71
2054	76
2055	71
2056	75
2057	80
2058	61
2059	95
2060	92
2061	82
2062	89
2063	85
2064	84
2065	76
2066	80
2067	65
2068	85
2069	73
2070	79
2071	84
2072	104
2073	78
2074	100
2075	92
2076	69
2077	89
2078	90
2079	95
2080	98
2081	91
2082	83
2083	83
2084	101
2085	84
2086	94
2087	88
2088	109
2089	112
2090	92
2091	99
2092	108
2093	82
2094	85
2095	102
2096	85
2097	86
2098	101
2099	106
2100	104
2101	93
2102	109
2103	96
2104	102
2105	75
2106	87
2107	98
2108	91
2109	111
2110	108
2111	110
2112	108
2113	105
2114	119
2115	93
2116	109
2117	101
2118	108
2119	110
2120	97
2121	115
2122	107
2123	104
2124	112
2125	108
2126	111
2127	114
2128	105
2129	129
2130	108
2131	111
2132	122
2133	100
2134	148
2135	122
2136	94
2137	99
2138	121
2139	120
2140	118
2141	109
2142	117
2143	130
2144	129
2145	113
2146	104
2147	114
2148	114
2149	121
2150	99
2151	130
2152	129
2153	112
2154	132
2155	119
2156	119
2157	124
2158	104
2159	113
2160	112
2161	121
2162	111
2163	123
2164	132
2165	125
2166	130
2167	130
2168	126
2169	104
2170	104
2171	129
2172	128
2173	139
2174	126
2175	118
2176	106
2177	119
2178	107
2179	105
2180	129
2181	113
2182	109
2183	118
2184	116
2185	111
2186	101
2187	117
2188	95
2189	116
2190	107
2191	108
2192	116
2193	109
2194	111
2195	131
2196	113
2197	101
2198	100
2199	103
2200	121
2201	131
2202	95
2203	122
2204	91
2205	112
2206	108
2207	123
2208	96
2209	113
2210	94
2211	112
2212	107
2213	89
2214	112
2215	91
2216	82
2217	91
2218	88
2219	96
2220	89
2221	95
2222	100
2223	90
2224	88
2225	108
2226	98
2227	105
2228	98
2229	76
2230	90
2231	112
2232	109
2233	82
2234	102
2235	93
2236	89
2237	72
2238	98
2239	84
2240	90
2241	93
2242	79
2243	90
2244	78
2245	74
2246	84
2247	112
2248	91
2249	81
2250	88
2251	80
2252	94
2253	86
2254	84
2255	85
2256	78
2257	79
2258	80
2259	75
2260	84
2261	78
2262	77
2263	77
2264	70
2265	75
2266	81
2267	81
2268	75
2269	74
2270	59
2271	71
2272	80
2273	89
2274	74
2275	74
2276	74
2277	68
2278	70
2279	61
2280	71
2281	82
2282	83
2283	70
2284	88
2285	63
2286	60
2287	65
2288	67
2289	62
2290	74
2291	83
2292	72
2293	76
2294	63
2295	80
2296	74
2297	56
2298	71
2299	64
2300	72
2301	77
2302	66
2303	64
2304	65
2305	65
2306	74
2307	75
2308	61
2309	66
2310	72
2311	60
2312	68
2313	74
2314	73
2315	59
2316	79
2317	74
2318	58
2319	66
2320	66
2321	76
2322	56
2323	60
2324	66
2325	58
2326	66
2327	65
2328	47
2329	51
2330	61
2331	60
2332	62
2333	69
2334	67
2335	73
2336	59
2337	64
2338	69
2339	76
2340	64
2341	63
2342	78
2343	55
2344	62
2345	74
2346	74
2347	67
2348	65
2349	68
2350	60
2351	75
2352	51
2353	63
2354	58
2355	76
2356	58
2357	65
2358	58
2359	56
2360	47
2361	57
2362	63
2363	62
2364	49
2365	67
2366	54
2367	69
2368	70
2369	68
2370	66
2371	65
2372	63
2373	62
2374	69
2375	65
2376	65
2377	59
2378	62
2379	55
2380	73
2381	64
2382	65
2383	71
2384	55
2385	82
2386	55
2387	72
2388	58
2389	41
2390	68
2391	67
2392	88
2393	64
2394	52
2395	56
2396	61
2397	63
2398	67
2399	58
2400	64
2401	56
2402	56
2403	57
2404	65
2405	51
2406	61
2407	57
2408	67
2409	66
2410	80
2411	87
2412	76
2413	62
2414	71
2415	62
2416	75
2417	75
2418	75
2419	69
2420	61
2421	81
2422	83
2423	77
2424	87
2425	83
2426	68
2427	68
2428	85
2429	73
2430	72
2431	70
2432	74
2433	71
2434	61
2435	72
2436	82
2437	66
2438	72
2439	66
2440	58
2441	71
2442	75
2443	76
2444	67
2445	72
2446	72
2447	67
2448	91
2449	71
2450	72
2451	54
2452	81
2453	77
2454	59
2455	71
2456	81
2457	58
2458	70
2459	88
2460	78
2461	76
2462	75
2463	83
2464	76
2465	86
2466	73
2467	56
2468	73
2469	63
2470	69
2471	75
2472	70
2473	63
2474	64
2475	81
2476	74
2477	72
2478	83
2479	75
2480	79
2481	73
2482	79
2483	69
2484	87
2485	77
2486	75
2487	74
2488	75
2489	75
2490	81
2491	72
2492	74
2493	75
2494	87
2495	92
2496	91
2497	91
2498	74
2499	85
2500	62
2501	87
2502	80
2503	81
2504	81
2505	94
2506	68
2507	66
2508	79
2509	80
2510	77
2511	82
2512	83
2513	75
2514	117
2515	75
2516	77
2517	85
2518	65
2519	80
2520	93
2521	62
2522	79
2523	69
2524	88
2525	70
2526	103
2527	73
2528	81
2529	90
2530	74
2531	69
2532	86
2533	93
2534	117
2535	77
2536	93
2537	99
2538	85
2539	71
2540	88
2541	87
2542	94
2543	89
2544	93
2545	90
2546	76
2547	91
2548	87
2549	82
2550	97
2551	101
2552	87
2553	97
2554	113
2555	98
2556	98
2557	89
2558	100
2559	101
2560	107
2561	89
2562	103
2563	100
2564	100
2565	114
2566	115
2567	87
2568	107
2569	87
2570	98
2571	107
2572	98
2573	104
2574	109
2575	79
2576	109
2577	96
2578	81
2579	113
2580	87
2581	126
2582	93
2583	104
2584	107
2585	116
2586	107
2587	115
2588	114
2589	119
2590	108
2591	117
2592	108
2593	118
2594	118
2595	128
2596	110
2597	150
2598	110
2599	130
2600	114
2601	126
2602	132
2603	120
2604	117
2605	109
2606	130
2607	138
2608	147
2609	145
2610	117
2611	140
2612	147
2613	134
2614	157
2615	134
2616	148
2617	132
2618	137
2619	156
2620	142
2621	146
2622	133
2623	133
2624	156
2625	130
2626	156
2627	170
2628	151
2629	133
2630	171
2631	159
2632	153
2633	164
2634	160
2635	147
2636	141
2637	163
2638	144
2639	182
2640	179
2641	131
2642	182
2643	170
2644	172
2645	197
2646	194
2647	151
2648	176
2649	162
2650	163
2651	177
2652	169
2653	180
2654	158
2655	148
2656	210
2657	176
2658	173
2659	208
2660	205
2661	172
2662	184
2663	199
2664	193
2665	213
2666	208
2667	191
2668	195
2669	200
2670	217
2671	181
2672	233
2673	218
2674	204
2675	211
2676	211
2677	210
2678	217
2679	209
2680	212
2681	188
2682	228
2683	205
2684	217
2685	197
2686	223
2687	216
2688	233
2689	213
2690	216
2691	209
2692	214
2693	235
2694	221
2695	233
2696	212
2697	223
2698	225
2699	225
2700	225
2701	244
2702	237
2703	226
2704	231
2705	244
2706	242
2707	247
2708	236
2709	239
2710	250
2711	254
2712	237
2713	248
2714	226
2715	228
2716	246
2717	253
2718	276
2719	261
2720	244
2721	227
2722	258
2723	233
2724	275
2725	245
2726	256
2727	267
2728	250
2729	251
2730	243
2731	257
2732	264
2733	255
2734	241
2735	257
2736	266
2737	271
2738	259
2739	311
2740	286
2741	267
2742	301
2743	256
2744	269
2745	253
2746	297
2747	316
2748	295
2749	288
2750	306
2751	300
2752	274
2753	269
2754	293
2755	265
2756	297
2757	307
2758	328
2759	303
2760	328
2761	338
2762	317
2763	305
2764	335
2765	323
2766	345
2767	341
2768	354
2769	363
2770	335
2771	368
2772	369
2773	365
2774	349
2775	380
2776	391
2777	389
2778	417
2779	410
2780	408
2781	429
2782	374
2783	415
2784	401
2785	427
2786	469
2787	454
2788	440
2789	443
2790	454
2791	467
2792	467
2793	502
2794	517
2795	497
2796	522
2797	493
2798	566
2799	539
2800	552
2801	562
2802	581
2803	625
2804	597
2805	608
2806	645
2807	682
2808	695
2809	692
2810	683
2811	717
2812	787
2813	766
2814	741
2815	771
2816	828
2817	858
2818	857
2819	881
2820	877
2821	866
2822	909
2823	946
2824	1000
2825	1000
2826	1058
2827	1071
2828	1101
2829	1142
2830	1149
2831	1208
2832	1207
2833	1221
2834	1281
2835	1311
2836	1372
2837	1379
2838	1434
2839	1459
2840	1456
2841	1544
2842	1585
2843	1614
2844	1644
2845	1737
2846	1710
2847	1758
2848	1810
2849	1908
2850	1929
2851	1989
2852	1975
2853	2060
2854	2166
2855	2152
2856	2183
2857	2267
2858	2318
2859	2375
2860	2469
2861	2409
2862	2634
2863	2668
2864	2720
2865	2770
2866	2889
2867	2856
2868	2986
2869	3045
2870	3104
2871	3144
2872	3255
2873	3382
2874	3383
2875	3479
2876	3614
2877	3700
2878	3690
2879	3859
2880	3911
2881	4069
2882	4090
2883	4122
2884	4343
2885	4321
2886	4548
2887	4644
2888	4643
2889	4738
2890	4779
2891	4857
2892	5008
2893	5220
2894	5198
2895	5236
2896	5473
2897	5675
2898	5717
2899	5874
2900	6008
2901	6105
2902	6203
2903	6217
2904	6403
2905	6513
2906	6711
2907	6849
2908	6941
2909	6935
2910	7109
2911	7279
2912	7442
2913	7574
2914	7422
2915	7888
2916	8057
2917	8131
2918	8227
2919	8425
2920	8355
2921	8530
2922	8573
2923	8902
2924	8904
2925	9082
2926	9229
2927	9230
2928	9394
2929	9577
2930	9844
2931	9866
2932	9989
2933	10199
2934	10282
2935	10275
2936	10599
2937	10785
2938	10953
2939	11030
2940	11230
2941	11212
2942	11426
2943	11736
2944	11732
2945	11598
2946	11849
2947	12222
2948	12265
2949	12377
2950	12632
2951	12904
2952	12930
2953	13155
2954	13211
2955	13059
2956	13489
2957	13622
2958	13686
2959	13679
2960	13856
2961	14247
2962	14245
2963	14153
2964	14429
2965	14446
2966	14675
2967	14729
2968	14673
2969	14930
2970	15022
2971	15136
2972	15170
2973	15220
2974	15554
2975	15664
2976	15591
2977	15911
2978	15788
2979	16069
2980	15815
2981	16091
2982	16107
2983	16197
2984	16291
2985	16496
2986	16405
2987	16339
2988	16553
2989	16598
2990	16745
2991	16931
2992	16774
2993	16736
2994	17092
2995	16982
2996	16857
2997	17045
2998	17091
2999	16976
3000	17257
3001	17491
3002	17074
3003	17291
3004	17228
3005	17172
3006	17341
3007	17290
3008	17070
3009	17174
3010	16980
3011	17316
3012	17413
3013	17169
3014	17357
3015	17353
3016	17362
3017	17238
3018	16954
3019	17237
3020	16946
3021	17049
3022	17076
3023	16984
3024	16886
3025	16946
3026	16839
3027	16972
3028	16591
3029	16596
3030	16652
3031	16443
3032	16387
3033	16229
3034	16240
3035	16280
3036	15991
3037	16061
3038	15914
3039	15881
3040	15852
3041	15681
3042	15628
3043	15463
3044	15797
3045	15375
3046	15239
3047	15070
3048	15033
3049	14949
3050	14913
3051	14545
3052	14468
3053	14348
3054	14676
3055	14025
3056	14087
3057	13862
3058	14085
3059	13766
3060	13575
3061	13356
3062	13587
3063	13381
3064	12915
3065	13115
3066	12812
3067	12743
3068	12634
3069	12619
3070	12223
3071	12072
3072	12105
3073	11959
3074	11673
3075	11537
3076	11466
3077	11142
3078	10941
3079	11037
3080	10919
3081	10783
3082	10510
3083	10587
3084	10462
3085	10409
3086	9964
3087	9857
3088	9683
3089	9597
3090	9607
3091	9337
3092	9099
3093	9081
3094	8970
3095	8754
3096	8631
3097	8449
3098	8366
3099	8512
3100	8043
3101	8047
3102	8069
3103	7924
3104	7635
3105	7541
3106	7245
3107	7245
3108	7158
3109	7128
3110	6839
3111	6772
3112	6613
3113	6669
3114	6308
3115	6301
3116	6081
3117	6093
3118	5958
3119	5912
3120	5734
3121	5561
3122	5494
3123	5318
3124	5339
3125	5229
3126	5293
3127	5055
3128	4965
3129	4752
3130	4746
3131	4632
3132	4576
3133	4405
3134	4385
3135	4326
3136	4229
3137	4058
3138	4023
3139	3971
3140	3876
3141	3681
3142	3716
3143	3698
3144	3619
3145	3534
3146	3390
3147	3407
3148	3328
3149	3331
3150	3243
3151	3105
3152	3016
3153	2929
3154	2925
3155	2858
3156	2864
3157	2668
3158	2728
3159	2751
3160	2591
3161	2599
3162	2559
3163	2445
3164	2555
3165	2396
3166	2341
3167	2332
3168	2319
3169	2239
3170	2252
3171	2166
3172	2120
3173	2103
3174	2126
3175	2098
3176	2027
3177	1891
3178	1976
3179	1980
3180	1988
3181	1830
3182	1923
3183	1909
3184	1829
3185	1861
3186	1862
3187	1892
3188	1855
3189	1825
3190	1885
3191	1696
3192	1735
3193	1746
3194	1715
3195	1739
3196	1710
3197	1743
3198	1731
3199	1784
3200	1752
3201	1739
3202	1686
3203	1772
3204	1746
3205	1788
3206	1769
3207	1661
3208	1823
3209	1772
3210	1710
3211	1722
3212	1763
3213	1718
3214	1736
3215	1677
3216	1793
3217	1771
3218	1819
3219	1746
3220	1839
3221	1812
3222	1849
3223	1831
3224	1883
3225	1950
3226	1891
3227	1883
3228	1871
3229	1886
3230	1967
3231	1948
3232	1932
3233	1913
3234	1984
3235	2002
3236	2081
3237	2017
3238	1983
3239	2035
3240	2137
3241	2139
3242	2176
3243	2070
3244	2163
3245	2164
3246	2114
3247	2135
3248	2272
3249	2174
3250	2186
3251	2211
3252	2241
3253	2235
3254	2234
3255	2336
3256	2356
3257	2280
3258	2322
3259	2232
3260	2367
3261	2410
3262	2329
3263	2357
3264	2347
3265	2462
3266	2427
3267	2380
3268	2410
3269	2439
3270	2475
3271	2474
3272	2513
3273	2573
3274	2499
3275	2433
3276	2529
3277	2496
3278	2530
3279	2584
3280	2485
3281	2566
3282	2622
3283	2594
3284	2490
3285	2537
3286	2600
3287	2546
3288	2627
3289	2602
3290	2641
3291	2598
3292	2640
3293	2632
3294	2587
3295	2648
3296	2616
3297	2588
3298	2608
3299	2551
3300	2611
3301	2498
3302	2613
3303	2618
3304	2543
3305	2591
3306	2661
3307	2526
3308	2614
3309	2514
3310	2506
3311	2495
3312	2576
3313	2590
3314	2518
3315	2461
3316	2468
3317	2481
3318	2476
3319	2465
3320	2347
3321	2400
3322	2506
3323	2454
3324	2536
3325	2364
3326	2353
3327	2491
3328	2453
3329	2388
3330	2425
3331	2350
3332	2328
3333	2331
3334	2342
3335	2251
3336	2318
3337	2287
3338	2246
3339	2325
3340	2219
3341	2170
3342	2145
3343	2161
3344	2189
3345	2163
3346	2177
3347	2029
3348	2119
3349	2110
3350	2052
3351	2055
3352	1933
3353	2022
3354	1962
3355	1988
3356	1948
3357	1847
3358	1875
3359	1915
3360	1849
3361	1849
3362	1808
3363	1792
3364	1694
3365	1771
3366	1645
3367	1710
3368	1621
3369	1676
3370	1672
3371	1521
3372	1594
3373	1576
3374	1617
3375	1466
3376	1539
3377	1471
3378	1488
3379	1425
3380	1431
3381	1347
3382	1350
3383	1377
3384	1353
3385	1290
3386	1348
3387	1301
3388	1274
3389	1256
3390	1201
3391	1230
3392	1156
3393	1140
3394	1156
3395	1101
3396	1121
3397	1150
3398	1065
3399	1095
3400	1021
3401	988
3402	1018
3403	1006
3404	940
3405	947
3406	922
3407	924
3408	922
3409	891
3410	835
3411	838
3412	809
3413	813
3414	820
3415	783
3416	795
3417	780
3418	727
3419	711
3420	712
3421	667
3422	683
3423	678
3424	613
3425	645
3426	605
3427	594
3428	624
3429	575
3430	510
3431	553
3432	543
3433	465
3434	494
3435	470
3436	470
3437	479
3438	454
3439	403
3440	413
3441	423
3442	443
3443	392
3444	397
3445	370
3446	381
3447	350
3448	348
3449	331
3450	347
3451	349
3452	315
3453	282
3454	292
3455	300
3456	265
3457	260
3458	269
3459	254
3460	248
3461	219
3462	241
3463	213
3464	222
3465	234
3466	235
3467	184
3468	198
3469	195
3470	218
3471	188
3472	176
3473	170
3474	150
3475	147
3476	168
3477	143
3478	118
3479	125
3480	145
3481	147
3482	119
3483	128
3484	125
3485	116
3486	104
3487	118
3488	98
3489	105
3490	112
3491	86
3492	89
3493	83
3494	75
3495	87
3496	85
3497	74
3498	65
3499	84
3500	66
3501	58
3502	71
3503	70
3504	47
3505	57
3506	64
3507	46
3508	61
3509	55
3510	46
3511	42
3512	52
3513	53
3514	48
3515	40
3516	39
3517	32
3518	29
3519	38
3520	32
3521	45
3522	39
3523	25
3524	33
3525	24
3526	26
3527	22
3528	23
3529	24
3530	27
3531	19
3532	23
3533	16
3534	21
3535	21
3536	16
3537	10
3538	21
3539	14
3540	20
3541	16
3542	11
3543	10
3544	20
3545	12
3546	15
3547	12
3548	8
3549	12
3550	9
3551	17
3552	11
3553	9
3554	19
3555	13
3556	11
3557	7
3558	14
3559	10
3560	12
3561	8
3562	10
3563	6
3564	7
3565	7
3566	7
3567	4
3568	3
3569	11
3570	11
3571	5
3572	4
3573	6
3574	6
3575	3
3576	3
3577	6
3578	5
3579	5
3580	7
3581	7
3582	6
3583	10
3584	5
3585	3
3586	6
3587	4
3588	2
3589	5
3590	3
3591	2
3592	6
3593	4
3594	3
3595	6
3596	4
3597	3
3598	2
3599	4
3600	4
3601	5
3602	5
3603	5
3604	5
3605	2
3606	1
3607	4
3608	1
3609	2
3610	4
3611	1
3612	1
3613	3
3614	3
3615	2
3616	0
3617	3
3618	4
3619	3
3620	1
3621	3
3622	1
3623	2
3624	0
3625	2
3626	3
3627	1
3628	2
3629	5
3630	2
3631	3
3632	2
3633	0
3634	3
3635	4
3636	1
3637	2
3638	3
3639	1
3640	2
3641	0
3642	3
3643	1
3644	2
3645	0
3646	2
3647	0
3648	1
3649	2
3650	2
3651	2
3652	1
3653	4
3654	2
3655	2
3656	0
3657	1
3658	3
3659	0
3660	0
3661	0
3662	0
3663	3
3664	1
3665	4
3666	2
3667	3
3668	0
3669	3
3670	0
3671	3
3672	1
3673	0
3674	5
3675	1
3676	2
3677	3
3678	1
3679	3
3680	0
3681	1
3682	0
3683	4
3684	3
3685	0
3686	2
3687	0
3688	0
3689	0
3690	1
3691	4
3692	1
3693	0
3694	4
3695	2
3696	3
3697	3
3698	1
3699	2
3700	2
3701	2
3702	2
3703	1
3704	1
3705	1
3706	2
3707	0
3708	1
3709	0
3710	3
3711	0
3712	2
3713	3
3714	3
3715	1
3716	0
3717	0
3718	2
3719	2
3720	0
3721	0
3722	1
3723	0
3724	2
3725	3
3726	0
3727	1
3728	3
3729	0
3730	3
3731	4
3732	3
3733	2
3734	0
3735	2
3736	2
3737	1
3738	0
3739	0
3740	2
3741	2
3742	0
3743	1
3744	0
3745	3
3746	0
3747	1
3748	1
3749	3
3750	2
3751	0
3752	1
3753	0
3754	2
3755	1
3756	1
3757	0
3758	4
3759	2
3760	1
3761	1
3762	1
3763	3
3764	1
3765	1
3766	2
3767	1
3768	1
3769	1
3770	1
3771	0
3772	1
3773	2
3774	2
3775	0
3776	0
3777	1
3778	0
3779	1
3780	0
3781	1
3782	3
3783	0
3784	1
3785	2
3786	0
3787	2
3788	3
3789	1
3790	2
3791	2
3792	1
3793	0
3794	0
3795	2
3796	1
3797	2
3798	3
3799	0
3800	0
3801	1
3802	2
3803	0
3804	0
3805	1
3806	1
3807	1
3808	0
3809	0
3810	2
3811	1
3812	0
3813	4
3814	0
3815	0
3816	1
3817	0
3818	0
3819	0
3820	1
3821	1
3822	0
3823	0
3824	1
3825	0
3826	0
3827	1
3828	2
3829	1
3830	0
3831	2
3832	2
3833	1
3834	1
3835	0
3836	0
3837	1
3838	0
3839	1
3840	0
3841	2
3842	0
3843	0
3844	1
3845	0
3846	2
3847	0
3848	2
3849	0
3850	4
3851	3
3852	1
3853	0
3854	1
3855	2
3856	2
3857	0
3858	2
3859	1
3860	1
3861	0
3862	1
3863	0
3864	0
3865	3
3866	1
3867	2
3868	4
3869	1
3870	1
3871	0
3872	0
3873	1
3874	0
3875	2
3876	0
3877	0
3878	0
3879	3
3880	2
3881	2
3882	1
3883	2
3884	0
3885	1
3886	1
3887	1
3888	0
3889	1
3890	1
3891	0
3892	1
3893	0
3894	1
3895	3
3896	0
3897	0
3898	0
3899	1
3900	0
3901	1
3902	1
3903	2
3904	0
3905	1
3906	2
3907	0
3908	1
3909	0
3910	1
3911	1
3912	0
3913	2
3914	0
3915	0
3916	2
3917	0
3918	1
3919	5
3920	0
3921	0
3922	2
3923	1
3924	2
3925	4
3926	0
3927	2
3928	1
3929	2
3930	0
3931	3
3932	0
3933	1
3934	2
3935	2
3936	2
3937	0
3938	0
3939	1
3940	1
3941	1
3942	1
3943	1
3944	0
3945	1
3946	1
3947	2
3948	1
3949	0
3950	0
3951	4
3952	0
3953	3
3954	1
3955	2
3956	1
3957	1
3958	3
3959	1
3960	0
3961	0
3962	2
3963	1
3964	0
3965	1
3966	2
3967	1
3968	1
3969	0
3970	0
3971	0
3972	1
3973	0
3974	2
3975	3
3976	2
3977	0
3978	0
3979	2
3980	2
3981	3
3982	0
3983	1
3984	2
3985	1
3986	0
3987	0
3988	0
3989	3
3990	1
3991	4
3992	0
3993	0
3994	0
3995	0
3996	2
3997	0
3998	2
3999	0
4000	1
4001	0
4002	0
4003	2
4004	2
4005	2
4006	2
4007	1
4008	1
4009	1
4010	1
4011	1
4012	1
4013	1
4014	2
4015	1
4016	2
4017	3
4018	0
4019	0
4020	2
4021	1
4022	0
4023	0
4024	0
4025	1
4026	3
4027	0
4028	4
4029	0
4030	1
4031	4
4032	0
4033	0
4034	2
4035	0
4036	0
4037	0
4038	1
4039	1
4040	0
4041	0
4042	2
4043	2
4044	0
4045	0
4046	0
4047	1
4048	1
4049	1
4050	0
4051	1
4052	1
4053	1
4054	0
4055	0
4056	1
4057	1
4058	1
4059	0
4060	0
4061	1
4062	2
4063	1
4064	0
4065	0
4066	2
4067	0
4068	2
4069	1
4070	1
4071	0
4072	0
4073	1
4074	1
4075	1
4076	1
4077	1
4078	1
4079	0
4080	2
4081	0
4082	1
4083	0
4084	1
4085	1
4086	1
4087	0
4088	0
4089	4
4090	1
4091	0
4092	1
4093	1
4094	1
4095	1
4096	1
4097	1
4098	0
4099	0
4100	2
4101	2
4102	1
4103	2
4104	1
4105	0
4106	2
4107	1
4108	0
4109	2
4110	2
4111	1
4112	0
4113	3
4114	0
4115	0
4116	2
4117	1
4118	1
4119	1
4120	0
4121	1
4122	0
4123	4
4124	0
4125	1
4126	0
4127	0
4128	1
4129	1
4130	2
4131	1
4132	1
4133	2
4134	0
4135	1
4136	1
4137	0
4138	1
4139	1
4140	1
4141	0
4142	1
4143	1
4144	0
4145	0
4146	1
4147	0
4148	1
4149	1
4150	0
4151	4
4152	2
4153	1
4154	1
4155	2
4156	1
4157	2
4158	0
4159	1
4160	0
4161	1
4162	2
4163	0
4164	0
4165	1
4166	1
4167	1
4168	1
4169	0
4170	2
4171	0
4172	0
4173	1
4174	0
4175	0
4176	1
4177	1
4178	0
4179	0
4180	2
4181	0
4182	0
4183	1
4184	0
4185	2
4186	2
4187	0
4188	1
4189	1
4190	1
4191	0
4192	0
4193	0
4194	0
4195	0
4196	0
4197	0
4198	0
4199	1
4200	0
4201	1
4202	0
4203	0
4204	0
4205	1
4206	0
4207	0
4208	0
4209	0
4210	1
4211	1
4212	0
4213	0
4214	1
4215	1
4216	0
4217	1
4218	0
4219	0
4220	0
4221	1
4222	2
4223	0
4224	0
4225	1
4226	4
4227	0
4228	0
4229	2
4230	1
4231	0
4232	2
4233	0
4234	2
4235	0
4236	1
4237	1
4238	1
4239	1
4240	1
4241	1
4242	1
4243	0
4244	0
4245	0
4246	0
4247	0
4248	1
4249	2
4250	0
4251	1
4252	1
4253	2
4254	0
4255	0
4256	0
4257	1
4258	1
4259	0
4260	1
4261	1
4262	0
4263	0
4264	1
4265	0
4266	1
4267	1
4268	1
4269	0
4270	0
4271	0
4272	1
4273	0
4274	1
4275	3
4276	1
4277	0
4278	0
4279	0
4280	1
4281	0
4282	0
4283	0
4284	1
4285	1
4286	1
4287	0
4288	0
4289	0
4290	0
4291	0
4292	0
4293	1
4294	2
4295	0
4296	1
4297	0
4298	2
4299	1
4300	2
4301	1
4302	1
4303	0
4304	1
4305	0
4306	1
4307	2
4308	0
4309	0
4310	3
4311	0
4312	0
4313	1
4314	0
4315	0
4316	0
4317	0
4318	0
4319	1
4320	0
4321	0
4322	0
4323	1
4324	0
4325	2
4326	1
4327	0
4328	0
4329	1
4330	1
4331	2
4332	0
4333	0
4334	0
4335	0
4336	0
4337	1
4338	0
4339	1
4340	0
4341	0
4342	1
4343	1
4344	0
4345	1
4346	1
4347	0
4348	2
4349	0
4350	1
4351	0
4352	0
4353	0
4354	1
4355	0
4356	1
4357	1
4358	1
4359	0
4360	0
4361	0
4362	0
4363	0
4364	0
4365	0
4366	0
4367	1
4368	1
4369	0
4370	1
4371	0
4372	0
4373	0
4374	1
4375	0
4376	0
4377	0
4378	0
4379	2
4380	0
4381	0
4382	0
4383	1
4384	0
4385	0
4386	0
4387	1
4388	1
4389	1
4390	0
4391	0
4392	0
4393	0
4394	0
4395	1
4396	0
4397	2
4398	0
4399	1
4400	0
4401	1
4402	0
4403	0
4404	0
4405	0
4406	0
4407	2
4408	0
4409	0
4410	0
4411	0
4412	1
4413	0
4414	0
4415	0
4416	1
4417	1
4418	0
4419	1
4420	0
4421	0
4422	1
4423	0
4424	1
4425	0
4426	0
4427	1
4428	0
4429	0
4430	1
4431	3
4432	0
4433	0
4434	0
4435	1
4436	0
4437	1
4438	1
4439	1
4440	2
4441	1
4442	1
4443	0
4444	0
4445	0
4446	1
4447	2
4448	0
4449	0
4450	0
4451	0
4452	0
4453	1
4454	1
4455	0
4456	1
4457	0
4458	1
4459	0
4460	2
4461	1
4462	1
4463	1
4464	1
4465	0
4466	0
4467	0
4468	1
4469	0
4470	0
4471	0
4472	0
4473	0
4474	0
4475	1
4476	1
4477	2
4478	0
4479	1
4480	0
4481	0
4482	0
4483	0
4484	1
4485	0
4486	2
4487	0
4488	1
4489	0
4490	0
4491	0
4492	0
4493	0
4494	0
4495	0
4496	0
4497	0
4498	1
4499	0
4500	1
4501	0
4502	0
4503	0
4504	0
4505	0
4506	0
4507	0
4508	0
4509	0
4510	0
4511	0
4512	0
4513	1
4514	1
4515	0
4516	0
4517	0
4518	0
4519	0
4520	1
4521	1
4522	0
4523	0
4524	0
4525	0
4526	0
4527	0
4528	0
4529	1
4530	0
4531	0
4532	0
4533	1
4534	0
4535	0
4536	0
4537	0
4538	1
4539	1
4540	0
4541	0
4542	1
4543	1
4544	0
4545	0
4546	0
4547	1
4548	0
4549	1
4550	0
4551	0
4552	0
4553	0
4554	1
4555	0
4556	0
4557	0
4558	1
4559	1
4560	0
4561	0
4562	0
4563	0
4564	1
4565	0
4566	1
4567	0
4568	1
4569	0
4570	1
4571	1
4572	0
4573	1
4574	0
4575	0
4576	0
4577	1
4578	1
4579	1
4580	0
4581	0
4582	0
4583	0
4584	1
4585	0
4586	0
4587	0
4588	0
4589	0
4590	0
4591	0
4592	1
4593	0
4594	2
4595	0
4596	0
4597	0
4598	0
4599	0
4600	0
4601	0
4602	0
4603	0
4604	1
4605	0
4606	0
4607	0
4608	0
4609	1
4610	0
4611	0
4612	0
4613	0
4614	0
4615	0
4616	0
4617	0
4618	1
4619	0
4620	0
4621	3
4622	1
4623	0
4624	1
4625	0
4626	0
4627	1
4628	0
4629	0
4630	1
4631	0
4632	0
4633	0
4634	0
4635	0
4636	0
4637	0
4638	0
4639	1
4640	0
4641	0
4642	0
4643	0
4644	1
4645	0
4646	1
4647	0
4648	0
4649	0
4650	0
4651	0
4652	1
4653	0
4654	1
4655	1
4656	1
4657	1
4658	0
4659	1
4660	0
4661	0
4662	0
4663	1
4664	0
4665	0
4666	0
4667	0
4668	0
4669	1
4670	0
4671	0
4672	0
4673	1
4674	0
4675	2
4676	1
4677	0
4678	0
4679	0
4680	0
4681	0
4682	0
4683	1
4684	0
4685	0
4686	1
4687	0
4688	0
4689	1
4690	0
4691	0
4692	0
4693	1
4694	0
4695	0
4696	0
4697	0
4698	0
4699	0
4700	0
4701	0
4702	0
4703	1
4704	0
4705	0
4706	0
4707	0
4708	0
4709	1
4710	0
4711	1
4712	0
4713	0
4714	1
4715	0
4716	0
4717	1
4718	0
4719	1
4720	1
4721	0
4722	0
4723	0
4724	0
4725	0
4726	0
4727	0
4728	0
4729	0
4730	0
4731	0
4732	0
4733	1
4734	0
4735	1
4736	0
4737	0
4738	0
4739	2
4740	2
4741	0
4742	0
4743	0
4744	0
4745	0
4746	1
4747	0
4748	1
4749	0
4750	0
4751	0
4752	0
4753	0
4754	0
4755	1
4756	0
4757	0
4758	0
4759	0
4760	1
4761	0
4762	0
4763	0
4764	0
4765	1
4766	1
4767	0
4768	0
4769	0
4770	0
4771	0
4772	0
4773	0
4774	0
4775	1
4776	0
4777	0
4778	0
4779	0
4780	0
4781	1
4782	0
4783	1
4784	0
4785	0
4786	0
4787	0
4788	1
4789	0
4790	0
4791	0
4792	0
4793	1
4794	1
4795	1
4796	0
4797	0
4798	1
4799	0
4800	0
4801	0
4802	0
4803	1
4804	1
4805	0
4806	0
4807	0
4808	1
4809	0
4810	0
4811	0
4812	0
4813	0
4814	1
4815	0
4816	0
4817	0
4818	1
4819	0
4820	0
4821	0
4822	0
4823	0
4824	0
4825	0
4826	0
4827	1
4828	2
4829	1
4830	1
4831	0
4832	1
4833	0
4834	0
4835	0
4836	0
4837	0
4838	0
4839	0
4840	1
4841	0
4842	1
4843	1
4844	0
4845	0
4846	0
4847	0
4848	0
4849	0
4850	0
4851	0
4852	0
4853	0
4854	0
4855	0
4856	0
4857	0
4858	0
4859	0
4860	0
4861	1
4862	0
4863	0
4864	0
4865	1
4866	0
4867	0
4868	0
4869	0
4870	0
4871	0
4872	1
4873	0
4874	0
4875	0
4876	0
4877	0
4878	0
4879	0
4880	0
4881	0
4882	0
4883	0
4884	0
4885	0
4886	1
4887	1
4888	0
4889	0
4890	0
4891	0
4892	0
4893	2
4894	1
4895	0
4896	0
4897	0
4898	0
4899	0
4900	0
4901	0
4902	0
4903	0
4904	0
4905	0
4906	0
4907	0
4908	0
4909	0
4910	0
4911	0
4912	0
4913	1
4914	0
4915	1
4916	0
4917	1
4918	1
4919	0
4920	0
4921	0
4922	0
4923	0
4924	0
4925	0
4926	1
4927	1
4928	1
4929	0
4930	0
4931	1
4932	0
4933	1
4934	0
4935	0
4936	0
4937	1
4938	1
4939	0
4940	0
4941	1
4942	0
4943	1
4944	0
4945	0
4946	0
4947	0
4948	0
4949	1
4950	0
4951	1
4952	0
4953	0
4954	0
4955	1
4956	2
4957	1
4958	1
4959	0
4960	0
4961	0
4962	1
4963	0
4964	0
4965	0
4966	0
4967	1
4968	0
4969	0
4970	0
4971	0
4972	0
4973	0
4974	0
4975	0
4976	0
4977	0
4978	0
4979	0
4980	0
4981	0
4982	0
4983	0
4984	0
4985	0
4986	0
4987	0
4988	0
4989	0
4990	0
4991	0
4992	0
4993	1
4994	0
4995	0
4996	1
4997	1
4998	0
4999	0
5000	1
5001	0
5002	0
5003	0
5004	1
5005	0
5006	0
5007	0
5008	1
5009	1
5010	0
5011	0
5012	0
5013	0
5014	0
5015	0
5016	0
5017	0
5018	0
5019	0
5020	0
5021	0
5022	0
5023	0
5024	1
5025	1
5026	0
5027	1
5028	0
5029	0
5030	1
5031	2
5032	1
5033	0
5034	0
5035	2
5036	0
5037	0
5038	0
5039	0
5040	0
5041	0
5042	0
5043	0
5044	0
5045	0
5046	0
5047	0
5048	0
5049	1
5050	0
5051	1
5052	1
5053	0
5054	1
5055	1
5056	0
5057	1
5058	0
5059	0
5060	1
5061	1
5062	0
5063	0
5064	1
5065	0
5066	0
5067	0
5068	0
5069	1
5070	0
5071	1
5072	0
5073	0
5074	1
5075	1
5076	0
5077	0
5078	0
5079	1
5080	0
5081	2
5082	0
5083	1
5084	0
5085	0
5086	1
5087	0
5088	0
5089	0
5090	0
5091	0
5092	0
5093	2
5094	1
5095	0
5096	0
5097	0
5098	0
5099	0
5100	0
5101	0
5102	1
5103	0
5104	0
5105	0
5106	1
5107	0
5108	0
5109	0
5110	0
5111	0
5112	1
5113	1
5114	0
5115	0
5116	1
5117	0
5118	0
5119	0
5120	1
5121	0
5122	0
5123	0
5124	2
5125	1
5126	0
5127	0
5128	1
5129	0
5130	0
5131	0
5132	1
5133	0
5134	1
5135	0
5136	0
5137	0
5138	0
5139	0
5140	0
5141	0
5142	0
5143	1
5144	0
5145	1
5146	0
5147	0
5148	0
5149	1
5150	1
5151	1
5152	0
5153	0
5154	0
5155	0
5156	0
5157	0
5158	0
5159	1
5160	0
5161	0
5162	0
5163	1
5164	1
5165	0
5166	1
5167	0
5168	1
5169	0
5170	1
5171	0
5172	0
5173	0
5174	0
5175	0
5176	1
5177	0
5178	0
5179	0
5180	1
5181	0
5182	0
5183	0
5184	1
5185	1
5186	0
5187	0
5188	0
5189	0
5190	0
5191	0
5192	0
5193	0
5194	0
5195	0
5196	1
5197	0
5198	1
5199	0
5200	0
5201	0
5202	0
5203	0
5204	0
5205	0
5206	0
5207	0
5208	0
5209	0
5210	0
5211	0
5212	0
5213	0
5214	0
5215	0
5216	0
5217	0
5218	1
5219	0
5220	0
5221	1
5222	0
5223	0
5224	0
5225	0
5226	0
5227	0
5228	0
5229	0
5230	0
5231	0
5232	0
5233	0
5234	0
5235	0
5236	1
5237	0
5238	0
5239	0
5240	0
5241	0
5242	0
5243	0
5244	1
5245	0
5246	0
5247	0
5248	0
5249	1
5250	1
5251	0
5252	0
5253	0
5254	0
5255	0
5256	0
5257	0
5258	0
5259	2
5260	0
5261	1
5262	1
5263	0
5264	0
5265	0
5266	0
5267	0
5268	0
5269	0
5270	0
5271	0
5272	1
5273	1
5274	0
5275	0
5276	0
5277	0
5278	0
5279	0
5280	0
5281	1
5282	0
5283	1
5284	1
5285	0
5286	1
5287	0
5288	1
5289	1
5290	0
5291	0
5292	1
5293	1
5294	0
5295	0
5296	1
5297	0
5298	0
5299	1
5300	0
5301	1
5302	1
5303	0
5304	0
5305	0
5306	0
5307	0
5308	0
5309	0
5310	0
5311	0
5312	0
5313	0
5314	0
5315	0
5316	0
5317	0
5318	0
5319	0
5320	0
5321	0
5322	1
5323	0
5324	0
5325	0
5326	0
5327	0
5328	0
5329	0
5330	0
5331	2
5332	0
5333	0
5334	0
5335	1
5336	0
5337	0
5338	0
5339	0
5340	0
5341	0
5342	0
5343	0
5344	0
5345	0
5346	0
5347	1
5348	0
5349	0
5350	0
5351	0
5352	0
5353	0
5354	0
5355	1
5356	1
5357	0
5358	0
5359	0
5360	1
5361	0
5362	0
5363	1
5364	0
5365	0
5366	0
5367	0
5368	0
5369	0
5370	0
5371	0
5372	2
5373	0
5374	0
5375	0
5376	0
5377	0
5378	0
5379	0
5380	0
5381	0
5382	0
5383	0
5384	0
5385	0
5386	0
5387	1
5388	0
5389	0
5390	0
5391	0
5392	0
5393	0
5394	0
5395	1
5396	0
5397	0
5398	0
5399	0
5400	0
5401	0
5402	1
5403	0
5404	0
5405	0
5406	0
5407	1
5408	0
5409	0
5410	0
5411	0
5412	0
5413	0
5414	0
5415	0
5416	0
5417	1
5418	0
5419	0
5420	0
5421	0
5422	0
5423	0
5424	1
5425	1
5426	1
5427	2
5428	0
5429	0
5430	1
5431	1
5432	0
5433	1
5434	0
5435	0
5436	0
5437	0
5438	0
5439	0
5440	1
5441	0
5442	0
5443	0
5444	0
5445	0
5446	0
5447	0
5448	0
5449	0
5450	0
5451	0
5452	0
5453	0
5454	0
5455	1
5456	1
5457	0
5458	0
5459	1
5460	1
5461	0
5462	0
5463	0
5464	0
5465	0
5466	0
5467	1
5468	0
5469	0
5470	0
5471	0
5472	0
5473	0
5474	0
5475	1
5476	0
5477	0
5478	0
5479	0
5480	0
5481	0
5482	0
5483	0
5484	2
5485	0
5486	0
5487	0
5488	0
5489	0
5490	0
5491	1
5492	1
5493	0
5494	0
5495	1
5496	0
5497	0
5498	1
5499	1
5500	0
5501	1
5502	0
5503	1
5504	1
5505	1
5506	1
5507	0
5508	0
5509	1
5510	0
5511	0
5512	0
5513	1
5514	0
5515	1
5516	1
5517	0
5518	0
5519	0
5520	1
5521	1
5522	1
5523	0
5524	1
5525	0
5526	0
5527	0
5528	0
5529	0
5530	1
5531	0
5532	0
5533	0
5534	0
5535	0
5536	0
5537	2
5538	0
5539	0
5540	0
5541	0
5542	0
5543	0
5544	0
5545	0
5546	1
5547	0
5548	0
5549	1
5550	1
5551	0
5552	1
5553	1
5554	0
5555	0
5556	2
5557	0
5558	0
5559	0
5560	0
5561	0
5562	0
5563	0
5564	0
5565	0
5566	1
5567	0
5568	1
5569	0
5570	0
5571	0
5572	0
5573	0
5574	0
5575	1
5576	0
5577	0
5578	0
5579	0
5580	0
5581	1
5582	2
5583	0
5584	2
5585	0
5586	0
5587	0
5588	0
5589	0
5590	0
5591	0
5592	0
5593	0
5594	0
5595	0
5596	0
5597	0
5598	0
5599	1
5600	0
5601	1
5602	0
5603	1
5604	0
5605	1
5606	0
5607	1
5608	1
5609	1
5610	1
5611	0
5612	0
5613	1
5614	1
5615	1
5616	0
5617	1
5618	0
5619	1
5620	1
5621	2
5622	0
5623	1
5624	1
5625	0
5626	0
5627	0
5628	0
5629	0
5630	0
5631	1
5632	1
5633	1
5634	0
5635	1
5636	0
5637	0
5638	0
5639	0
5640	0
5641	0
5642	2
5643	0
5644	0
5645	1
5646	0
5647	1
5648	0
5649	0
5650	0
5651	0
5652	0
5653	1
5654	0
5655	0
5656	2
5657	0
5658	0
5659	0
5660	1
5661	2
5662	0
5663	3
5664	1
5665	0
5666	1
5667	0
5668	2
5669	1
5670	1
5671	0
5672	0
5673	1
5674	0
5675	1
5676	1
5677	1
5678	0
5679	0
5680	1
5681	1
5682	0
5683	1
5684	0
5685	1
5686	2
5687	1
5688	1
5689	1
5690	3
5691	4
5692	0
5693	2
5694	1
5695	0
5696	3
5697	0
5698	2
5699	2
5700	0
5701	1
5702	2
5703	1
5704	0
5705	0
5706	1
5707	0
5708	0
5709	2
5710	1
5711	2
5712	1
5713	1
5714	1
5715	1
5716	0
5717	3
5718	1
5719	3
5720	2
5721	2
5722	0
5723	1
5724	1
5725	0
5726	0
5727	4
5728	2
5729	2
5730	2
5731	0
5732	4
5733	1
5734	2
5735	0
5736	2
5737	1
5738	2
5739	3
5740	2
5741	1
5742	4
5743	2
5744	7
5745	5
5746	3
5747	2
5748	7
5749	1
5750	5
5751	5
5752	5
5753	1
5754	10
5755	2
5756	4
5757	4
5758	1
5759	4
5760	8
5761	5
5762	2
5763	4
5764	4
5765	7
5766	3
5767	4
5768	6
5769	4
5770	5
5771	8
5772	0
5773	5
5774	1
5775	6
5776	10
5777	4
5778	4
5779	3
5780	5
5781	9
5782	8
5783	11
5784	6
5785	5
5786	6
5787	4
5788	8
5789	5
5790	7
5791	4
5792	6
5793	3
5794	11
5795	11
5796	9
5797	6
5798	3
5799	5
5800	9
5801	5
5802	9
5803	10
5804	11
5805	4
5806	6
5807	8
5808	9
5809	4
5810	9
5811	11
5812	9
5813	8
5814	8
5815	8
5816	2
5817	5
5818	6
5819	6
5820	8
5821	7
5822	5
5823	4
5824	9
5825	5
5826	6
5827	13
5828	8
5829	10
5830	13
5831	9
5832	7
5833	5
5834	6
5835	6
5836	7
5837	13
5838	10
5839	14
5840	15
5841	10
5842	11
5843	12
5844	12
5845	9
5846	15
5847	20
5848	12
5849	15
5850	8
5851	11
5852	6
5853	6
5854	12
5855	8
5856	12
5857	12
5858	8
5859	8
5860	5
5861	6
5862	5
5863	6
5864	5
5865	11
5866	12
5867	10
5868	9
5869	11
5870	10
5871	12
5872	11
5873	7
5874	7
5875	9
5876	8
5877	6
5878	11
5879	10
5880	12
5881	12
5882	9
5883	10
5884	12
5885	12
5886	11
5887	13
5888	10
5889	5
5890	7
5891	13
5892	14
5893	17
5894	11
5895	10
5896	8
5897	10
5898	14
5899	7
5900	19
5901	19
5902	12
5903	12
5904	4
5905	16
5906	10
5907	15
5908	12
5909	9
5910	12
5911	16
5912	6
5913	14
5914	11
5915	13
5916	24
5917	9
5918	13
5919	7
5920	22
5921	12
5922	9
5923	7
5924	13
5925	10
5926	12
5927	11
5928	9
5929	13
5930	7
5931	8
5932	8
5933	6
5934	4
5935	6
5936	5
5937	5
5938	13
5939	6
5940	10
5941	4
5942	14
5943	11
5944	8
5945	3
5946	8
5947	9
5948	7
5949	11
5950	6
5951	10
5952	4
5953	9
5954	9
5955	7
5956	11
5957	9
5958	6
5959	7
5960	12
5961	9
5962	6
5963	11
5964	11
5965	7
5966	7
5967	11
5968	9
5969	5
5970	5
5971	6
5972	3
5973	3
5974	7
5975	7
5976	10
5977	7
5978	4
5979	10
5980	5
5981	9
5982	11
5983	4
5984	3
5985	11
5986	4
5987	6
5988	2
5989	6
5990	6
5991	6
5992	5
5993	4
5994	5
5995	6
5996	6
5997	6
5998	6
5999	4
6000	3
6001	4
6002	3
6003	5
6004	8
6005	5
6006	2
6007	0
6008	4
6009	3
6010	4
6011	5
6012	3
6013	1
6014	2
6015	1
6016	1
6017	5
6018	6
6019	1
6020	2
6021	2
6022	4
6023	1
6024	2
6025	3
6026	1
6027	4
6028	6
6029	4
6030	1
6031	2
6032	2
6033	5
6034	4
6035	0
6036	2
6037	2
6038	3
6039	4
6040	2
6041	2
6042	3
6043	3
6044	0
6045	2
6046	4
6047	3
6048	3
6049	2
6050	3
6051	5
6052	3
6053	2
6054	2
6055	2
6056	2
6057	2
6058	4
6059	2
6060	2
6061	2
6062	3
6063	2
6064	1
6065	3
6066	2
6067	2
6068	1
6069	0
6070	2
6071	1
6072	1
6073	0
6074	1
6075	3
6076	3
6077	1
6078	1
6079	5
6080	4
6081	4
6082	2
6083	4
6084	2
6085	1
6086	8
6087	2
6088	0
6089	2
6090	4
6091	4
6092	2
6093	1
6094	2
6095	7
6096	3
6097	1
6098	3
6099	1
6100	2
6101	2
6102	3
6103	4
6104	1
6105	2
6106	2
6107	2
6108	7
6109	4
6110	2
6111	2
6112	1
6113	2
6114	4
6115	3
6116	0
6117	5
6118	2
6119	2
6120	6
6121	2
6122	1
6123	4
6124	4
6125	4
6126	3
6127	5
6128	1
6129	4
6130	6
6131	4
6132	6
6133	4
6134	3
6135	2
6136	4
6137	4
6138	2
6139	0
6140	5
6141	3
6142	1
6143	6
6144	7
6145	7
6146	14
6147	46
6148	85
6149	74
6150	81
6151	55
6152	38
6153	28
6154	22
6155	11
6156	28
6157	58
6158	52
6159	18
6160	6
6161	1
6162	0
6163	0
6164	0
6165	0
6166	0
6167	0
6168	0
6169	0
6170	0
6171	0
6172	0
6173	0
6174	0
6175	0
6176	0
6177	0
6178	0
6179	0
6180	0
6181	0
6182	0
6183	0
6184	0
6185	0
6186	0
6187	0
6188	0
6189	0
6190	0
6191	0
6192	0
6193	0
6194	0
6195	0
6196	0
6197	0
6198	0
6199	0
6200	0
6201	0
6202	0
6203	0
6204	0
6205	0
6206	0
6207	0
6208	0
6209	0
6210	0
6211	0
6212	0
6213	0
6214	0
6215	0
6216	0
6217	0
6218	0
6219	0
6220	0
6221	0
6222	0
6223	0
6224	0
6225	0
6226	0
6227	0
6228	0
6229	0
6230	0
6231	0
6232	0
6233	0
6234	0
6235	0
6236	0
6237	0
6238	0
6239	0
6240	0
6241	0
6242	0
6243	0
6244	0
6245	0
6246	0
6247	0
6248	0
6249	0
6250	0
6251	0
6252	0
6253	0
6254	0
6255	0
6256	0
6257	0
6258	0
6259	0
6260	0
6261	0
6262	0
6263	0
6264	0
6265	0
6266	0
6267	0
6268	0
6269	0
6270	0
6271	0
6272	0
6273	0
6274	0
6275	0
6276	0
6277	0
6278	0
6279	0
6280	0
6281	0
6282	0
6283	0
6284	0
6285	0
6286	0
6287	0
6288	0
6289	0
6290	0
6291	0
6292	0
6293	0
6294	0
6295	0
6296	0
6297	0
6298	0
6299	0
6300	0
6301	0
6302	0
6303	0
6304	0
6305	0
6306	0
6307	0
6308	0
6309	0
6310	0
6311	0
6312	0
6313	0
6314	0
6315	0
6316	0
6317	0
6318	0
6319	0
6320	0
6321	0
6322	0
6323	0
6324	0
6325	0
6326	0
6327	0
6328	0
6329	0
6330	0
6331	0
6332	0
6333	0
6334	0
6335	0
6336	0
6337	0
6338	0
6339	0
6340	0
6341	0
6342	0
6343	0
6344	0
6345	0
6346	0
6347	0
6348	0
6349	0
6350	0
6351	0
6352	0
6353	0
6354	0
6355	0
6356	0
6357	0
6358	0
6359	0
6360	0
6361	0
6362	0
6363	0
6364	0
6365	0
6366	0
6367	0
6368	0
6369	0
6370	0
6371	0
6372	0
6373	0
6374	0
6375	0
6376	0
6377	0
6378	0
6379	0
6380	0
6381	0
6382	0
6383	0
6384	0
6385	0
6386	0
6387	0
6388	0
6389	0
6390	0
6391	0
6392	0
6393	0
6394	0
6395	0
6396	0
6397	0
6398	0
6399	0
6400	0
6401	0
6402	0
6403	0
6404	0
6405	0
6406	0
6407	0
6408	0
6409	0
6410	0
6411	0
6412	0
6413	0
6414	0
6415	0
6416	0
6417	0
6418	0
6419	0
6420	0
6421	0
6422	0
6423	0
6424	0
6425	0
6426	0
6427	0
6428	0
6429	0
6430	0
6431	0
6432	0
6433	0
6434	0
6435	0
6436	0
6437	0
6438	0
6439	0
6440	0
6441	0
6442	0
6443	0
6444	0
6445	0
6446	0
6447	0
6448	0
6449	0
6450	0
6451	0
6452	0
6453	0
6454	0
6455	0
6456	0
6457	0
6458	0
6459	0
6460	0
6461	0
6462	0
6463	0
6464	0
6465	0
6466	0
6467	0
6468	0
6469	0
6470	0
6471	0
6472	0
6473	0
6474	0
6475	0
6476	0
6477	0
6478	0
6479	0
6480	0
6481	0
6482	0
6483	0
6484	0
6485	0
6486	0
6487	0
6488	0
6489	0
6490	0
6491	0
6492	0
6493	0
6494	0
6495	0
6496	0
6497	0
6498	0
6499	0
6500	0
6501	0
6502	0
6503	0
6504	0
6505	0
6506	0
6507	0
6508	0
6509	0
6510	0
6511	0
6512	0
6513	0
6514	0
6515	0
6516	0
6517	0
6518	0
6519	0
6520	0
6521	0
6522	0
6523	0
6524	0
6525	0
6526	0
6527	0
6528	0
6529	0
6530	0
6531	0
6532	0
6533	0
6534	0
6535	0
6536	0
6537	0
6538	0
6539	0
6540	0
6541	0
6542	0
6543	0
6544	0
6545	0
6546	0
6547	0
6548	0
6549	0
6550	0
6551	0
6552	0
6553	0
6554	0
6555	0
6556	0
6557	0
6558	0
6559	0
6560	0
6561	0
6562	0
6563	0
6564	0
6565	0
6566	0
6567	0
6568	0
6569	0
6570	0
6571	0
6572	0
6573	0
6574	0
6575	0
6576	0
6577	0
6578	0
6579	0
6580	0
6581	0
6582	0
6583	0
6584	0
6585	0
6586	0
6587	0
6588	0
6589	0
6590	0
6591	0
6592	0
6593	0
6594	0
6595	0
6596	0
6597	0
6598	0
6599	0
6600	0
6601	0
6602	0
6603	0
6604	0
6605	0
6606	0
6607	0
6608	0
6609	0
6610	0
6611	0
6612	0
6613	0
6614	0
6615	0
6616	0
6617	0
6618	0
6619	0
6620	0
6621	0
6622	0
6623	0
6624	0
6625	0
6626	0
6627	0
6628	0
6629	0
6630	0
6631	0
6632	0
6633	0
6634	0
6635	0
6636	0
6637	0
6638	0
6639	0
6640	0
6641	0
6642	0
6643	0
6644	0
6645	0
6646	0
6647	0
6648	0
6649	0
6650	0
6651	0
6652	0
6653	0
6654	0
6655	0
6656	0
6657	0
6658	0
6659	0
6660	0
6661	0
6662	0
6663	0
6664	0
6665	0
6666	0
6667	0
6668	0
6669	0
6670	0
6671	0
6672	0
6673	0
6674	0
6675	0
6676	0
6677	0
6678	0
6679	0
6680	0
6681	0
6682	0
6683	0
6684	0
6685	0
6686	0
6687	0
6688	0
6689	0
6690	0
6691	0
6692	0
6693	0
6694	0
6695	0
6696	0
6697	0
6698	0
6699	0
6700	0
6701	0
6702	0
6703	0
6704	0
6705	0
6706	0
6707	0
6708	0
6709	0
6710	0
6711	0
6712	0
6713	0
6714	0
6715	0
6716	0
6717	0
6718	0
6719	0
6720	0
6721	0
6722	0
6723	0
6724	0
6725	0
6726	0
6727	0
6728	0
6729	0
6730	0
6731	0
6732	0
6733	0
6734	0
6735	0
6736	0
6737	0
6738	0
6739	0
6740	0
6741	0
6742	0
6743	0
6744	0
6745	0
6746	0
6747	0
6748	0
6749	0
6750	0
6751	0
6752	0
6753	0
6754	0
6755	0
6756	0
6757	0
6758	0
6759	0
6760	0
6761	0
6762	0
6763	0
6764	0
6765	0
6766	0
6767	0
6768	0
6769	0
6770	0
6771	0
6772	0
6773	0
6774	0
6775	0
6776	0
6777	0
6778	0
6779	0
6780	0
6781	0
6782	0
6783	0
6784	0
6785	0
6786	0
6787	0
6788	0
6789	0
6790	0
6791	0
6792	0
6793	0
6794	0
6795	0
6796	0
6797	0
6798	0
6799	0
6800	0
6801	0
6802	0
6803	0
6804	0
6805	0
6806	0
6807	0
6808	0
6809	0
6810	0
6811	0
6812	0
6813	0
6814	0
6815	0
6816	0
6817	0
6818	0
6819	0
6820	0
6821	0
6822	0
6823	0
6824	0
6825	0
6826	0
6827	0
6828	0
6829	0
6830	0
6831	0
6832	0
6833	0
6834	0
6835	0
6836	0
6837	0
6838	0
6839	0
6840	0
6841	0
6842	0
6843	0
6844	0
6845	0
6846	0
6847	0
6848	0
6849	0
6850	0
6851	0
6852	0
6853	0
6854	0
6855	0
6856	0
6857	0
6858	0
6859	0
6860	0
6861	0
6862	0
6863	0
6864	0
6865	0
6866	0
6867	0
6868	0
6869	0
6870	0
6871	0
6872	0
6873	0
6874	0
6875	0
6876	0
6877	0
6878	0
6879	0
6880	0
6881	0
6882	0
6883	0
6884	0
6885	0
6886	0
6887	0
6888	0
6889	0
6890	0
6891	0
6892	0
6893	0
6894	0
6895	0
6896	0
6897	0
6898	0
6899	0
6900	0
6901	0
6902	0
6903	0
6904	0
6905	0
6906	0
6907	0
6908	0
6909	0
6910	0
6911	0
6912	0
6913	0
6914	0
6915	0
6916	0
6917	0
6918	0
6919	0
6920	0
6921	0
6922	0
6923	0
6924	0
6925	0
6926	0
6927	0
6928	0
6929	0
6930	0
6931	0
6932	0
6933	0
6934	0
6935	0
6936	0
6937	0
6938	0
6939	0
6940	0
6941	0
6942	0
6943	0
6944	0
6945	0
6946	0
6947	0
6948	0
6949	0
6950	0
6951	0
6952	0
6953	0
6954	0
6955	0
6956	0
6957	0
6958	0
6959	0
6960	0
6961	0
6962	0
6963	0
6964	0
6965	0
6966	0
6967	0
6968	0
6969	0
6970	0
6971	0
6972	0
6973	0
6974	0
6975	0
6976	0
6977	0
6978	0
6979	0
6980	0
6981	0
6982	0
6983	0
6984	0
6985	0
6986	0
6987	0
6988	0
6989	0
6990	0
6991	0
6992	0
6993	0
6994	0
6995	0
6996	0
6997	0
6998	0
6999	0
7000	0
7001	0
7002	0
7003	0
7004	0
7005	0
7006	0
7007	0
7008	0
7009	0
7010	0
7011	0
7012	0
7013	0
7014	0
7015	0
7016	0
7017	0
7018	0
7019	0
7020	0
7021	0
7022	0
7023	0
7024	0
7025	0
7026	0
7027	0
7028	0
7029	0
7030	0
7031	0
7032	0
7033	0
7034	0
7035	0
7036	0
7037	0
7038	0
7039	0
7040	0
7041	0
7042	0
7043	0
7044	0
7045	0
7046	0
7047	0
7048	0
7049	0
7050	0
7051	0
7052	0
7053	0
7054	0
7055	0
7056	0
7057	0
7058	0
7059	0
7060	0
7061	0
7062	0
7063	0
7064	0
7065	0
7066	0
7067	0
7068	0
7069	0
7070	0
7071	0
7072	0
7073	0
7074	0
7075	0
7076	0
7077	0
7078	0
7079	0
7080	0
7081	0
7082	0
7083	0
7084	0
7085	0
7086	0
7087	0
7088	0
7089	0
7090	0
7091	0
7092	0
7093	0
7094	0
7095	0
7096	0
7097	0
7098	0
7099	0
7100	0
7101	0
7102	0
7103	0
7104	0
7105	0
7106	0
7107	0
7108	0
7109	0
7110	0
7111	0
7112	0
7113	0
7114	0
7115	0
7116	0
7117	0
7118	0
7119	0
7120	0
7121	0
7122	0
7123	0
7124	0
7125	0
7126	0
7127	0
7128	0
7129	0
7130	0
7131	0
7132	0
7133	0
7134	0
7135	0
7136	0
7137	0
7138	0
7139	0
7140	0
7141	0
7142	0
7143	0
7144	0
7145	0
7146	0
7147	0
7148	0
7149	0
7150	0
7151	0
7152	0
7153	0
7154	0
7155	0
7156	0
7157	0
7158	0
7159	0
7160	0
7161	0
7162	0
7163	0
7164	0
7165	0
7166	0
7167	0
7168	0
7169	0
7170	0
7171	0
7172	0
7173	0
7174	0
7175	0
7176	0
7177	0
7178	0
7179	0
7180	0
7181	0
7182	0
7183	0
7184	0
7185	0
7186	0
7187	0
7188	0
7189	0
7190	0
7191	0
7192	0
7193	0
7194	0
7195	0
7196	0
7197	0
7198	0
7199	0
7200	0
7201	0
7202	0
7203	0
7204	0
7205	0
7206	0
7207	0
7208	0
7209	0
7210	0
7211	0
7212	0
7213	0
7214	0
7215	0
7216	0
7217	0
7218	0
7219	0
7220	0
7221	0
7222	0
7223	0
7224	0
7225	0
7226	0
7227	0
7228	0
7229	0
7230	0
7231	0
7232	0
7233	0
7234	0
7235	0
7236	0
7237	0
7238	0
7239	0
7240	0
7241	0
7242	0
7243	0
7244	0
7245	0
7246	0
7247	0
7248	0
7249	0
7250	0
7251	0
7252	0
7253	0
7254	0
7255	0
7256	0
7257	0
7258	0
7259	0
7260	0
7261	0
7262	0
7263	0
7264	0
7265	0
7266	0
7267	0
7268	0
7269	0
7270	0
7271	0
7272	0
7273	0
7274	0
7275	0
7276	0
7277	0
7278	0
7279	0
7280	0
7281	0
7282	0
7283	0
7284	0
7285	0
7286	0
7287	0
7288	0
7289	0
7290	0
7291	0
7292	0
7293	0
7294	0
7295	0
7296	0
7297	0
7298	0
7299	0
7300	0
7301	0
7302	0
7303	0
7304	0
7305	0
7306	0
7307	0
7308	0
7309	0
7310	0
7311	0
7312	0
7313	0
7314	0
7315	0
7316	0
7317	0
7318	0
7319	0
7320	0
7321	0
7322	0
7323	0
7324	0
7325	0
7326	0
7327	0
7328	0
7329	0
7330	0
7331	0
7332	0
7333	0
7334	0
7335	0
7336	0
7337	0
7338	0
7339	0
7340	0
7341	0
7342	0
7343	0
7344	0
7345	0
7346	0
7347	0
7348	0
7349	0
7350	0
7351	0
7352	0
7353	0
7354	0
7355	0
7356	0
7357	0
7358	0
7359	0
7360	0
7361	0
7362	0
7363	0
7364	0
7365	0
7366	0
7367	0
7368	0
7369	0
7370	0
7371	0
7372	0
7373	0
7374	0
7375	0
7376	0
7377	0
7378	0
7379	0
7380	0
7381	0
7382	0
7383	0
7384	0
7385	0
7386	0
7387	0
7388	0
7389	0
7390	0
7391	0
7392	0
7393	0
7394	0
7395	0
7396	0
7397	0
7398	0
7399	0
7400	0
7401	0
7402	0
7403	0
7404	0
7405	0
7406	0
7407	0
7408	0
7409	0
7410	0
7411	0
7412	0
7413	0
7414	0
7415	0
7416	0
7417	0
7418	0
7419	0
7420	0
7421	0
7422	0
7423	0
7424	0
7425	0
7426	0
7427	0
7428	0
7429	0
7430	0
7431	0
7432	0
7433	0
7434	0
7435	0
7436	0
7437	0
7438	0
7439	0
7440	0
7441	0
7442	0
7443	0
7444	0
7445	0
7446	0
7447	0
7448	0
7449	0
7450	0
7451	0
7452	0
7453	0
7454	0
7455	0
7456	0
7457	0
7458	0
7459	0
7460	0
7461	0
7462	0
7463	0
7464	0
7465	0
7466	0
7467	0
7468	0
7469	0
7470	0
7471	0
7472	0
7473	0
7474	0
7475	0
7476	0
7477	0
7478	0
7479	0
7480	0
7481	0
7482	0
7483	0
7484	0
7485	0
7486	0
7487	0
7488	0
7489	0
7490	0
7491	0
7492	0
7493	0
7494	0
7495	0
7496	0
7497	0
7498	0
7499	0
7500	0
7501	0
7502	0
7503	0
7504	0
7505	0
7506	0
7507	0
7508	0
7509	0
7510	0
7511	0
7512	0
7513	0
7514	0
7515	0
7516	0
7517	0
7518	0
7519	0
7520	0
7521	0
7522	0
7523	0
7524	0
7525	0
7526	0
7527	0
7528	0
7529	0
7530	0
7531	0
7532	0
7533	0
7534	0
7535	0
7536	0
7537	0
7538	0
7539	0
7540	0
7541	0
7542	0
7543	0
7544	0
7545	0
7546	0
7547	0
7548	0
7549	0
7550	0
7551	0
7552	0
7553	0
7554	0
7555	0
7556	0
7557	0
7558	0
7559	0
7560	0
7561	0
7562	0
7563	0
7564	0
7565	0
7566	0
7567	0
7568	0
7569	0
7570	0
7571	0
7572	0
7573	0
7574	0
7575	0
7576	0
7577	0
7578	0
7579	0
7580	0
7581	0
7582	0
7583	0
7584	0
7585	0
7586	0
7587	0
7588	0
7589	0
7590	0
7591	0
7592	0
7593	0
7594	0
7595	0
7596	0
7597	0
7598	0
7599	0
7600	0
7601	0
7602	0
7603	0
7604	0
7605	0
7606	0
7607	0
7608	0
7609	0
7610	0
7611	0
7612	0
7613	0
7614	0
7615	0
7616	0
7617	0
7618	0
7619	0
7620	0
7621	0
7622	0
7623	0
7624	0
7625	0
7626	0
7627	0
7628	0
7629	0
7630	0
7631	0
7632	0
7633	0
7634	0
7635	0
7636	0
7637	0
7638	0
7639	0
7640	0
7641	0
7642	0
7643	0
7644	0
7645	0
7646	0
7647	0
7648	0
7649	0
7650	0
7651	0
7652	0
7653	0
7654	0
7655	0
7656	0
7657	0
7658	0
7659	0
7660	0
7661	0
7662	0
7663	0
7664	0
7665	0
7666	0
7667	0
7668	0
7669	0
7670	0
7671	0
7672	0
7673	0
7674	0
7675	0
7676	0
7677	0
7678	0
7679	0
7680	0
7681	0
7682	0
7683	0
7684	0
7685	0
7686	0
7687	0
7688	0
7689	0
7690	0
7691	0
7692	0
7693	0
7694	0
7695	0
7696	0
7697	0
7698	0
7699	0
7700	0
7701	0
7702	0
7703	0
7704	0
7705	0
7706	0
7707	0
7708	0
7709	0
7710	0
7711	0
7712	0
7713	0
7714	0
7715	0
7716	0
7717	0
7718	0
7719	0
7720	0
7721	0
7722	0
7723	0
7724	0
7725	0
7726	0
7727	0
7728	0
7729	0
7730	0
7731	0
7732	0
7733	0
7734	0
7735	0
7736	0
7737	0
7738	0
7739	0
7740	0
7741	0
7742	0
7743	0
7744	0
7745	0
7746	0
7747	0
7748	0
7749	0
7750	0
7751	0
7752	0
7753	0
7754	0
7755	0
7756	0
7757	0
7758	0
7759	0
7760	0
7761	0
7762	0
7763	0
7764	0
7765	0
7766	0
7767	0
7768	0
7769	0
7770	0
7771	0
7772	0
7773	0
7774	0
7775	0
7776	0
7777	0
7778	0
7779	0
7780	0
7781	0
7782	0
7783	0
7784	0
7785	0
7786	0
7787	0
7788	0
7789	0
7790	0
7791	0
7792	0
7793	0
7794	0
7795	0
7796	0
7797	0
7798	0
7799	0
7800	0
7801	0
7802	0
7803	0
7804	0
7805	0
7806	0
7807	0
7808	0
7809	0
7810	0
7811	0
7812	0
7813	0
7814	0
7815	0
7816	0
7817	0
7818	0
7819	0
7820	0
7821	0
7822	0
7823	0
7824	0
7825	0
7826	0
7827	0
7828	0
7829	0
7830	0
7831	0
7832	0
7833	0
7834	0
7835	0
7836	0
7837	0
7838	0
7839	0
7840	0
7841	0
7842	0
7843	0
7844	0
7845	0
7846	0
7847	0
7848	0
7849	0
7850	0
7851	0
7852	0
7853	0
7854	0
7855	0
7856	0
7857	0
7858	0
7859	0
7860	0
7861	0
7862	0
7863	0
7864	0
7865	0
7866	0
7867	0
7868	0
7869	0
7870	0
7871	0
7872	0
7873	0
7874	0
7875	0
7876	0
7877	0
7878	0
7879	0
7880	0
7881	0
7882	0
7883	0
7884	0
7885	0
7886	0
7887	0
7888	0
7889	0
7890	0
7891	0
7892	0
7893	0
7894	0
7895	0
7896	0
7897	0
7898	0
7899	0
7900	0
7901	0
7902	0
7903	0
7904	0
7905	0
7906	0
7907	0
7908	0
7909	0
7910	0
7911	0
7912	0
7913	0
7914	0
7915	0
7916	0
7917	0
7918	0
7919	0
7920	0
7921	0
7922	0
7923	0
7924	0
7925	0
7926	0
7927	0
7928	0
7929	0
7930	0
7931	0
7932	0
7933	0
7934	0
7935	0
7936	0
7937	0
7938	0
7939	0
7940	0
7941	0
7942	0
7943	0
7944	0
7945	0
7946	0
7947	0
7948	0
7949	0
7950	0
7951	0
7952	0
7953	0
7954	0
7955	0
7956	0
7957	0
7958	0
7959	0
7960	0
7961	0
7962	0
7963	0
7964	0
7965	0
7966	0
7967	0
7968	0
7969	0
7970	0
7971	0
7972	0
7973	0
7974	0
7975	0
7976	0
7977	0
7978	0
7979	0
7980	0
7981	0
7982	0
7983	0
7984	0
7985	0
7986	0
7987	0
7988	0
7989	0
7990	0
7991	0
7992	0
7993	0
7994	0
7995	0
7996	0
7997	0
7998	0
7999	0
8000	0
8001	0
8002	0
8003	0
8004	0
8005	0
8006	0
8007	0
8008	0
8009	0
8010	0
8011	0
8012	0
8013	0
8014	0
8015	0
8016	0
8017	0
8018	0
8019	0
8020	0
8021	0
8022	0
8023	0
8024	0
8025	0
8026	0
8027	0
8028	0
8029	0
8030	0
8031	0
8032	0
8033	0
8034	0
8035	0
8036	0
8037	0
8038	0
8039	0
8040	0
8041	0
8042	0
8043	0
8044	0
8045	0
8046	0
8047	0
8048	0
8049	0
8050	0
8051	0
8052	0
8053	0
8054	0
8055	0
8056	0
8057	0
8058	0
8059	0
8060	0
8061	0
8062	0
8063	0
8064	0
8065	0
8066	0
8067	0
8068	0
8069	0
8070	0
8071	0
8072	0
8073	0
8074	0
8075	0
8076	0
8077	0
8078	0
8079	0
8080	0
8081	0
8082	0
8083	0
8084	0
8085	0
8086	0
8087	0
8088	0
8089	0
8090	0
8091	0
8092	0
8093	0
8094	0
8095	0
8096	0
8097	0
8098	0
8099	0
8100	0
8101	0
8102	0
8103	0
8104	0
8105	0
8106	0
8107	0
8108	0
8109	0
8110	0
8111	0
8112	0
8113	0
8114	0
8115	0
8116	0
8117	0
8118	0
8119	0
8120	0
8121	0
8122	0
8123	0
8124	0
8125	0
8126	0
8127	0
8128	0
8129	0
8130	0
8131	0
8132	0
8133	0
8134	0
8135	0
8136	0
8137	0
8138	0
8139	0
8140	0
8141	0
8142	0
8143	0
8144	0
8145	0
8146	0
8147	0
8148	0
8149	0
8150	0
8151	0
8152	0
8153	0
8154	0
8155	0
8156	0
8157	0
8158	0
8159	0
8160	0
8161	0
8162	0
8163	0
8164	0
8165	0
8166	0
8167	0
8168	0
8169	0
8170	0
8171	0
8172	0
8173	0
8174	0
8175	0
8176	0
8177	0
8178	0
8179	0
8180	0
8181	0
8182	0
8183	0
8184	0
8185	0
8186	0
8187	0
8188	0
8189	0
8190	0
8191	0
