0	0
1	0
2	0
3	0
4	0
5	0
6	0
7	0
8	0
9	0
10	0
11	0
12	0
13	0
14	0
15	0
16	0
17	0
18	0
19	0
20	0
21	0
22	0
23	0
24	0
25	0
26	0
27	0
28	0
29	0
30	0
31	0
32	0
33	0
34	0
35	0
36	0
37	0
38	0
39	0
40	0
41	0
42	0
43	0
44	0
45	0
46	0
47	0
48	0
49	0
50	0
51	0
52	0
53	0
54	0
55	0
56	0
57	0
58	0
59	0
60	0
61	0
62	0
63	0
64	0
65	0
66	0
67	0
68	0
69	0
70	0
71	0
72	0
73	0
74	0
75	0
76	0
77	0
78	0
79	0
80	0
81	0
82	0
83	0
84	0
85	0
86	0
87	0
88	0
89	0
90	0
91	0
92	0
93	0
94	0
95	0
96	0
97	0
98	0
99	0
100	0
101	0
102	0
103	0
104	0
105	0
106	0
107	0
108	0
109	0
110	0
111	0
112	0
113	0
114	0
115	0
116	0
117	0
118	0
119	0
120	0
121	0
122	0
123	0
124	0
125	0
126	0
127	0
128	0
129	0
130	0
131	0
132	0
133	0
134	0
135	0
136	0
137	0
138	0
139	0
140	0
141	0
142	0
143	0
144	0
145	0
146	0
147	0
148	0
149	0
150	0
151	0
152	0
153	0
154	0
155	0
156	0
157	0
158	0
159	0
160	0
161	0
162	0
163	0
164	0
165	0
166	0
167	0
168	0
169	0
170	0
171	0
172	0
173	0
174	0
175	0
176	0
177	0
178	0
179	0
180	0
181	0
182	0
183	0
184	0
185	0
186	0
187	0
188	0
189	0
190	0
191	0
192	0
193	0
194	0
195	0
196	0
197	0
198	0
199	0
200	0
201	0
202	0
203	0
204	0
205	0
206	0
207	0
208	0
209	0
210	0
211	0
212	0
213	0
214	0
215	0
216	0
217	0
218	0
219	0
220	0
221	0
222	0
223	0
224	0
225	0
226	0
227	0
228	0
229	0
230	0
231	0
232	0
233	0
234	0
235	0
236	0
237	0
238	0
239	0
240	0
241	0
242	0
243	0
244	0
245	0
246	0
247	0
248	0
249	0
250	0
251	0
252	0
253	0
254	0
255	0
256	0
257	0
258	0
259	0
260	0
261	0
262	0
263	0
264	0
265	0
266	0
267	0
268	0
269	0
270	0
271	0
272	0
273	0
274	0
275	0
276	0
277	0
278	0
279	0
280	0
281	0
282	0
283	0
284	0
285	0
286	0
287	0
288	0
289	0
290	0
291	0
292	0
293	0
294	0
295	0
296	0
297	0
298	0
299	0
300	0
301	0
302	0
303	0
304	0
305	0
306	0
307	0
308	0
309	0
310	0
311	0
312	0
313	0
314	0
315	0
316	0
317	0
318	0
319	0
320	0
321	0
322	0
323	0
324	0
325	0
326	0
327	0
328	0
329	0
330	0
331	0
332	0
333	0
334	0
335	0
336	0
337	0
338	0
339	0
340	0
341	0
342	0
343	0
344	0
345	0
346	0
347	0
348	0
349	0
350	0
351	0
352	0
353	0
354	0
355	0
356	0
357	0
358	0
359	0
360	0
361	0
362	0
363	0
364	0
365	0
366	0
367	0
368	0
369	0
370	0
371	0
372	0
373	0
374	0
375	0
376	0
377	0
378	0
379	0
380	0
381	0
382	0
383	0
384	0
385	0
386	0
387	0
388	0
389	0
390	0
391	0
392	0
393	0
394	0
395	0
396	0
397	0
398	0
399	0
400	0
401	0
402	0
403	0
404	0
405	0
406	0
407	0
408	0
409	0
410	0
411	0
412	0
413	0
414	0
415	0
416	0
417	0
418	0
419	0
420	0
421	0
422	0
423	0
424	0
425	0
426	0
427	0
428	0
429	0
430	0
431	0
432	0
433	0
434	0
435	0
436	0
437	0
438	0
439	0
440	0
441	0
442	0
443	0
444	0
445	0
446	0
447	0
448	0
449	0
450	0
451	0
452	0
453	0
454	0
455	0
456	0
457	0
458	0
459	0
460	0
461	0
462	0
463	0
464	0
465	0
466	0
467	0
468	0
469	0
470	0
471	0
472	0
473	0
474	0
475	0
476	0
477	0
478	0
479	0
480	0
481	0
482	0
483	0
484	0
485	0
486	0
487	0
488	0
489	0
490	0
491	0
492	0
493	0
494	0
495	0
496	0
497	0
498	0
499	0
500	0
501	0
502	0
503	0
504	0
505	0
506	0
507	0
508	0
509	0
510	0
511	0
512	0
513	0
514	0
515	0
516	0
517	0
518	0
519	0
520	0
521	0
522	0
523	0
524	0
525	0
526	0
527	0
528	0
529	0
530	0
531	0
532	0
533	0
534	0
535	0
536	0
537	0
538	0
539	0
540	0
541	0
542	1
543	7
544	19
545	32
546	31
547	35
548	39
549	33
550	32
551	21
552	16
553	34
554	23
555	18
556	15
557	20
558	21
559	13
560	14
561	21
562	27
563	23
564	14
565	14
566	16
567	18
568	24
569	18
570	21
571	16
572	20
573	14
574	20
575	15
576	19
577	7
578	12
579	9
580	9
581	8
582	16
583	10
584	10
585	11
586	2
587	9
588	9
589	15
590	5
591	8
592	9
593	15
594	19
595	11
596	9
597	6
598	5
599	8
600	11
601	10
602	8
603	5
604	6
605	4
606	5
607	5
608	9
609	8
610	3
611	11
612	3
613	5
614	8
615	16
616	7
617	7
618	3
619	3
620	3
621	6
622	4
623	3
624	5
625	7
626	4
627	2
628	3
629	3
630	3
631	2
632	4
633	3
634	5
635	3
636	8
637	4
638	6
639	1
640	4
641	1
642	4
643	4
644	4
645	2
646	3
647	6
648	3
649	4
650	4
651	1
652	4
653	5
654	5
655	2
656	2
657	6
658	4
659	4
660	6
661	3
662	2
663	4
664	1
665	4
666	3
667	4
668	5
669	3
670	2
671	3
672	3
673	1
674	4
675	0
676	3
677	1
678	1
679	2
680	4
681	3
682	1
683	4
684	5
685	3
686	3
687	2
688	1
689	1
690	2
691	1
692	3
693	2
694	3
695	0
696	3
697	2
698	3
699	7
700	1
701	3
702	6
703	1
704	5
705	2
706	5
707	1
708	5
709	0
710	2
711	1
712	2
713	2
714	1
715	2
716	5
717	3
718	3
719	1
720	5
721	1
722	5
723	2
724	5
725	1
726	3
727	3
728	1
729	2
730	4
731	2
732	2
733	2
734	2
735	2
736	1
737	2
738	4
739	1
740	2
741	2
742	4
743	0
744	6
745	4
746	0
747	6
748	2
749	1
750	5
751	5
752	1
753	2
754	2
755	3
756	3
757	5
758	1
759	4
760	5
761	2
762	5
763	3
764	2
765	3
766	4
767	1
768	6
769	4
770	2
771	3
772	4
773	0
774	7
775	3
776	1
777	1
778	5
779	2
780	3
781	3
782	2
783	4
784	1
785	5
786	7
787	4
788	2
789	1
790	4
791	2
792	5
793	4
794	2
795	4
796	3
797	1
798	0
799	2
800	1
801	4
802	5
803	1
804	0
805	4
806	1
807	5
808	0
809	7
810	2
811	2
812	4
813	2
814	4
815	5
816	2
817	6
818	5
819	6
820	2
821	1
822	2
823	2
824	5
825	1
826	3
827	3
828	4
829	0
830	1
831	2
832	1
833	2
834	3
835	5
836	2
837	2
838	2
839	3
840	1
841	4
842	4
843	1
844	0
845	5
846	2
847	0
848	1
849	3
850	3
851	5
852	2
853	4
854	3
855	7
856	4
857	2
858	5
859	2
860	0
861	1
862	1
863	4
864	4
865	4
866	3
867	4
868	3
869	3
870	2
871	2
872	2
873	4
874	3
875	2
876	0
877	4
878	5
879	2
880	1
881	0
882	3
883	6
884	2
885	4
886	4
887	3
888	0
889	2
890	4
891	2
892	7
893	4
894	3
895	4
896	2
897	3
898	3
899	3
900	4
901	5
902	2
903	3
904	4
905	2
906	1
907	1
908	1
909	5
910	1
911	2
912	3
913	0
914	0
915	5
916	2
917	4
918	2
919	4
920	1
921	3
922	4
923	2
924	2
925	4
926	4
927	2
928	2
929	5
930	2
931	1
932	5
933	3
934	6
935	2
936	5
937	2
938	2
939	3
940	3
941	3
942	1
943	2
944	3
945	3
946	0
947	0
948	2
949	2
950	2
951	3
952	1
953	4
954	3
955	3
956	3
957	5
958	5
959	3
960	3
961	1
962	3
963	1
964	4
965	3
966	5
967	3
968	2
969	3
970	2
971	1
972	5
973	3
974	1
975	5
976	1
977	2
978	2
979	1
980	5
981	3
982	3
983	8
984	2
985	2
986	5
987	1
988	1
989	4
990	3
991	4
992	2
993	1
994	3
995	2
996	5
997	6
998	1
999	4
1000	1
1001	2
1002	3
1003	2
1004	9
1005	4
1006	1
1007	4
1008	1
1009	3
1010	1
1011	3
1012	2
1013	2
1014	0
1015	3
1016	4
1017	3
1018	0
1019	3
1020	2
1021	6
1022	3
1023	2
1024	4
1025	4
1026	2
1027	2
1028	4
1029	1
1030	2
1031	5
1032	2
1033	2
1034	0
1035	2
1036	4
1037	5
1038	0
1039	0
1040	6
1041	1
1042	3
1043	2
1044	2
1045	4
1046	2
1047	4
1048	3
1049	1
1050	5
1051	3
1052	3
1053	3
1054	2
1055	5
1056	3
1057	3
1058	3
1059	1
1060	4
1061	1
1062	8
1063	2
1064	2
1065	4
1066	6
1067	3
1068	1
1069	7
1070	2
1071	4
1072	5
1073	1
1074	4
1075	1
1076	2
1077	5
1078	3
1079	6
1080	1
1081	1
1082	1
1083	2
1084	1
1085	5
1086	2
1087	1
1088	4
1089	3
1090	4
1091	2
1092	3
1093	4
1094	2
1095	0
1096	2
1097	1
1098	1
1099	8
1100	1
1101	3
1102	2
1103	1
1104	6
1105	6
1106	4
1107	5
1108	3
1109	6
1110	2
1111	1
1112	1
1113	1
1114	3
1115	3
1116	2
1117	3
1118	4
1119	3
1120	1
1121	2
1122	1
1123	5
1124	2
1125	0
1126	1
1127	2
1128	3
1129	2
1130	2
1131	4
1132	0
1133	5
1134	7
1135	2
1136	2
1137	1
1138	1
1139	2
1140	2
1141	4
1142	2
1143	5
1144	5
1145	4
1146	2
1147	2
1148	2
1149	3
1150	2
1151	2
1152	1
1153	3
1154	4
1155	2
1156	2
1157	2
1158	6
1159	5
1160	6
1161	3
1162	5
1163	2
1164	2
1165	2
1166	6
1167	1
1168	1
1169	2
1170	3
1171	6
1172	2
1173	4
1174	3
1175	7
1176	2
1177	1
1178	1
1179	3
1180	2
1181	2
1182	5
1183	3
1184	3
1185	2
1186	3
1187	6
1188	2
1189	3
1190	1
1191	3
1192	5
1193	2
1194	3
1195	8
1196	5
1197	4
1198	0
1199	2
1200	4
1201	2
1202	3
1203	2
1204	3
1205	1
1206	5
1207	5
1208	2
1209	3
1210	3
1211	4
1212	3
1213	2
1214	4
1215	4
1216	1
1217	2
1218	1
1219	4
1220	3
1221	5
1222	4
1223	2
1224	4
1225	3
1226	1
1227	3
1228	4
1229	3
1230	5
1231	2
1232	6
1233	2
1234	1
1235	1
1236	3
1237	3
1238	3
1239	4
1240	4
1241	4
1242	0
1243	4
1244	2
1245	1
1246	5
1247	6
1248	2
1249	0
1250	4
1251	4
1252	5
1253	6
1254	4
1255	1
1256	3
1257	2
1258	5
1259	3
1260	0
1261	5
1262	3
1263	3
1264	3
1265	2
1266	3
1267	4
1268	3
1269	2
1270	1
1271	2
1272	3
1273	2
1274	3
1275	4
1276	1
1277	6
1278	3
1279	4
1280	3
1281	3
1282	2
1283	4
1284	7
1285	9
1286	4
1287	3
1288	4
1289	10
1290	2
1291	4
1292	2
1293	7
1294	1
1295	4
1296	4
1297	0
1298	7
1299	4
1300	3
1301	2
1302	2
1303	1
1304	4
1305	2
1306	2
1307	2
1308	4
1309	3
1310	4
1311	2
1312	4
1313	4
1314	7
1315	1
1316	3
1317	3
1318	1
1319	1
1320	0
1321	2
1322	1
1323	4
1324	1
1325	1
1326	6
1327	4
1328	8
1329	3
1330	2
1331	4
1332	8
1333	3
1334	3
1335	6
1336	4
1337	6
1338	7
1339	4
1340	2
1341	5
1342	2
1343	4
1344	2
1345	9
1346	6
1347	6
1348	3
1349	8
1350	2
1351	5
1352	7
1353	5
1354	5
1355	6
1356	6
1357	3
1358	2
1359	2
1360	7
1361	6
1362	5
1363	5
1364	8
1365	3
1366	4
1367	3
1368	7
1369	1
1370	4
1371	0
1372	1
1373	4
1374	6
1375	4
1376	7
1377	5
1378	3
1379	5
1380	2
1381	4
1382	7
1383	6
1384	6
1385	2
1386	7
1387	3
1388	7
1389	3
1390	6
1391	8
1392	5
1393	10
1394	5
1395	5
1396	7
1397	2
1398	3
1399	7
1400	4
1401	13
1402	11
1403	6
1404	3
1405	5
1406	5
1407	6
1408	5
1409	4
1410	8
1411	6
1412	9
1413	5
1414	4
1415	8
1416	3
1417	8
1418	5
1419	7
1420	5
1421	2
1422	7
1423	6
1424	7
1425	5
1426	11
1427	9
1428	6
1429	4
1430	7
1431	6
1432	9
1433	11
1434	4
1435	6
1436	1
1437	7
1438	3
1439	5
1440	11
1441	6
1442	4
1443	6
1444	6
1445	12
1446	7
1447	6
1448	7
1449	4
1450	9
1451	9
1452	8
1453	10
1454	5
1455	7
1456	5
1457	7
1458	2
1459	5
1460	5
1461	11
1462	7
1463	5
1464	7
1465	11
1466	8
1467	3
1468	8
1469	7
1470	10
1471	6
1472	7
1473	2
1474	6
1475	6
1476	9
1477	13
1478	8
1479	11
1480	11
1481	10
1482	7
1483	8
1484	6
1485	4
1486	14
1487	11
1488	10
1489	11
1490	6
1491	7
1492	12
1493	12
1494	5
1495	8
1496	9
1497	10
1498	5
1499	14
1500	9
1501	11
1502	11
1503	9
1504	6
1505	12
1506	9
1507	7
1508	8
1509	11
1510	14
1511	11
1512	14
1513	8
1514	11
1515	11
1516	11
1517	11
1518	10
1519	10
1520	14
1521	5
1522	14
1523	9
1524	6
1525	9
1526	9
1527	13
1528	10
1529	20
1530	10
1531	17
1532	13
1533	19
1534	8
1535	15
1536	9
1537	16
1538	19
1539	14
1540	14
1541	13
1542	15
1543	19
1544	5
1545	13
1546	13
1547	13
1548	10
1549	11
1550	14
1551	15
1552	8
1553	6
1554	8
1555	16
1556	11
1557	14
1558	12
1559	7
1560	16
1561	10
1562	20
1563	10
1564	7
1565	10
1566	13
1567	8
1568	18
1569	12
1570	22
1571	23
1572	13
1573	11
1574	11
1575	8
1576	17
1577	12
1578	9
1579	6
1580	11
1581	12
1582	12
1583	16
1584	16
1585	9
1586	18
1587	10
1588	10
1589	14
1590	10
1591	13
1592	13
1593	18
1594	12
1595	14
1596	17
1597	13
1598	14
1599	13
1600	6
1601	10
1602	11
1603	8
1604	10
1605	9
1606	17
1607	13
1608	4
1609	10
1610	15
1611	9
1612	15
1613	12
1614	17
1615	10
1616	10
1617	9
1618	9
1619	16
1620	17
1621	18
1622	7
1623	8
1624	11
1625	13
1626	11
1627	9
1628	9
1629	10
1630	11
1631	6
1632	13
1633	12
1634	12
1635	18
1636	8
1637	10
1638	9
1639	12
1640	12
1641	13
1642	11
1643	7
1644	10
1645	9
1646	10
1647	11
1648	6
1649	6
1650	11
1651	12
1652	11
1653	9
1654	10
1655	5
1656	7
1657	15
1658	11
1659	7
1660	9
1661	7
1662	11
1663	13
1664	6
1665	5
1666	14
1667	9
1668	11
1669	6
1670	6
1671	9
1672	11
1673	9
1674	11
1675	8
1676	6
1677	11
1678	8
1679	5
1680	9
1681	4
1682	8
1683	1
1684	5
1685	4
1686	11
1687	4
1688	6
1689	5
1690	6
1691	6
1692	4
1693	4
1694	10
1695	8
1696	6
1697	8
1698	6
1699	9
1700	8
1701	4
1702	5
1703	7
1704	6
1705	6
1706	4
1707	11
1708	4
1709	4
1710	12
1711	13
1712	5
1713	6
1714	7
1715	12
1716	8
1717	4
1718	6
1719	3
1720	8
1721	5
1722	3
1723	4
1724	4
1725	10
1726	3
1727	7
1728	6
1729	4
1730	5
1731	11
1732	4
1733	3
1734	7
1735	6
1736	6
1737	3
1738	7
1739	4
1740	1
1741	6
1742	6
1743	2
1744	3
1745	2
1746	3
1747	3
1748	2
1749	6
1750	6
1751	8
1752	8
1753	4
1754	7
1755	6
1756	9
1757	3
1758	2
1759	1
1760	3
1761	2
1762	14
1763	4
1764	3
1765	7
1766	5
1767	4
1768	4
1769	2
1770	3
1771	5
1772	4
1773	7
1774	5
1775	4
1776	2
1777	5
1778	0
1779	7
1780	7
1781	1
1782	1
1783	6
1784	5
1785	4
1786	2
1787	5
1788	3
1789	3
1790	4
1791	4
1792	5
1793	2
1794	3
1795	3
1796	9
1797	5
1798	3
1799	3
1800	6
1801	5
1802	5
1803	5
1804	1
1805	5
1806	2
1807	4
1808	3
1809	5
1810	4
1811	5
1812	2
1813	0
1814	9
1815	3
1816	2
1817	8
1818	4
1819	4
1820	7
1821	1
1822	0
1823	3
1824	1
1825	5
1826	4
1827	4
1828	2
1829	8
1830	3
1831	4
1832	6
1833	4
1834	6
1835	2
1836	4
1837	3
1838	2
1839	3
1840	2
1841	2
1842	2
1843	5
1844	4
1845	4
1846	3
1847	3
1848	4
1849	5
1850	4
1851	3
1852	4
1853	1
1854	2
1855	4
1856	7
1857	2
1858	4
1859	4
1860	3
1861	7
1862	3
1863	4
1864	6
1865	4
1866	4
1867	4
1868	3
1869	6
1870	3
1871	2
1872	3
1873	5
1874	7
1875	6
1876	3
1877	8
1878	8
1879	3
1880	4
1881	5
1882	2
1883	6
1884	3
1885	6
1886	6
1887	3
1888	6
1889	3
1890	4
1891	3
1892	4
1893	2
1894	0
1895	6
1896	2
1897	7
1898	5
1899	2
1900	6
1901	5
1902	4
1903	6
1904	5
1905	6
1906	4
1907	2
1908	3
1909	4
1910	4
1911	4
1912	3
1913	5
1914	3
1915	2
1916	6
1917	5
1918	3
1919	2
1920	3
1921	9
1922	6
1923	4
1924	4
1925	0
1926	4
1927	4
1928	3
1929	6
1930	5
1931	1
1932	5
1933	3
1934	5
1935	3
1936	0
1937	5
1938	2
1939	3
1940	4
1941	2
1942	7
1943	5
1944	1
1945	2
1946	5
1947	4
1948	3
1949	1
1950	4
1951	1
1952	5
1953	7
1954	3
1955	1
1956	4
1957	6
1958	5
1959	4
1960	4
1961	5
1962	3
1963	4
1964	4
1965	2
1966	6
1967	3
1968	2
1969	7
1970	9
1971	4
1972	2
1973	4
1974	1
1975	4
1976	3
1977	3
1978	2
1979	6
1980	2
1981	2
1982	1
1983	0
1984	5
1985	4
1986	9
1987	5
1988	4
1989	7
1990	3
1991	5
1992	6
1993	3
1994	5
1995	4
1996	4
1997	6
1998	4
1999	8
2000	3
2001	7
2002	5
2003	4
2004	4
2005	4
2006	8
2007	4
2008	7
2009	1
2010	3
2011	6
2012	7
2013	2
2014	2
2015	2
2016	2
2017	3
2018	5
2019	6
2020	3
2021	5
2022	3
2023	4
2024	4
2025	5
2026	4
2027	4
2028	4
2029	3
2030	1
2031	2
2032	3
2033	2
2034	6
2035	4
2036	3
2037	5
2038	6
2039	4
2040	7
2041	7
2042	9
2043	5
2044	4
2045	8
2046	3
2047	3
2048	2
2049	6
2050	10
2051	6
2052	4
2053	3
2054	5
2055	8
2056	3
2057	3
2058	4
2059	4
2060	6
2061	7
2062	5
2063	6
2064	5
2065	4
2066	8
2067	4
2068	6
2069	3
2070	5
2071	4
2072	4
2073	3
2074	4
2075	4
2076	5
2077	4
2078	4
2079	6
2080	7
2081	8
2082	7
2083	5
2084	4
2085	7
2086	9
2087	7
2088	9
2089	3
2090	4
2091	4
2092	6
2093	6
2094	6
2095	7
2096	11
2097	7
2098	6
2099	5
2100	1
2101	8
2102	6
2103	4
2104	5
2105	3
2106	9
2107	9
2108	7
2109	5
2110	3
2111	7
2112	8
2113	3
2114	10
2115	4
2116	9
2117	9
2118	2
2119	11
2120	2
2121	8
2122	1
2123	6
2124	5
2125	4
2126	6
2127	10
2128	4
2129	9
2130	8
2131	7
2132	1
2133	4
2134	11
2135	7
2136	4
2137	6
2138	9
2139	10
2140	4
2141	7
2142	6
2143	4
2144	7
2145	3
2146	8
2147	7
2148	6
2149	5
2150	8
2151	8
2152	3
2153	2
2154	7
2155	9
2156	5
2157	5
2158	4
2159	6
2160	8
2161	4
2162	6
2163	9
2164	10
2165	11
2166	8
2167	3
2168	4
2169	3
2170	9
2171	12
2172	6
2173	5
2174	5
2175	7
2176	6
2177	5
2178	8
2179	4
2180	9
2181	9
2182	7
2183	8
2184	8
2185	5
2186	6
2187	13
2188	2
2189	3
2190	6
2191	3
2192	3
2193	4
2194	5
2195	8
2196	2
2197	4
2198	7
2199	6
2200	6
2201	3
2202	11
2203	5
2204	10
2205	7
2206	5
2207	6
2208	6
2209	8
2210	6
2211	6
2212	3
2213	3
2214	8
2215	7
2216	4
2217	6
2218	7
2219	3
2220	5
2221	5
2222	4
2223	7
2224	4
2225	8
2226	8
2227	7
2228	8
2229	11
2230	5
2231	9
2232	3
2233	7
2234	5
2235	4
2236	2
2237	7
2238	2
2239	4
2240	5
2241	8
2242	6
2243	5
2244	5
2245	5
2246	3
2247	3
2248	4
2249	7
2250	3
2251	4
2252	6
2253	4
2254	4
2255	8
2256	6
2257	5
2258	8
2259	3
2260	3
2261	4
2262	4
2263	6
2264	5
2265	6
2266	4
2267	4
2268	6
2269	5
2270	4
2271	6
2272	5
2273	5
2274	2
2275	6
2276	3
2277	1
2278	9
2279	5
2280	7
2281	9
2282	2
2283	7
2284	3
2285	8
2286	2
2287	4
2288	8
2289	4
2290	4
2291	6
2292	5
2293	6
2294	6
2295	5
2296	4
2297	4
2298	3
2299	3
2300	4
2301	2
2302	3
2303	5
2304	6
2305	6
2306	4
2307	4
2308	3
2309	1
2310	2
2311	8
2312	5
2313	7
2314	3
2315	6
2316	6
2317	2
2318	7
2319	10
2320	7
2321	4
2322	5
2323	10
2324	5
2325	4
2326	9
2327	5
2328	4
2329	4
2330	5
2331	7
2332	3
2333	5
2334	2
2335	3
2336	2
2337	2
2338	1
2339	5
2340	6
2341	2
2342	5
2343	1
2344	4
2345	2
2346	2
2347	6
2348	4
2349	5
2350	3
2351	2
2352	10
2353	3
2354	5
2355	2
2356	2
2357	6
2358	4
2359	4
2360	5
2361	6
2362	6
2363	1
2364	4
2365	3
2366	5
2367	3
2368	7
2369	4
2370	4
2371	2
2372	4
2373	8
2374	8
2375	7
2376	5
2377	4
2378	1
2379	7
2380	6
2381	3
2382	4
2383	4
2384	6
2385	3
2386	7
2387	3
2388	7
2389	6
2390	6
2391	2
2392	1
2393	7
2394	3
2395	4
2396	4
2397	5
2398	2
2399	5
2400	4
2401	5
2402	3
2403	8
2404	5
2405	8
2406	6
2407	6
2408	5
2409	2
2410	9
2411	2
2412	6
2413	8
2414	3
2415	2
2416	6
2417	5
2418	8
2419	6
2420	4
2421	4
2422	3
2423	2
2424	12
2425	3
2426	9
2427	9
2428	2
2429	2
2430	3
2431	5
2432	5
2433	6
2434	4
2435	4
2436	7
2437	2
2438	2
2439	7
2440	3
2441	8
2442	4
2443	4
2444	3
2445	5
2446	7
2447	6
2448	5
2449	3
2450	5
2451	3
2452	2
2453	4
2454	1
2455	9
2456	4
2457	4
2458	5
2459	1
2460	4
2461	2
2462	4
2463	2
2464	1
2465	8
2466	4
2467	2
2468	7
2469	4
2470	4
2471	2
2472	5
2473	4
2474	8
2475	9
2476	9
2477	7
2478	4
2479	5
2480	5
2481	7
2482	11
2483	4
2484	9
2485	7
2486	2
2487	6
2488	6
2489	7
2490	7
2491	4
2492	3
2493	4
2494	5
2495	9
2496	5
2497	3
2498	4
2499	2
2500	4
2501	5
2502	6
2503	5
2504	8
2505	3
2506	9
2507	5
2508	3
2509	5
2510	7
2511	4
2512	2
2513	6
2514	5
2515	4
2516	8
2517	5
2518	6
2519	8
2520	3
2521	3
2522	10
2523	8
2524	9
2525	5
2526	4
2527	5
2528	5
2529	4
2530	1
2531	6
2532	4
2533	9
2534	5
2535	6
2536	6
2537	5
2538	3
2539	2
2540	5
2541	5
2542	7
2543	11
2544	2
2545	10
2546	3
2547	4
2548	8
2549	5
2550	3
2551	7
2552	7
2553	6
2554	5
2555	13
2556	4
2557	4
2558	3
2559	5
2560	2
2561	2
2562	4
2563	4
2564	4
2565	4
2566	6
2567	2
2568	8
2569	2
2570	7
2571	3
2572	5
2573	7
2574	4
2575	4
2576	5
2577	7
2578	2
2579	6
2580	6
2581	6
2582	1
2583	6
2584	7
2585	2
2586	7
2587	10
2588	6
2589	8
2590	5
2591	4
2592	2
2593	8
2594	6
2595	4
2596	3
2597	5
2598	11
2599	5
2600	8
2601	1
2602	4
2603	3
2604	8
2605	7
2606	10
2607	5
2608	14
2609	12
2610	4
2611	11
2612	4
2613	7
2614	6
2615	4
2616	6
2617	8
2618	10
2619	10
2620	3
2621	9
2622	10
2623	10
2624	4
2625	9
2626	6
2627	9
2628	5
2629	9
2630	13
2631	11
2632	7
2633	6
2634	15
2635	9
2636	10
2637	6
2638	4
2639	12
2640	9
2641	7
2642	16
2643	8
2644	8
2645	5
2646	8
2647	9
2648	5
2649	10
2650	13
2651	7
2652	6
2653	6
2654	6
2655	7
2656	7
2657	8
2658	8
2659	10
2660	6
2661	8
2662	7
2663	8
2664	7
2665	14
2666	14
2667	8
2668	9
2669	13
2670	7
2671	13
2672	16
2673	8
2674	8
2675	17
2676	13
2677	14
2678	8
2679	11
2680	13
2681	16
2682	10
2683	10
2684	9
2685	8
2686	7
2687	12
2688	11
2689	12
2690	9
2691	12
2692	5
2693	9
2694	7
2695	11
2696	9
2697	7
2698	8
2699	9
2700	14
2701	15
2702	14
2703	9
2704	6
2705	11
2706	13
2707	15
2708	11
2709	7
2710	6
2711	12
2712	11
2713	12
2714	3
2715	13
2716	9
2717	14
2718	18
2719	18
2720	16
2721	10
2722	17
2723	13
2724	14
2725	17
2726	8
2727	10
2728	10
2729	17
2730	13
2731	13
2732	14
2733	12
2734	10
2735	17
2736	12
2737	15
2738	11
2739	10
2740	18
2741	17
2742	9
2743	16
2744	15
2745	15
2746	11
2747	12
2748	14
2749	13
2750	16
2751	27
2752	22
2753	26
2754	18
2755	12
2756	12
2757	19
2758	12
2759	18
2760	10
2761	24
2762	20
2763	23
2764	15
2765	14
2766	22
2767	23
2768	17
2769	26
2770	20
2771	21
2772	27
2773	21
2774	19
2775	23
2776	16
2777	21
2778	25
2779	20
2780	26
2781	22
2782	17
2783	24
2784	17
2785	26
2786	19
2787	22
2788	25
2789	14
2790	21
2791	29
2792	29
2793	34
2794	30
2795	29
2796	36
2797	24
2798	38
2799	29
2800	33
2801	29
2802	40
2803	34
2804	33
2805	35
2806	29
2807	38
2808	38
2809	22
2810	32
2811	38
2812	50
2813	39
2814	30
2815	31
2816	48
2817	38
2818	44
2819	32
2820	60
2821	36
2822	43
2823	61
2824	47
2825	47
2826	55
2827	59
2828	52
2829	58
2830	59
2831	53
2832	53
2833	69
2834	64
2835	62
2836	58
2837	71
2838	64
2839	75
2840	63
2841	60
2842	65
2843	67
2844	81
2845	60
2846	65
2847	71
2848	85
2849	80
2850	75
2851	84
2852	83
2853	86
2854	90
2855	91
2856	98
2857	83
2858	105
2859	116
2860	101
2861	103
2862	116
2863	113
2864	106
2865	114
2866	125
2867	102
2868	105
2869	113
2870	127
2871	130
2872	121
2873	139
2874	127
2875	125
2876	149
2877	139
2878	143
2879	166
2880	145
2881	151
2882	164
2883	167
2884	159
2885	154
2886	169
2887	146
2888	184
2889	160
2890	185
2891	188
2892	179
2893	181
2894	195
2895	194
2896	232
2897	186
2898	201
2899	193
2900	219
2901	208
2902	224
2903	221
2904	241
2905	258
2906	243
2907	240
2908	259
2909	266
2910	280
2911	285
2912	287
2913	256
2914	264
2915	282
2916	268
2917	289
2918	282
2919	325
2920	335
2921	300
2922	280
2923	329
2924	333
2925	312
2926	348
2927	368
2928	309
2929	369
2930	358
2931	343
2932	371
2933	367
2934	345
2935	379
2936	387
2937	385
2938	380
2939	360
2940	386
2941	389
2942	443
2943	427
2944	407
2945	416
2946	444
2947	452
2948	435
2949	456
2950	495
2951	442
2952	430
2953	483
2954	468
2955	473
2956	473
2957	486
2958	430
2959	458
2960	526
2961	500
2962	520
2963	522
2964	532
2965	479
2966	541
2967	541
2968	550
2969	543
2970	512
2971	532
2972	559
2973	523
2974	560
2975	587
2976	549
2977	571
2978	562
2979	533
2980	572
2981	564
2982	562
2983	590
2984	615
2985	599
2986	561
2987	597
2988	588
2989	603
2990	579
2991	565
2992	569
2993	609
2994	572
2995	558
2996	567
2997	620
2998	597
2999	625
3000	569
3001	637
3002	582
3003	624
3004	622
3005	609
3006	638
3007	615
3008	601
3009	613
3010	613
3011	642
3012	600
3013	608
3014	585
3015	623
3016	571
3017	660
3018	648
3019	623
3020	606
3021	648
3022	589
3023	647
3024	606
3025	640
3026	647
3027	617
3028	566
3029	640
3030	661
3031	558
3032	623
3033	583
3034	625
3035	589
3036	556
3037	601
3038	624
3039	578
3040	607
3041	558
3042	588
3043	619
3044	542
3045	571
3046	550
3047	558
3048	544
3049	485
3050	525
3051	561
3052	534
3053	517
3054	552
3055	513
3056	512
3057	540
3058	472
3059	555
3060	542
3061	497
3062	462
3063	510
3064	462
3065	502
3066	501
3067	477
3068	511
3069	488
3070	455
3071	479
3072	450
3073	427
3074	453
3075	460
3076	438
3077	465
3078	457
3079	443
3080	440
3081	411
3082	448
3083	380
3084	387
3085	387
3086	400
3087	396
3088	405
3089	413
3090	371
3091	344
3092	391
3093	345
3094	324
3095	357
3096	371
3097	363
3098	335
3099	365
3100	343
3101	303
3102	344
3103	314
3104	306
3105	306
3106	308
3107	308
3108	269
3109	295
3110	273
3111	282
3112	246
3113	294
3114	273
3115	258
3116	205
3117	238
3118	239
3119	274
3120	212
3121	232
3122	223
3123	233
3124	258
3125	215
3126	219
3127	214
3128	196
3129	183
3130	206
3131	208
3132	203
3133	214
3134	180
3135	216
3136	190
3137	208
3138	186
3139	193
3140	182
3141	168
3142	185
3143	175
3144	178
3145	165
3146	157
3147	161
3148	177
3149	147
3150	148
3151	140
3152	142
3153	144
3154	163
3155	144
3156	148
3157	155
3158	140
3159	132
3160	126
3161	130
3162	115
3163	124
3164	144
3165	126
3166	134
3167	129
3168	127
3169	138
3170	122
3171	136
3172	147
3173	135
3174	121
3175	102
3176	107
3177	142
3178	112
3179	109
3180	124
3181	131
3182	104
3183	107
3184	132
3185	131
3186	102
3187	126
3188	108
3189	111
3190	124
3191	138
3192	138
3193	145
3194	117
3195	140
3196	133
3197	126
3198	143
3199	130
3200	113
3201	127
3202	115
3203	110
3204	119
3205	129
3206	122
3207	141
3208	151
3209	122
3210	136
3211	136
3212	148
3213	140
3214	144
3215	135
3216	158
3217	141
3218	121
3219	150
3220	166
3221	154
3222	146
3223	159
3224	146
3225	141
3226	161
3227	163
3228	163
3229	165
3230	169
3231	148
3232	190
3233	159
3234	181
3235	192
3236	164
3237	180
3238	183
3239	185
3240	170
3241	176
3242	186
3243	184
3244	221
3245	185
3246	187
3247	185
3248	204
3249	198
3250	207
3251	207
3252	230
3253	207
3254	207
3255	226
3256	199
3257	229
3258	205
3259	202
3260	216
3261	206
3262	216
3263	218
3264	217
3265	208
3266	238
3267	207
3268	209
3269	206
3270	223
3271	236
3272	219
3273	238
3274	221
3275	220
3276	223
3277	237
3278	246
3279	247
3280	237
3281	222
3282	218
3283	221
3284	259
3285	235
3286	205
3287	244
3288	240
3289	206
3290	220
3291	249
3292	233
3293	231
3294	275
3295	246
3296	246
3297	229
3298	265
3299	256
3300	228
3301	219
3302	245
3303	240
3304	240
3305	243
3306	233
3307	231
3308	223
3309	258
3310	230
3311	259
3312	216
3313	245
3314	228
3315	239
3316	246
3317	227
3318	212
3319	268
3320	223
3321	225
3322	221
3323	223
3324	219
3325	227
3326	217
3327	219
3328	210
3329	247
3330	188
3331	244
3332	213
3333	240
3334	221
3335	213
3336	222
3337	201
3338	212
3339	227
3340	204
3341	216
3342	210
3343	216
3344	209
3345	207
3346	203
3347	207
3348	226
3349	187
3350	182
3351	181
3352	178
3353	196
3354	176
3355	182
3356	195
3357	190
3358	186
3359	196
3360	175
3361	167
3362	173
3363	167
3364	206
3365	178
3366	167
3367	159
3368	153
3369	182
3370	161
3371	185
3372	154
3373	156
3374	157
3375	145
3376	142
3377	168
3378	145
3379	126
3380	139
3381	123
3382	111
3383	149
3384	145
3385	149
3386	126
3387	136
3388	133
3389	133
3390	136
3391	114
3392	107
3393	124
3394	115
3395	126
3396	120
3397	106
3398	114
3399	101
3400	87
3401	105
3402	100
3403	105
3404	103
3405	109
3406	100
3407	86
3408	107
3409	84
3410	85
3411	92
3412	101
3413	100
3414	82
3415	77
3416	80
3417	94
3418	78
3419	69
3420	75
3421	68
3422	74
3423	63
3424	56
3425	71
3426	60
3427	57
3428	51
3429	63
3430	58
3431	55
3432	55
3433	60
3434	55
3435	47
3436	63
3437	52
3438	48
3439	37
3440	45
3441	44
3442	44
3443	49
3444	45
3445	35
3446	41
3447	51
3448	30
3449	40
3450	33
3451	41
3452	30
3453	36
3454	29
3455	34
3456	23
3457	38
3458	24
3459	31
3460	41
3461	26
3462	30
3463	29
3464	21
3465	29
3466	15
3467	30
3468	32
3469	19
3470	21
3471	28
3472	20
3473	16
3474	17
3475	23
3476	15
3477	25
3478	12
3479	21
3480	19
3481	11
3482	12
3483	18
3484	11
3485	16
3486	18
3487	17
3488	11
3489	10
3490	9
3491	11
3492	8
3493	13
3494	5
3495	11
3496	13
3497	7
3498	6
3499	14
3500	5
3501	4
3502	9
3503	4
3504	10
3505	10
3506	7
3507	6
3508	5
3509	3
3510	9
3511	7
3512	8
3513	5
3514	6
3515	2
3516	3
3517	5
3518	5
3519	3
3520	5
3521	4
3522	6
3523	3
3524	4
3525	4
3526	4
3527	5
3528	2
3529	1
3530	1
3531	4
3532	5
3533	3
3534	3
3535	2
3536	0
3537	3
3538	4
3539	1
3540	5
3541	2
3542	0
3543	3
3544	0
3545	4
3546	3
3547	3
3548	2
3549	0
3550	3
3551	1
3552	2
3553	3
3554	0
3555	0
3556	0
3557	3
3558	2
3559	1
3560	3
3561	1
3562	1
3563	0
3564	1
3565	0
3566	2
3567	2
3568	1
3569	1
3570	3
3571	0
3572	0
3573	0
3574	0
3575	1
3576	0
3577	1
3578	2
3579	1
3580	0
3581	0
3582	4
3583	0
3584	2
3585	3
3586	3
3587	2
3588	2
3589	2
3590	1
3591	4
3592	3
3593	1
3594	3
3595	4
3596	1
3597	2
3598	4
3599	1
3600	1
3601	3
3602	2
3603	1
3604	3
3605	2
3606	1
3607	2
3608	2
3609	2
3610	1
3611	2
3612	4
3613	1
3614	2
3615	3
3616	1
3617	2
3618	1
3619	3
3620	6
3621	1
3622	2
3623	1
3624	2
3625	1
3626	1
3627	5
3628	3
3629	3
3630	0
3631	1
3632	2
3633	2
3634	3
3635	1
3636	4
3637	1
3638	3
3639	0
3640	2
3641	4
3642	2
3643	2
3644	4
3645	2
3646	1
3647	2
3648	0
3649	2
3650	5
3651	1
3652	0
3653	3
3654	1
3655	1
3656	4
3657	2
3658	2
3659	2
3660	2
3661	3
3662	0
3663	5
3664	1
3665	2
3666	3
3667	1
3668	2
3669	2
3670	2
3671	6
3672	2
3673	1
3674	3
3675	2
3676	1
3677	2
3678	2
3679	2
3680	2
3681	3
3682	3
3683	2
3684	4
3685	2
3686	2
3687	1
3688	3
3689	2
3690	1
3691	3
3692	2
3693	4
3694	3
3695	1
3696	4
3697	1
3698	1
3699	3
3700	2
3701	2
3702	3
3703	3
3704	3
3705	2
3706	2
3707	4
3708	2
3709	4
3710	1
3711	1
3712	3
3713	3
3714	1
3715	3
3716	2
3717	4
3718	2
3719	1
3720	4
3721	2
3722	1
3723	1
3724	2
3725	6
3726	1
3727	2
3728	3
3729	3
3730	3
3731	5
3732	4
3733	4
3734	4
3735	2
3736	4
3737	3
3738	4
3739	2
3740	4
3741	2
3742	3
3743	5
3744	0
3745	3
3746	5
3747	2
3748	2
3749	2
3750	3
3751	2
3752	5
3753	2
3754	3
3755	3
3756	2
3757	5
3758	4
3759	1
3760	4
3761	3
3762	4
3763	1
3764	3
3765	4
3766	4
3767	1
3768	4
3769	3
3770	4
3771	1
3772	5
3773	0
3774	4
3775	4
3776	5
3777	2
3778	3
3779	4
3780	3
3781	4
3782	5
3783	4
3784	3
3785	2
3786	4
3787	1
3788	1
3789	5
3790	1
3791	5
3792	6
3793	5
3794	2
3795	3
3796	3
3797	2
3798	4
3799	2
3800	3
3801	3
3802	2
3803	5
3804	4
3805	7
3806	1
3807	2
3808	6
3809	2
3810	1
3811	2
3812	5
3813	1
3814	5
3815	6
3816	5
3817	3
3818	2
3819	2
3820	4
3821	3
3822	4
3823	4
3824	4
3825	1
3826	7
3827	2
3828	4
3829	3
3830	3
3831	3
3832	10
3833	3
3834	3
3835	4
3836	2
3837	4
3838	5
3839	6
3840	4
3841	4
3842	5
3843	2
3844	2
3845	2
3846	2
3847	6
3848	7
3849	4
3850	5
3851	9
3852	3
3853	5
3854	10
3855	5
3856	7
3857	2
3858	3
3859	3
3860	4
3861	5
3862	4
3863	1
3864	4
3865	3
3866	2
3867	1
3868	2
3869	3
3870	2
3871	2
3872	1
3873	1
3874	2
3875	0
3876	3
3877	2
3878	0
3879	1
3880	1
3881	2
3882	2
3883	2
3884	0
3885	0
3886	1
3887	0
3888	2
3889	1
3890	1
3891	2
3892	0
3893	1
3894	0
3895	0
3896	0
3897	0
3898	0
3899	1
3900	2
3901	0
3902	2
3903	0
3904	0
3905	1
3906	0
3907	0
3908	1
3909	0
3910	1
3911	0
3912	1
3913	0
3914	0
3915	0
3916	1
3917	0
3918	0
3919	0
3920	2
3921	1
3922	0
3923	0
3924	1
3925	2
3926	0
3927	1
3928	2
3929	0
3930	0
3931	0
3932	0
3933	0
3934	0
3935	0
3936	1
3937	1
3938	0
3939	1
3940	1
3941	1
3942	3
3943	1
3944	1
3945	0
3946	1
3947	1
3948	1
3949	1
3950	3
3951	0
3952	1
3953	1
3954	0
3955	0
3956	1
3957	2
3958	1
3959	3
3960	1
3961	2
3962	0
3963	1
3964	1
3965	1
3966	1
3967	2
3968	0
3969	4
3970	3
3971	4
3972	3
3973	0
3974	1
3975	3
3976	2
3977	2
3978	1
3979	0
3980	2
3981	1
3982	3
3983	1
3984	4
3985	3
3986	5
3987	4
3988	1
3989	4
3990	1
3991	0
3992	2
3993	2
3994	2
3995	0
3996	4
3997	1
3998	3
3999	1
4000	2
4001	2
4002	6
4003	4
4004	3
4005	0
4006	4
4007	5
4008	3
4009	2
4010	3
4011	0
4012	1
4013	1
4014	3
4015	1
4016	4
4017	3
4018	1
4019	4
4020	1
4021	2
4022	2
4023	2
4024	3
4025	5
4026	4
4027	2
4028	4
4029	1
4030	4
4031	7
4032	1
4033	5
4034	4
4035	1
4036	6
4037	4
4038	6
4039	0
4040	6
4041	3
4042	0
4043	6
4044	1
4045	3
4046	3
4047	2
4048	6
4049	6
4050	2
4051	4
4052	4
4053	7
4054	8
4055	4
4056	3
4057	2
4058	2
4059	8
4060	4
4061	1
4062	5
4063	11
4064	0
4065	4
4066	4
4067	4
4068	9
4069	5
4070	6
4071	12
4072	6
4073	6
4074	5
4075	4
4076	5
4077	7
4078	7
4079	4
4080	4
4081	10
4082	11
4083	6
4084	7
4085	9
4086	4
4087	7
4088	8
4089	6
4090	4
4091	4
4092	6
4093	5
4094	6
4095	3
4096	5
4097	3
4098	6
4099	3
4100	5
4101	6
4102	4
4103	1
4104	3
4105	6
4106	5
4107	7
4108	3
4109	6
4110	3
4111	3
4112	4
4113	4
4114	1
4115	2
4116	1
4117	3
4118	3
4119	3
4120	5
4121	2
4122	3
4123	4
4124	2
4125	5
4126	2
4127	3
4128	7
4129	4
4130	2
4131	4
4132	0
4133	1
4134	3
4135	1
4136	4
4137	2
4138	1
4139	2
4140	2
4141	5
4142	5
4143	3
4144	4
4145	4
4146	2
4147	2
4148	1
4149	1
4150	4
4151	4
4152	2
4153	1
4154	2
4155	2
4156	2
4157	1
4158	6
4159	1
4160	3
4161	2
4162	1
4163	4
4164	1
4165	1
4166	2
4167	0
4168	2
4169	2
4170	0
4171	0
4172	3
4173	2
4174	4
4175	1
4176	2
4177	3
4178	3
4179	4
4180	0
4181	0
4182	2
4183	2
4184	3
4185	2
4186	1
4187	3
4188	1
4189	0
4190	2
4191	0
4192	0
4193	1
4194	1
4195	2
4196	1
4197	1
4198	1
4199	3
4200	2
4201	0
4202	1
4203	1
4204	3
4205	3
4206	2
4207	0
4208	3
4209	4
4210	1
4211	2
4212	0
4213	0
4214	0
4215	3
4216	0
4217	3
4218	0
4219	1
4220	1
4221	0
4222	0
4223	0
4224	0
4225	0
4226	0
4227	1
4228	0
4229	1
4230	0
4231	1
4232	0
4233	1
4234	0
4235	0
4236	1
4237	0
4238	1
4239	1
4240	1
4241	0
4242	0
4243	0
4244	0
4245	0
4246	2
4247	2
4248	1
4249	0
4250	0
4251	0
4252	0
4253	0
4254	0
4255	1
4256	0
4257	0
4258	0
4259	0
4260	0
4261	0
4262	0
4263	1
4264	2
4265	0
4266	0
4267	0
4268	1
4269	0
4270	0
4271	1
4272	0
4273	1
4274	0
4275	0
4276	0
4277	2
4278	0
4279	0
4280	1
4281	0
4282	0
4283	0
4284	1
4285	1
4286	0
4287	1
4288	0
4289	1
4290	0
4291	0
4292	0
4293	0
4294	1
4295	0
4296	0
4297	0
4298	1
4299	1
4300	0
4301	0
4302	0
4303	1
4304	1
4305	1
4306	0
4307	0
4308	0
4309	0
4310	0
4311	0
4312	1
4313	0
4314	2
4315	0
4316	0
4317	0
4318	0
4319	0
4320	1
4321	0
4322	0
4323	1
4324	0
4325	0
4326	0
4327	0
4328	0
4329	0
4330	1
4331	1
4332	0
4333	2
4334	0
4335	1
4336	0
4337	0
4338	0
4339	0
4340	0
4341	0
4342	0
4343	1
4344	0
4345	1
4346	0
4347	1
4348	1
4349	0
4350	0
4351	0
4352	0
4353	1
4354	0
4355	0
4356	0
4357	0
4358	0
4359	1
4360	1
4361	0
4362	0
4363	1
4364	0
4365	0
4366	0
4367	0
4368	0
4369	0
4370	1
4371	0
4372	0
4373	1
4374	0
4375	0
4376	1
4377	0
4378	1
4379	0
4380	0
4381	0
4382	1
4383	1
4384	0
4385	1
4386	0
4387	0
4388	0
4389	0
4390	2
4391	1
4392	0
4393	0
4394	0
4395	0
4396	2
4397	0
4398	0
4399	0
4400	0
4401	0
4402	0
4403	1
4404	0
4405	1
4406	0
4407	0
4408	1
4409	1
4410	1
4411	0
4412	0
4413	1
4414	1
4415	0
4416	0
4417	0
4418	1
4419	1
4420	0
4421	0
4422	1
4423	1
4424	2
4425	0
4426	0
4427	1
4428	1
4429	0
4430	1
4431	1
4432	0
4433	0
4434	0
4435	1
4436	0
4437	0
4438	0
4439	4
4440	0
4441	0
4442	1
4443	2
4444	2
4445	0
4446	1
4447	1
4448	0
4449	0
4450	1
4451	0
4452	0
4453	0
4454	0
4455	0
4456	1
4457	1
4458	2
4459	1
4460	0
4461	0
4462	0
4463	1
4464	0
4465	1
4466	0
4467	0
4468	0
4469	0
4470	0
4471	0
4472	0
4473	0
4474	0
4475	1
4476	0
4477	0
4478	1
4479	0
4480	0
4481	0
4482	1
4483	1
4484	2
4485	0
4486	2
4487	1
4488	2
4489	1
4490	1
4491	1
4492	1
4493	0
4494	0
4495	0
4496	1
4497	1
4498	1
4499	1
4500	0
4501	1
4502	0
4503	1
4504	1
4505	2
4506	1
4507	1
4508	0
4509	0
4510	0
4511	0
4512	1
4513	0
4514	0
4515	1
4516	1
4517	1
4518	1
4519	1
4520	0
4521	1
4522	1
4523	1
4524	0
4525	0
4526	1
4527	1
4528	1
4529	1
4530	1
4531	0
4532	0
4533	0
4534	0
4535	1
4536	3
4537	0
4538	1
4539	2
4540	1
4541	1
4542	0
4543	1
4544	0
4545	0
4546	1
4547	2
4548	1
4549	2
4550	0
4551	1
4552	0
4553	0
4554	2
4555	0
4556	0
4557	2
4558	2
4559	1
4560	0
4561	1
4562	2
4563	1
4564	0
4565	0
4566	0
4567	1
4568	1
4569	0
4570	1
4571	0
4572	0
4573	0
4574	1
4575	0
4576	0
4577	0
4578	2
4579	1
4580	1
4581	1
4582	1
4583	0
4584	1
4585	1
4586	1
4587	0
4588	1
4589	1
4590	0
4591	0
4592	0
4593	0
4594	1
4595	1
4596	0
4597	0
4598	0
4599	2
4600	0
4601	1
4602	0
4603	0
4604	2
4605	1
4606	0
4607	0
4608	0
4609	1
4610	0
4611	1
4612	0
4613	0
4614	0
4615	1
4616	0
4617	1
4618	0
4619	1
4620	0
4621	0
4622	1
4623	0
4624	1
4625	0
4626	0
4627	2
4628	0
4629	0
4630	2
4631	1
4632	1
4633	0
4634	0
4635	0
4636	0
4637	0
4638	0
4639	0
4640	0
4641	1
4642	1
4643	0
4644	0
4645	0
4646	0
4647	0
4648	0
4649	0
4650	0
4651	2
4652	1
4653	0
4654	1
4655	0
4656	0
4657	0
4658	1
4659	0
4660	0
4661	0
4662	1
4663	1
4664	0
4665	0
4666	2
4667	0
4668	0
4669	0
4670	0
4671	1
4672	0
4673	1
4674	0
4675	1
4676	0
4677	0
4678	0
4679	0
4680	0
4681	0
4682	0
4683	0
4684	0
4685	1
4686	0
4687	0
4688	0
4689	0
4690	0
4691	0
4692	0
4693	1
4694	0
4695	0
4696	0
4697	0
4698	0
4699	0
4700	0
4701	0
4702	0
4703	0
4704	0
4705	0
4706	1
4707	0
4708	0
4709	0
4710	0
4711	0
4712	0
4713	0
4714	0
4715	0
4716	2
4717	0
4718	0
4719	0
4720	0
4721	2
4722	0
4723	0
4724	0
4725	0
4726	1
4727	0
4728	0
4729	0
4730	0
4731	0
4732	0
4733	0
4734	0
4735	0
4736	0
4737	0
4738	2
4739	0
4740	0
4741	0
4742	1
4743	0
4744	0
4745	1
4746	1
4747	0
4748	1
4749	0
4750	0
4751	0
4752	0
4753	0
4754	0
4755	0
4756	0
4757	1
4758	0
4759	0
4760	0
4761	0
4762	0
4763	0
4764	1
4765	0
4766	0
4767	1
4768	0
4769	0
4770	0
4771	0
4772	0
4773	0
4774	1
4775	0
4776	0
4777	0
4778	1
4779	0
4780	1
4781	0
4782	0
4783	0
4784	0
4785	0
4786	0
4787	0
4788	0
4789	1
4790	0
4791	0
4792	0
4793	0
4794	0
4795	0
4796	0
4797	1
4798	1
4799	0
4800	0
4801	0
4802	0
4803	0
4804	0
4805	0
4806	0
4807	0
4808	0
4809	0
4810	0
4811	1
4812	1
4813	0
4814	0
4815	1
4816	0
4817	0
4818	0
4819	0
4820	2
4821	0
4822	0
4823	0
4824	0
4825	0
4826	0
4827	0
4828	0
4829	0
4830	0
4831	1
4832	0
4833	0
4834	0
4835	0
4836	0
4837	1
4838	0
4839	0
4840	0
4841	0
4842	1
4843	1
4844	0
4845	0
4846	0
4847	0
4848	0
4849	0
4850	1
4851	0
4852	0
4853	0
4854	1
4855	0
4856	0
4857	0
4858	0
4859	0
4860	0
4861	0
4862	0
4863	0
4864	0
4865	1
4866	0
4867	0
4868	0
4869	0
4870	0
4871	1
4872	0
4873	0
4874	0
4875	0
4876	1
4877	0
4878	0
4879	0
4880	0
4881	0
4882	0
4883	0
4884	0
4885	1
4886	1
4887	1
4888	0
4889	0
4890	0
4891	0
4892	0
4893	0
4894	0
4895	0
4896	1
4897	0
4898	0
4899	0
4900	0
4901	0
4902	0
4903	0
4904	1
4905	0
4906	2
4907	0
4908	0
4909	0
4910	0
4911	0
4912	0
4913	1
4914	1
4915	0
4916	1
4917	0
4918	0
4919	0
4920	0
4921	0
4922	0
4923	0
4924	0
4925	0
4926	2
4927	0
4928	0
4929	0
4930	1
4931	0
4932	0
4933	0
4934	0
4935	0
4936	0
4937	0
4938	0
4939	1
4940	0
4941	0
4942	0
4943	0
4944	0
4945	0
4946	0
4947	0
4948	1
4949	0
4950	0
4951	0
4952	0
4953	0
4954	0
4955	0
4956	0
4957	0
4958	1
4959	0
4960	1
4961	0
4962	0
4963	0
4964	0
4965	0
4966	0
4967	0
4968	0
4969	0
4970	1
4971	0
4972	1
4973	0
4974	0
4975	0
4976	0
4977	1
4978	0
4979	1
4980	1
4981	0
4982	0
4983	0
4984	0
4985	0
4986	0
4987	0
4988	0
4989	0
4990	0
4991	1
4992	0
4993	0
4994	0
4995	0
4996	0
4997	0
4998	0
4999	0
5000	0
5001	1
5002	0
5003	1
5004	0
5005	0
5006	0
5007	0
5008	0
5009	0
5010	0
5011	0
5012	0
5013	1
5014	0
5015	1
5016	1
5017	0
5018	0
5019	0
5020	0
5021	0
5022	0
5023	0
5024	0
5025	1
5026	0
5027	0
5028	0
5029	1
5030	0
5031	0
5032	1
5033	0
5034	0
5035	0
5036	0
5037	0
5038	0
5039	0
5040	0
5041	0
5042	0
5043	0
5044	1
5045	0
5046	0
5047	0
5048	0
5049	0
5050	0
5051	0
5052	0
5053	0
5054	1
5055	0
5056	0
5057	0
5058	0
5059	0
5060	0
5061	0
5062	0
5063	0
5064	0
5065	0
5066	1
5067	0
5068	0
5069	0
5070	1
5071	0
5072	0
5073	1
5074	0
5075	0
5076	0
5077	0
5078	0
5079	0
5080	0
5081	0
5082	0
5083	0
5084	0
5085	0
5086	1
5087	0
5088	1
5089	0
5090	0
5091	0
5092	0
5093	0
5094	0
5095	0
5096	0
5097	1
5098	0
5099	0
5100	0
5101	0
5102	0
5103	0
5104	0
5105	0
5106	0
5107	1
5108	0
5109	0
5110	0
5111	0
5112	0
5113	0
5114	0
5115	0
5116	0
5117	0
5118	0
5119	1
5120	0
5121	0
5122	0
5123	0
5124	0
5125	0
5126	1
5127	0
5128	0
5129	1
5130	0
5131	0
5132	0
5133	0
5134	0
5135	1
5136	0
5137	0
5138	0
5139	1
5140	0
5141	0
5142	0
5143	0
5144	0
5145	1
5146	0
5147	0
5148	0
5149	1
5150	0
5151	0
5152	0
5153	0
5154	0
5155	0
5156	0
5157	0
5158	0
5159	0
5160	0
5161	0
5162	1
5163	0
5164	0
5165	0
5166	0
5167	2
5168	0
5169	0
5170	1
5171	0
5172	0
5173	0
5174	0
5175	0
5176	1
5177	0
5178	1
5179	0
5180	0
5181	0
5182	0
5183	1
5184	1
5185	1
5186	0
5187	0
5188	0
5189	0
5190	0
5191	0
5192	0
5193	1
5194	1
5195	0
5196	0
5197	0
5198	0
5199	0
5200	0
5201	0
5202	0
5203	1
5204	0
5205	0
5206	0
5207	0
5208	1
5209	0
5210	0
5211	0
5212	0
5213	1
5214	0
5215	0
5216	0
5217	0
5218	0
5219	0
5220	0
5221	0
5222	0
5223	0
5224	0
5225	1
5226	1
5227	0
5228	0
5229	0
5230	0
5231	0
5232	0
5233	0
5234	0
5235	0
5236	1
5237	0
5238	0
5239	0
5240	0
5241	0
5242	0
5243	0
5244	0
5245	1
5246	1
5247	0
5248	0
5249	0
5250	0
5251	0
5252	0
5253	0
5254	0
5255	0
5256	0
5257	1
5258	0
5259	0
5260	0
5261	0
5262	0
5263	1
5264	1
5265	0
5266	1
5267	0
5268	0
5269	1
5270	0
5271	0
5272	0
5273	0
5274	0
5275	0
5276	1
5277	0
5278	1
5279	0
5280	0
5281	0
5282	0
5283	0
5284	0
5285	0
5286	0
5287	0
5288	0
5289	0
5290	1
5291	0
5292	0
5293	0
5294	0
5295	0
5296	0
5297	0
5298	0
5299	0
5300	1
5301	0
5302	0
5303	0
5304	0
5305	0
5306	0
5307	0
5308	0
5309	0
5310	1
5311	0
5312	0
5313	0
5314	0
5315	0
5316	0
5317	0
5318	0
5319	0
5320	0
5321	0
5322	1
5323	0
5324	0
5325	0
5326	0
5327	0
5328	0
5329	0
5330	0
5331	1
5332	0
5333	0
5334	1
5335	0
5336	0
5337	0
5338	0
5339	0
5340	0
5341	0
5342	0
5343	1
5344	1
5345	0
5346	0
5347	0
5348	0
5349	0
5350	0
5351	0
5352	0
5353	0
5354	1
5355	0
5356	0
5357	0
5358	0
5359	0
5360	0
5361	0
5362	0
5363	0
5364	0
5365	0
5366	1
5367	0
5368	0
5369	0
5370	1
5371	0
5372	0
5373	0
5374	0
5375	1
5376	0
5377	0
5378	0
5379	0
5380	0
5381	0
5382	0
5383	0
5384	0
5385	0
5386	1
5387	0
5388	0
5389	0
5390	0
5391	0
5392	0
5393	0
5394	0
5395	0
5396	1
5397	0
5398	0
5399	0
5400	0
5401	0
5402	0
5403	0
5404	0
5405	0
5406	0
5407	1
5408	0
5409	0
5410	0
5411	0
5412	0
5413	0
5414	0
5415	0
5416	0
5417	1
5418	0
5419	0
5420	0
5421	0
5422	0
5423	0
5424	0
5425	1
5426	0
5427	0
5428	0
5429	1
5430	0
5431	0
5432	1
5433	0
5434	0
5435	0
5436	0
5437	0
5438	0
5439	0
5440	1
5441	0
5442	0
5443	1
5444	0
5445	0
5446	0
5447	0
5448	0
5449	0
5450	1
5451	0
5452	1
5453	0
5454	0
5455	0
5456	0
5457	0
5458	1
5459	0
5460	1
5461	0
5462	0
5463	0
5464	0
5465	0
5466	0
5467	0
5468	0
5469	0
5470	0
5471	0
5472	0
5473	1
5474	0
5475	0
5476	0
5477	0
5478	0
5479	0
5480	0
5481	1
5482	0
5483	0
5484	0
5485	0
5486	0
5487	0
5488	0
5489	0
5490	0
5491	0
5492	0
5493	1
5494	1
5495	0
5496	1
5497	0
5498	0
5499	0
5500	0
5501	0
5502	1
5503	0
5504	1
5505	0
5506	0
5507	0
5508	0
5509	0
5510	0
5511	0
5512	0
5513	0
5514	0
5515	0
5516	1
5517	1
5518	0
5519	0
5520	0
5521	0
5522	0
5523	0
5524	0
5525	0
5526	1
5527	0
5528	0
5529	0
5530	0
5531	0
5532	0
5533	0
5534	0
5535	0
5536	0
5537	0
5538	1
5539	0
5540	0
5541	0
5542	0
5543	0
5544	0
5545	0
5546	0
5547	1
5548	0
5549	0
5550	0
5551	0
5552	0
5553	0
5554	0
5555	0
5556	0
5557	0
5558	1
5559	0
5560	0
5561	0
5562	0
5563	0
5564	0
5565	1
5566	0
5567	0
5568	0
5569	0
5570	1
5571	0
5572	0
5573	0
5574	0
5575	0
5576	0
5577	0
5578	0
5579	0
5580	0
5581	1
5582	0
5583	0
5584	0
5585	0
5586	0
5587	0
5588	0
5589	0
5590	0
5591	2
5592	0
5593	0
5594	0
5595	1
5596	0
5597	0
5598	0
5599	0
5600	0
5601	0
5602	1
5603	0
5604	0
5605	0
5606	0
5607	0
5608	0
5609	1
5610	0
5611	0
5612	0
5613	0
5614	2
5615	0
5616	1
5617	0
5618	0
5619	0
5620	0
5621	0
5622	0
5623	0
5624	1
5625	0
5626	0
5627	0
5628	0
5629	0
5630	0
5631	0
5632	0
5633	0
5634	0
5635	1
5636	0
5637	0
5638	0
5639	0
5640	0
5641	0
5642	0
5643	1
5644	1
5645	0
5646	0
5647	0
5648	0
5649	0
5650	0
5651	0
5652	0
5653	0
5654	0
5655	0
5656	1
5657	0
5658	0
5659	0
5660	0
5661	0
5662	0
5663	0
5664	0
5665	0
5666	1
5667	0
5668	0
5669	0
5670	0
5671	0
5672	0
5673	0
5674	0
5675	0
5676	0
5677	0
5678	1
5679	0
5680	0
5681	0
5682	0
5683	0
5684	0
5685	0
5686	0
5687	0
5688	1
5689	0
5690	0
5691	0
5692	0
5693	0
5694	0
5695	0
5696	0
5697	0
5698	0
5699	0
5700	1
5701	0
5702	0
5703	0
5704	0
5705	0
5706	0
5707	0
5708	0
5709	0
5710	1
5711	0
5712	0
5713	0
5714	0
5715	0
5716	0
5717	0
5718	0
5719	0
5720	0
5721	1
5722	1
5723	0
5724	0
5725	0
5726	0
5727	0
5728	0
5729	0
5730	2
5731	0
5732	0
5733	0
5734	0
5735	0
5736	0
5737	0
5738	0
5739	0
5740	0
5741	0
5742	0
5743	1
5744	0
5745	0
5746	0
5747	0
5748	0
5749	0
5750	0
5751	0
5752	0
5753	1
5754	0
5755	0
5756	0
5757	0
5758	0
5759	0
5760	0
5761	0
5762	0
5763	0
5764	1
5765	0
5766	0
5767	0
5768	0
5769	0
5770	0
5771	0
5772	0
5773	0
5774	1
5775	0
5776	0
5777	0
5778	0
5779	0
5780	0
5781	0
5782	0
5783	0
5784	0
5785	0
5786	0
5787	0
5788	1
5789	0
5790	0
5791	0
5792	0
5793	0
5794	0
5795	0
5796	0
5797	0
5798	1
5799	0
5800	0
5801	0
5802	0
5803	0
5804	0
5805	0
5806	0
5807	0
5808	0
5809	0
5810	1
5811	0
5812	0
5813	0
5814	0
5815	0
5816	0
5817	0
5818	0
5819	0
5820	1
5821	1
5822	0
5823	0
5824	0
5825	0
5826	0
5827	0
5828	0
5829	1
5830	0
5831	1
5832	0
5833	1
5834	0
5835	0
5836	0
5837	0
5838	0
5839	0
5840	0
5841	0
5842	0
5843	1
5844	0
5845	0
5846	0
5847	0
5848	0
5849	0
5850	0
5851	0
5852	0
5853	1
5854	0
5855	0
5856	0
5857	0
5858	0
5859	0
5860	0
5861	0
5862	1
5863	0
5864	0
5865	0
5866	0
5867	0
5868	0
5869	0
5870	0
5871	0
5872	1
5873	0
5874	0
5875	0
5876	0
5877	0
5878	0
5879	0
5880	0
5881	0
5882	0
5883	0
5884	1
5885	1
5886	0
5887	0
5888	0
5889	0
5890	0
5891	0
5892	0
5893	0
5894	0
5895	0
5896	0
5897	1
5898	0
5899	0
5900	0
5901	0
5902	0
5903	0
5904	0
5905	0
5906	0
5907	0
5908	0
5909	0
5910	1
5911	0
5912	0
5913	0
5914	0
5915	0
5916	0
5917	0
5918	1
5919	0
5920	0
5921	1
5922	0
5923	0
5924	0
5925	0
5926	0
5927	0
5928	0
5929	0
5930	1
5931	0
5932	0
5933	0
5934	0
5935	0
5936	0
5937	0
5938	0
5939	0
5940	1
5941	0
5942	0
5943	0
5944	0
5945	0
5946	0
5947	0
5948	0
5949	0
5950	1
5951	0
5952	0
5953	0
5954	0
5955	0
5956	0
5957	0
5958	0
5959	0
5960	0
5961	0
5962	1
5963	1
5964	0
5965	0
5966	0
5967	0
5968	0
5969	0
5970	0
5971	0
5972	0
5973	0
5974	1
5975	0
5976	0
5977	0
5978	0
5979	0
5980	0
5981	1
5982	0
5983	0
5984	1
5985	0
5986	0
5987	0
5988	0
5989	0
5990	0
5991	0
5992	0
5993	0
5994	0
5995	1
5996	0
5997	0
5998	0
5999	0
6000	0
6001	0
6002	0
6003	0
6004	0
6005	0
6006	1
6007	0
6008	0
6009	1
6010	0
6011	0
6012	0
6013	1
6014	0
6015	0
6016	0
6017	1
6018	0
6019	1
6020	0
6021	0
6022	0
6023	0
6024	0
6025	0
6026	0
6027	0
6028	1
6029	0
6030	0
6031	0
6032	0
6033	0
6034	1
6035	0
6036	0
6037	0
6038	0
6039	1
6040	0
6041	0
6042	0
6043	0
6044	0
6045	0
6046	0
6047	0
6048	0
6049	0
6050	1
6051	0
6052	0
6053	0
6054	0
6055	0
6056	1
6057	1
6058	0
6059	0
6060	1
6061	0
6062	0
6063	0
6064	0
6065	0
6066	0
6067	0
6068	0
6069	0
6070	0
6071	0
6072	1
6073	0
6074	0
6075	0
6076	0
6077	0
6078	0
6079	0
6080	0
6081	0
6082	1
6083	0
6084	0
6085	0
6086	0
6087	0
6088	0
6089	0
6090	0
6091	0
6092	0
6093	1
6094	0
6095	0
6096	0
6097	3
6098	0
6099	1
6100	0
6101	0
6102	1
6103	3
6104	2
6105	1
6106	0
6107	0
6108	0
6109	3
6110	2
6111	1
6112	3
6113	1
6114	2
6115	2
6116	2
6117	5
6118	0
6119	0
6120	0
6121	0
6122	0
6123	0
6124	1
6125	1
6126	0
6127	1
6128	2
6129	0
6130	0
6131	1
6132	0
6133	1
6134	0
6135	0
6136	0
6137	0
6138	0
6139	1
6140	4
6141	14
6142	15
6143	14
6144	8
6145	2
6146	3
6147	4
6148	11
6149	10
6150	20
6151	27
6152	41
6153	44
6154	65
6155	98
6156	135
6157	192
6158	119
6159	59
6160	8
6161	3
6162	0
6163	0
6164	0
6165	0
6166	0
6167	0
6168	0
6169	0
6170	0
6171	0
6172	0
6173	0
6174	0
6175	0
6176	0
6177	0
6178	0
6179	0
6180	0
6181	0
6182	0
6183	0
6184	0
6185	0
6186	0
6187	0
6188	0
6189	0
6190	0
6191	0
6192	0
6193	0
6194	0
6195	0
6196	0
6197	0
6198	0
6199	0
6200	0
6201	0
6202	0
6203	0
6204	0
6205	0
6206	0
6207	0
6208	0
6209	0
6210	0
6211	0
6212	0
6213	0
6214	0
6215	0
6216	0
6217	0
6218	0
6219	0
6220	0
6221	0
6222	0
6223	0
6224	0
6225	0
6226	0
6227	0
6228	0
6229	0
6230	0
6231	0
6232	0
6233	0
6234	0
6235	0
6236	0
6237	0
6238	0
6239	0
6240	0
6241	0
6242	0
6243	0
6244	0
6245	0
6246	0
6247	0
6248	0
6249	0
6250	0
6251	0
6252	0
6253	0
6254	0
6255	0
6256	0
6257	0
6258	0
6259	0
6260	0
6261	0
6262	0
6263	0
6264	0
6265	0
6266	0
6267	0
6268	0
6269	0
6270	0
6271	0
6272	0
6273	0
6274	0
6275	0
6276	0
6277	0
6278	0
6279	0
6280	0
6281	0
6282	0
6283	0
6284	0
6285	0
6286	0
6287	0
6288	0
6289	0
6290	0
6291	0
6292	0
6293	0
6294	0
6295	0
6296	0
6297	0
6298	0
6299	0
6300	0
6301	0
6302	0
6303	0
6304	0
6305	0
6306	0
6307	0
6308	0
6309	0
6310	0
6311	0
6312	0
6313	0
6314	0
6315	0
6316	0
6317	0
6318	0
6319	0
6320	0
6321	0
6322	0
6323	0
6324	0
6325	0
6326	0
6327	0
6328	0
6329	0
6330	0
6331	0
6332	0
6333	0
6334	0
6335	0
6336	0
6337	0
6338	0
6339	0
6340	0
6341	0
6342	0
6343	0
6344	0
6345	0
6346	0
6347	0
6348	0
6349	0
6350	0
6351	0
6352	0
6353	0
6354	0
6355	0
6356	0
6357	0
6358	0
6359	0
6360	0
6361	0
6362	0
6363	0
6364	0
6365	0
6366	0
6367	0
6368	0
6369	0
6370	0
6371	0
6372	0
6373	0
6374	0
6375	0
6376	0
6377	0
6378	0
6379	0
6380	0
6381	0
6382	0
6383	0
6384	0
6385	0
6386	0
6387	0
6388	0
6389	0
6390	0
6391	0
6392	0
6393	0
6394	0
6395	0
6396	0
6397	0
6398	0
6399	0
6400	0
6401	0
6402	0
6403	0
6404	0
6405	0
6406	0
6407	0
6408	0
6409	0
6410	0
6411	0
6412	0
6413	0
6414	0
6415	0
6416	0
6417	0
6418	0
6419	0
6420	0
6421	0
6422	0
6423	0
6424	0
6425	0
6426	0
6427	0
6428	0
6429	0
6430	0
6431	0
6432	0
6433	0
6434	0
6435	0
6436	0
6437	0
6438	0
6439	0
6440	0
6441	0
6442	0
6443	0
6444	0
6445	0
6446	0
6447	0
6448	0
6449	0
6450	0
6451	0
6452	0
6453	0
6454	0
6455	0
6456	0
6457	0
6458	0
6459	0
6460	0
6461	0
6462	0
6463	0
6464	0
6465	0
6466	0
6467	0
6468	0
6469	0
6470	0
6471	0
6472	0
6473	0
6474	0
6475	0
6476	0
6477	0
6478	0
6479	0
6480	0
6481	0
6482	0
6483	0
6484	0
6485	0
6486	0
6487	0
6488	0
6489	0
6490	0
6491	0
6492	0
6493	0
6494	0
6495	0
6496	0
6497	0
6498	0
6499	0
6500	0
6501	0
6502	0
6503	0
6504	0
6505	0
6506	0
6507	0
6508	0
6509	0
6510	0
6511	0
6512	0
6513	0
6514	0
6515	0
6516	0
6517	0
6518	0
6519	0
6520	0
6521	0
6522	0
6523	0
6524	0
6525	0
6526	0
6527	0
6528	0
6529	0
6530	0
6531	0
6532	0
6533	0
6534	0
6535	0
6536	0
6537	0
6538	0
6539	0
6540	0
6541	0
6542	0
6543	0
6544	0
6545	0
6546	0
6547	0
6548	0
6549	0
6550	0
6551	0
6552	0
6553	0
6554	0
6555	0
6556	0
6557	0
6558	0
6559	0
6560	0
6561	0
6562	0
6563	0
6564	0
6565	0
6566	0
6567	0
6568	0
6569	0
6570	0
6571	0
6572	0
6573	0
6574	0
6575	0
6576	0
6577	0
6578	0
6579	0
6580	0
6581	0
6582	0
6583	0
6584	0
6585	0
6586	0
6587	0
6588	0
6589	0
6590	0
6591	0
6592	0
6593	0
6594	0
6595	0
6596	0
6597	0
6598	0
6599	0
6600	0
6601	0
6602	0
6603	0
6604	0
6605	0
6606	0
6607	0
6608	0
6609	0
6610	0
6611	0
6612	0
6613	0
6614	0
6615	0
6616	0
6617	0
6618	0
6619	0
6620	0
6621	0
6622	0
6623	0
6624	0
6625	0
6626	0
6627	0
6628	0
6629	0
6630	0
6631	0
6632	0
6633	0
6634	0
6635	0
6636	0
6637	0
6638	0
6639	0
6640	0
6641	0
6642	0
6643	0
6644	0
6645	0
6646	0
6647	0
6648	0
6649	0
6650	0
6651	0
6652	0
6653	0
6654	0
6655	0
6656	0
6657	0
6658	0
6659	0
6660	0
6661	0
6662	0
6663	0
6664	0
6665	0
6666	0
6667	0
6668	0
6669	0
6670	0
6671	0
6672	0
6673	0
6674	0
6675	0
6676	0
6677	0
6678	0
6679	0
6680	0
6681	0
6682	0
6683	0
6684	0
6685	0
6686	0
6687	0
6688	0
6689	0
6690	0
6691	0
6692	0
6693	0
6694	0
6695	0
6696	0
6697	0
6698	0
6699	0
6700	0
6701	0
6702	0
6703	0
6704	0
6705	0
6706	0
6707	0
6708	0
6709	0
6710	0
6711	0
6712	0
6713	0
6714	0
6715	0
6716	0
6717	0
6718	0
6719	0
6720	0
6721	0
6722	0
6723	0
6724	0
6725	0
6726	0
6727	0
6728	0
6729	0
6730	0
6731	0
6732	0
6733	0
6734	0
6735	0
6736	0
6737	0
6738	0
6739	0
6740	0
6741	0
6742	0
6743	0
6744	0
6745	0
6746	0
6747	0
6748	0
6749	0
6750	0
6751	0
6752	0
6753	0
6754	0
6755	0
6756	0
6757	0
6758	0
6759	0
6760	0
6761	0
6762	0
6763	0
6764	0
6765	0
6766	0
6767	0
6768	0
6769	0
6770	0
6771	0
6772	0
6773	0
6774	0
6775	0
6776	0
6777	0
6778	0
6779	0
6780	0
6781	0
6782	0
6783	0
6784	0
6785	0
6786	0
6787	0
6788	0
6789	0
6790	0
6791	0
6792	0
6793	0
6794	0
6795	0
6796	0
6797	0
6798	0
6799	0
6800	0
6801	0
6802	0
6803	0
6804	0
6805	0
6806	0
6807	0
6808	0
6809	0
6810	0
6811	0
6812	0
6813	0
6814	0
6815	0
6816	0
6817	0
6818	0
6819	0
6820	0
6821	0
6822	0
6823	0
6824	0
6825	0
6826	0
6827	0
6828	0
6829	0
6830	0
6831	0
6832	0
6833	0
6834	0
6835	0
6836	0
6837	0
6838	0
6839	0
6840	0
6841	0
6842	0
6843	0
6844	0
6845	0
6846	0
6847	0
6848	0
6849	0
6850	0
6851	0
6852	0
6853	0
6854	0
6855	0
6856	0
6857	0
6858	0
6859	0
6860	0
6861	0
6862	0
6863	0
6864	0
6865	0
6866	0
6867	0
6868	0
6869	0
6870	0
6871	0
6872	0
6873	0
6874	0
6875	0
6876	0
6877	0
6878	0
6879	0
6880	0
6881	0
6882	0
6883	0
6884	0
6885	0
6886	0
6887	0
6888	0
6889	0
6890	0
6891	0
6892	0
6893	0
6894	0
6895	0
6896	0
6897	0
6898	0
6899	0
6900	0
6901	0
6902	0
6903	0
6904	0
6905	0
6906	0
6907	0
6908	0
6909	0
6910	0
6911	0
6912	0
6913	0
6914	0
6915	0
6916	0
6917	0
6918	0
6919	0
6920	0
6921	0
6922	0
6923	0
6924	0
6925	0
6926	0
6927	0
6928	0
6929	0
6930	0
6931	0
6932	0
6933	0
6934	0
6935	0
6936	0
6937	0
6938	0
6939	0
6940	0
6941	0
6942	0
6943	0
6944	0
6945	0
6946	0
6947	0
6948	0
6949	0
6950	0
6951	0
6952	0
6953	0
6954	0
6955	0
6956	0
6957	0
6958	0
6959	0
6960	0
6961	0
6962	0
6963	0
6964	0
6965	0
6966	0
6967	0
6968	0
6969	0
6970	0
6971	0
6972	0
6973	0
6974	0
6975	0
6976	0
6977	0
6978	0
6979	0
6980	0
6981	0
6982	0
6983	0
6984	0
6985	0
6986	0
6987	0
6988	0
6989	0
6990	0
6991	0
6992	0
6993	0
6994	0
6995	0
6996	0
6997	0
6998	0
6999	0
7000	0
7001	0
7002	0
7003	0
7004	0
7005	0
7006	0
7007	0
7008	0
7009	0
7010	0
7011	0
7012	0
7013	0
7014	0
7015	0
7016	0
7017	0
7018	0
7019	0
7020	0
7021	0
7022	0
7023	0
7024	0
7025	0
7026	0
7027	0
7028	0
7029	0
7030	0
7031	0
7032	0
7033	0
7034	0
7035	0
7036	0
7037	0
7038	0
7039	0
7040	0
7041	0
7042	0
7043	0
7044	0
7045	0
7046	0
7047	0
7048	0
7049	0
7050	0
7051	0
7052	0
7053	0
7054	0
7055	0
7056	0
7057	0
7058	0
7059	0
7060	0
7061	0
7062	0
7063	0
7064	0
7065	0
7066	0
7067	0
7068	0
7069	0
7070	0
7071	0
7072	0
7073	0
7074	0
7075	0
7076	0
7077	0
7078	0
7079	0
7080	0
7081	0
7082	0
7083	0
7084	0
7085	0
7086	0
7087	0
7088	0
7089	0
7090	0
7091	0
7092	0
7093	0
7094	0
7095	0
7096	0
7097	0
7098	0
7099	0
7100	0
7101	0
7102	0
7103	0
7104	0
7105	0
7106	0
7107	0
7108	0
7109	0
7110	0
7111	0
7112	0
7113	0
7114	0
7115	0
7116	0
7117	0
7118	0
7119	0
7120	0
7121	0
7122	0
7123	0
7124	0
7125	0
7126	0
7127	0
7128	0
7129	0
7130	0
7131	0
7132	0
7133	0
7134	0
7135	0
7136	0
7137	0
7138	0
7139	0
7140	0
7141	0
7142	0
7143	0
7144	0
7145	0
7146	0
7147	0
7148	0
7149	0
7150	0
7151	0
7152	0
7153	0
7154	0
7155	0
7156	0
7157	0
7158	0
7159	0
7160	0
7161	0
7162	0
7163	0
7164	0
7165	0
7166	0
7167	0
7168	0
7169	0
7170	0
7171	0
7172	0
7173	0
7174	0
7175	0
7176	0
7177	0
7178	0
7179	0
7180	0
7181	0
7182	0
7183	0
7184	0
7185	0
7186	0
7187	0
7188	0
7189	0
7190	0
7191	0
7192	0
7193	0
7194	0
7195	0
7196	0
7197	0
7198	0
7199	0
7200	0
7201	0
7202	0
7203	0
7204	0
7205	0
7206	0
7207	0
7208	0
7209	0
7210	0
7211	0
7212	0
7213	0
7214	0
7215	0
7216	0
7217	0
7218	0
7219	0
7220	0
7221	0
7222	0
7223	0
7224	0
7225	0
7226	0
7227	0
7228	0
7229	0
7230	0
7231	0
7232	0
7233	0
7234	0
7235	0
7236	0
7237	0
7238	0
7239	0
7240	0
7241	0
7242	0
7243	0
7244	0
7245	0
7246	0
7247	0
7248	0
7249	0
7250	0
7251	0
7252	0
7253	0
7254	0
7255	0
7256	0
7257	0
7258	0
7259	0
7260	0
7261	0
7262	0
7263	0
7264	0
7265	0
7266	0
7267	0
7268	0
7269	0
7270	0
7271	0
7272	0
7273	0
7274	0
7275	0
7276	0
7277	0
7278	0
7279	0
7280	0
7281	0
7282	0
7283	0
7284	0
7285	0
7286	0
7287	0
7288	0
7289	0
7290	0
7291	0
7292	0
7293	0
7294	0
7295	0
7296	0
7297	0
7298	0
7299	0
7300	0
7301	0
7302	0
7303	0
7304	0
7305	0
7306	0
7307	0
7308	0
7309	0
7310	0
7311	0
7312	0
7313	0
7314	0
7315	0
7316	0
7317	0
7318	0
7319	0
7320	0
7321	0
7322	0
7323	0
7324	0
7325	0
7326	0
7327	0
7328	0
7329	0
7330	0
7331	0
7332	0
7333	0
7334	0
7335	0
7336	0
7337	0
7338	0
7339	0
7340	0
7341	0
7342	0
7343	0
7344	0
7345	0
7346	0
7347	0
7348	0
7349	0
7350	0
7351	0
7352	0
7353	0
7354	0
7355	0
7356	0
7357	0
7358	0
7359	0
7360	0
7361	0
7362	0
7363	0
7364	0
7365	0
7366	0
7367	0
7368	0
7369	0
7370	0
7371	0
7372	0
7373	0
7374	0
7375	0
7376	0
7377	0
7378	0
7379	0
7380	0
7381	0
7382	0
7383	0
7384	0
7385	0
7386	0
7387	0
7388	0
7389	0
7390	0
7391	0
7392	0
7393	0
7394	0
7395	0
7396	0
7397	0
7398	0
7399	0
7400	0
7401	0
7402	0
7403	0
7404	0
7405	0
7406	0
7407	0
7408	0
7409	0
7410	0
7411	0
7412	0
7413	0
7414	0
7415	0
7416	0
7417	0
7418	0
7419	0
7420	0
7421	0
7422	0
7423	0
7424	0
7425	0
7426	0
7427	0
7428	0
7429	0
7430	0
7431	0
7432	0
7433	0
7434	0
7435	0
7436	0
7437	0
7438	0
7439	0
7440	0
7441	0
7442	0
7443	0
7444	0
7445	0
7446	0
7447	0
7448	0
7449	0
7450	0
7451	0
7452	0
7453	0
7454	0
7455	0
7456	0
7457	0
7458	0
7459	0
7460	0
7461	0
7462	0
7463	0
7464	0
7465	0
7466	0
7467	0
7468	0
7469	0
7470	0
7471	0
7472	0
7473	0
7474	0
7475	0
7476	0
7477	0
7478	0
7479	0
7480	0
7481	0
7482	0
7483	0
7484	0
7485	0
7486	0
7487	0
7488	0
7489	0
7490	0
7491	0
7492	0
7493	0
7494	0
7495	0
7496	0
7497	0
7498	0
7499	0
7500	0
7501	0
7502	0
7503	0
7504	0
7505	0
7506	0
7507	0
7508	0
7509	0
7510	0
7511	0
7512	0
7513	0
7514	0
7515	0
7516	0
7517	0
7518	0
7519	0
7520	0
7521	0
7522	0
7523	0
7524	0
7525	0
7526	0
7527	0
7528	0
7529	0
7530	0
7531	0
7532	0
7533	0
7534	0
7535	0
7536	0
7537	0
7538	0
7539	0
7540	0
7541	0
7542	0
7543	0
7544	0
7545	0
7546	0
7547	0
7548	0
7549	0
7550	0
7551	0
7552	0
7553	0
7554	0
7555	0
7556	0
7557	0
7558	0
7559	0
7560	0
7561	0
7562	0
7563	0
7564	0
7565	0
7566	0
7567	0
7568	0
7569	0
7570	0
7571	0
7572	0
7573	0
7574	0
7575	0
7576	0
7577	0
7578	0
7579	0
7580	0
7581	0
7582	0
7583	0
7584	0
7585	0
7586	0
7587	0
7588	0
7589	0
7590	0
7591	0
7592	0
7593	0
7594	0
7595	0
7596	0
7597	0
7598	0
7599	0
7600	0
7601	0
7602	0
7603	0
7604	0
7605	0
7606	0
7607	0
7608	0
7609	0
7610	0
7611	0
7612	0
7613	0
7614	0
7615	0
7616	0
7617	0
7618	0
7619	0
7620	0
7621	0
7622	0
7623	0
7624	0
7625	0
7626	0
7627	0
7628	0
7629	0
7630	0
7631	0
7632	0
7633	0
7634	0
7635	0
7636	0
7637	0
7638	0
7639	0
7640	0
7641	0
7642	0
7643	0
7644	0
7645	0
7646	0
7647	0
7648	0
7649	0
7650	0
7651	0
7652	0
7653	0
7654	0
7655	0
7656	0
7657	0
7658	0
7659	0
7660	0
7661	0
7662	0
7663	0
7664	0
7665	0
7666	0
7667	0
7668	0
7669	0
7670	0
7671	0
7672	0
7673	0
7674	0
7675	0
7676	0
7677	0
7678	0
7679	0
7680	0
7681	0
7682	0
7683	0
7684	0
7685	0
7686	0
7687	0
7688	0
7689	0
7690	0
7691	0
7692	0
7693	0
7694	0
7695	0
7696	0
7697	0
7698	0
7699	0
7700	0
7701	0
7702	0
7703	0
7704	0
7705	0
7706	0
7707	0
7708	0
7709	0
7710	0
7711	0
7712	0
7713	0
7714	0
7715	0
7716	0
7717	0
7718	0
7719	0
7720	0
7721	0
7722	0
7723	0
7724	0
7725	0
7726	0
7727	0
7728	0
7729	0
7730	0
7731	0
7732	0
7733	0
7734	0
7735	0
7736	0
7737	0
7738	0
7739	0
7740	0
7741	0
7742	0
7743	0
7744	0
7745	0
7746	0
7747	0
7748	0
7749	0
7750	0
7751	0
7752	0
7753	0
7754	0
7755	0
7756	0
7757	0
7758	0
7759	0
7760	0
7761	0
7762	0
7763	0
7764	0
7765	0
7766	0
7767	0
7768	0
7769	0
7770	0
7771	0
7772	0
7773	0
7774	0
7775	0
7776	0
7777	0
7778	0
7779	0
7780	0
7781	0
7782	0
7783	0
7784	0
7785	0
7786	0
7787	0
7788	0
7789	0
7790	0
7791	0
7792	0
7793	0
7794	0
7795	0
7796	0
7797	0
7798	0
7799	0
7800	0
7801	0
7802	0
7803	0
7804	0
7805	0
7806	0
7807	0
7808	0
7809	0
7810	0
7811	0
7812	0
7813	0
7814	0
7815	0
7816	0
7817	0
7818	0
7819	0
7820	0
7821	0
7822	0
7823	0
7824	0
7825	0
7826	0
7827	0
7828	0
7829	0
7830	0
7831	0
7832	0
7833	0
7834	0
7835	0
7836	0
7837	0
7838	0
7839	0
7840	0
7841	0
7842	0
7843	0
7844	0
7845	0
7846	0
7847	0
7848	0
7849	0
7850	0
7851	0
7852	0
7853	0
7854	0
7855	0
7856	0
7857	0
7858	0
7859	0
7860	0
7861	0
7862	0
7863	0
7864	0
7865	0
7866	0
7867	0
7868	0
7869	0
7870	0
7871	0
7872	0
7873	0
7874	0
7875	0
7876	0
7877	0
7878	0
7879	0
7880	0
7881	0
7882	0
7883	0
7884	0
7885	0
7886	0
7887	0
7888	0
7889	0
7890	0
7891	0
7892	0
7893	0
7894	0
7895	0
7896	0
7897	0
7898	0
7899	0
7900	0
7901	0
7902	0
7903	0
7904	0
7905	0
7906	0
7907	0
7908	0
7909	0
7910	0
7911	0
7912	0
7913	0
7914	0
7915	0
7916	0
7917	0
7918	0
7919	0
7920	0
7921	0
7922	0
7923	0
7924	0
7925	0
7926	0
7927	0
7928	0
7929	0
7930	0
7931	0
7932	0
7933	0
7934	0
7935	0
7936	0
7937	0
7938	0
7939	0
7940	0
7941	0
7942	0
7943	0
7944	0
7945	0
7946	0
7947	0
7948	0
7949	0
7950	0
7951	0
7952	0
7953	0
7954	0
7955	0
7956	0
7957	0
7958	0
7959	0
7960	0
7961	0
7962	0
7963	0
7964	0
7965	0
7966	0
7967	0
7968	0
7969	0
7970	0
7971	0
7972	0
7973	0
7974	0
7975	0
7976	0
7977	0
7978	0
7979	0
7980	0
7981	0
7982	0
7983	0
7984	0
7985	0
7986	0
7987	0
7988	0
7989	0
7990	0
7991	0
7992	0
7993	0
7994	0
7995	0
7996	0
7997	0
7998	0
7999	0
8000	0
8001	0
8002	0
8003	0
8004	0
8005	0
8006	0
8007	0
8008	0
8009	0
8010	0
8011	0
8012	0
8013	0
8014	0
8015	0
8016	0
8017	0
8018	0
8019	0
8020	0
8021	0
8022	0
8023	0
8024	0
8025	0
8026	0
8027	0
8028	0
8029	0
8030	0
8031	0
8032	0
8033	0
8034	0
8035	0
8036	0
8037	0
8038	0
8039	0
8040	0
8041	0
8042	0
8043	0
8044	0
8045	0
8046	0
8047	0
8048	0
8049	0
8050	0
8051	0
8052	0
8053	0
8054	0
8055	0
8056	0
8057	0
8058	0
8059	0
8060	0
8061	0
8062	0
8063	0
8064	0
8065	0
8066	0
8067	0
8068	0
8069	0
8070	0
8071	0
8072	0
8073	0
8074	0
8075	0
8076	0
8077	0
8078	0
8079	0
8080	0
8081	0
8082	0
8083	0
8084	0
8085	0
8086	0
8087	0
8088	0
8089	0
8090	0
8091	0
8092	0
8093	0
8094	0
8095	0
8096	0
8097	0
8098	0
8099	0
8100	0
8101	0
8102	0
8103	0
8104	0
8105	0
8106	0
8107	0
8108	0
8109	0
8110	0
8111	0
8112	0
8113	0
8114	0
8115	0
8116	0
8117	0
8118	0
8119	0
8120	0
8121	0
8122	0
8123	0
8124	0
8125	0
8126	0
8127	0
8128	0
8129	0
8130	0
8131	0
8132	0
8133	0
8134	0
8135	0
8136	0
8137	0
8138	0
8139	0
8140	0
8141	0
8142	0
8143	0
8144	0
8145	0
8146	0
8147	0
8148	0
8149	0
8150	0
8151	0
8152	0
8153	0
8154	0
8155	0
8156	0
8157	0
8158	0
8159	0
8160	0
8161	0
8162	0
8163	0
8164	0
8165	0
8166	0
8167	0
8168	0
8169	0
8170	0
8171	0
8172	0
8173	0
8174	0
8175	0
8176	0
8177	0
8178	0
8179	0
8180	0
8181	0
8182	0
8183	0
8184	0
8185	0
8186	0
8187	0
8188	0
8189	0
8190	0
8191	0
